{
  "artifacts": {},
  "engine": "python_baseline",
  "engine_version": "0.1.0",
  "metadata": {
    "buffer_pH": 6.5,
    "done_by": [
      "EKC"
    ],
    "experiment_id": "ekc.01.0xx",
    "fmod_run_id": 420,
    "initial_kdeg": 0.001805285054109061,
    "initial_kdeg_source": "arrhenius:nmr:deg:dms:Schwalbe_bistris",
    "initial_log_kdeg": -6.3170367749519265,
    "notes": "Baseline python engine demo using examples/nerd.sqlite",
    "rg_id": 40,
    "rg_label": "45_2_A8C",
    "rounds_requested": [
      "round1_free",
      "round2_global",
      "round3_constrained"
    ],
    "rt_protocol": [
      "MRT"
    ],
    "selected_site_bases": [
      "10_U",
      "11_U",
      "12_U",
      "13_U",
      "14_G",
      "15_A",
      "16_A",
      "17_U",
      "18_A",
      "19_G",
      "1_A",
      "20_U",
      "21_G",
      "22_A",
      "23_U",
      "24_U",
      "25_C",
      "26_A",
      "27_G",
      "28_G",
      "29_A",
      "2_G",
      "30_G",
      "31_G",
      "32_U",
      "33_U",
      "34_A",
      "35_A",
      "36_U",
      "3_G",
      "4_U",
      "5_U",
      "61_G",
      "62_G",
      "6_G",
      "7_A",
      "8_C",
      "9_C"
    ],
    "temperature_c": 45.0,
    "valtypes": [
      "modrate",
      "GAmodrate"
    ]
  },
  "rounds": [
    {
      "global_params": {},
      "notes": null,
      "per_nt": [
        {
          "diagnostics": {
            "reason": "Non-zero fmod values are required for a fit.",
            "status": "failed"
          },
          "nt_id": 470,
          "params": {},
          "valtype": "modrate"
        },
        {
          "diagnostics": {
            "reason": "Non-zero fmod values are required for a fit.",
            "status": "failed"
          },
          "nt_id": 471,
          "params": {},
          "valtype": "modrate"
        },
        {
          "diagnostics": {
            "reason": "Non-zero fmod values are required for a fit.",
            "status": "failed"
          },
          "nt_id": 472,
          "params": {},
          "valtype": "modrate"
        },
        {
          "diagnostics": {
            "reason": "Non-zero fmod values are required for a fit.",
            "status": "failed"
          },
          "nt_id": 473,
          "params": {},
          "valtype": "modrate"
        },
        {
          "diagnostics": {
            "chisq": 2.212146478434263e-08,
            "covariance": {
              "matrix": [
                [
                  0.11964247956342217,
                  0.15247737967409916,
                  -0.11675242163559041
                ],
                [
                  0.15247737967409916,
                  0.3195129130987022,
                  -0.16562711089899773
                ],
                [
                  -0.11675242163559041,
                  -0.16562711089899773,
                  0.11833224613882155
                ]
              ],
              "params": [
                "log_kappa",
                "log_kdeg",
                "log_fmod_0"
              ]
            },
            "ndata": 6,
            "nfree": 3,
            "r2": 0.8768068535980414,
            "reduced_chisq": 7.373821594780876e-09,
            "status": "completed",
            "success": true,
            "time_max": 2400.0,
            "time_min": 120.0
          },
          "nt_id": 474,
          "params": {
            "fmod0": 0.0007583308173721688,
            "kdeg": 0.00397872203774897,
            "kobs": 0.0007218728990143026,
            "log_fmod0": -7.184390833003823,
            "log_fmod0_err": 0.3439945437631556,
            "log_kdeg": -5.526794607291135,
            "log_kdeg_err": 0.5652547329290594,
            "log_kobs": -7.2336614747147285,
            "log_kobs_err": 0.34589374027788095,
            "metadata": {
              "base": "U",
              "fmod_run_ids": [
                415,
                416,
                417,
                418,
                419,
                420
              ],
              "site": 5,
              "valtype": "modrate"
            }
          },
          "valtype": "modrate"
        },
        {
          "diagnostics": {
            "chisq": 1.7839412502622322e-07,
            "covariance": {
              "matrix": [
                [
                  0.13566278254058095,
                  -0.01281160204321153,
                  -0.05935908204198006
                ],
                [
                  -0.01281160204321153,
                  1.389382261173753,
                  -0.23716475011168242
                ],
                [
                  -0.05935908204198006,
                  -0.23716475011168242,
                  0.07428094436705471
                ]
              ],
              "params": [
                "log_kappa",
                "log_kdeg",
                "log_fmod_0"
              ]
            },
            "ndata": 6,
            "nfree": 3,
            "r2": 0.7111154968382407,
            "reduced_chisq": 5.9464708342074404e-08,
            "status": "completed",
            "success": true,
            "time_max": 2400.0,
            "time_min": 120.0
          },
          "nt_id": 475,
          "params": {
            "fmod0": 0.0013014062255536953,
            "kdeg": 0.0013378227498519308,
            "kobs": 0.0009292992206041299,
            "log_fmod0": -6.64430988717909,
            "log_fmod0_err": 0.27254530699877166,
            "log_kdeg": -6.616711800003769,
            "log_kdeg_err": 1.1787206035247508,
            "log_kobs": -6.981079782092681,
            "log_kobs_err": 0.3683242899139031,
            "metadata": {
              "base": "G",
              "fmod_run_ids": [
                415,
                416,
                417,
                418,
                419,
                420
              ],
              "site": 6,
              "valtype": "modrate"
            }
          },
          "valtype": "modrate"
        },
        {
          "diagnostics": {
            "chisq": 5.798564910161787e-07,
            "covariance": {
              "matrix": [
                [
                  0.0012133610812763136,
                  0.0014877556606114001,
                  -0.02495987315567428
                ],
                [
                  0.0014877556606114001,
                  0.0053314701037645235,
                  -0.044007218851732546
                ],
                [
                  -0.02495987315567428,
                  -0.044007218851732546,
                  0.5885883023157551
                ]
              ],
              "params": [
                "log_kappa",
                "log_kdeg",
                "log_fmod_0"
              ]
            },
            "ndata": 6,
            "nfree": 3,
            "r2": 0.9976850334655457,
            "reduced_chisq": 1.932854970053929e-07,
            "status": "completed",
            "success": true,
            "time_max": 2400.0,
            "time_min": 120.0
          },
          "nt_id": 476,
          "params": {
            "fmod0": 0.0011603456551699586,
            "kdeg": 0.0024795475422705244,
            "kobs": 0.02447609007814796,
            "log_fmod0": -6.759037339655876,
            "log_fmod0_err": 0.7671950875206092,
            "log_kdeg": -5.999679178082781,
            "log_kdeg_err": 0.07301691655886684,
            "log_kobs": -3.710058553124358,
            "log_kobs_err": 0.03483333290508265,
            "metadata": {
              "base": "A",
              "fmod_run_ids": [
                415,
                416,
                417,
                418,
                419,
                420
              ],
              "site": 7,
              "valtype": "modrate"
            }
          },
          "valtype": "modrate"
        },
        {
          "diagnostics": {
            "chisq": 3.985265036571926e-05,
            "covariance": {
              "matrix": [
                [
                  0.3222367567260277,
                  0.3688402235877116,
                  -0.4911921162261383
                ],
                [
                  0.3688402235877116,
                  0.5371820643350603,
                  -0.5820498845029506
                ],
                [
                  -0.4911921162261383,
                  -0.5820498845029506,
                  0.7571610366591098
                ]
              ],
              "params": [
                "log_kappa",
                "log_kdeg",
                "log_fmod_0"
              ]
            },
            "ndata": 6,
            "nfree": 3,
            "r2": 0.8353507956348394,
            "reduced_chisq": 1.3284216788573086e-05,
            "status": "completed",
            "success": true,
            "time_max": 2400.0,
            "time_min": 120.0
          },
          "nt_id": 477,
          "params": {
            "fmod0": 0.0210205191912409,
            "kdeg": 0.005641645290992708,
            "kobs": 0.03227942497640724,
            "log_fmod0": -3.8622562139696295,
            "log_fmod0_err": 0.8701500081360166,
            "log_kdeg": -5.17757953775255,
            "log_kdeg_err": 0.7329270525332383,
            "log_kobs": -3.4333252493571687,
            "log_kobs_err": 0.5676590144849527,
            "metadata": {
              "base": "C",
              "fmod_run_ids": [
                415,
                416,
                417,
                418,
                419,
                420
              ],
              "site": 8,
              "valtype": "modrate"
            }
          },
          "valtype": "modrate"
        },
        {
          "diagnostics": {
            "chisq": 2.7770156695746007e-06,
            "covariance": {
              "matrix": [
                [
                  0.013143212359168743,
                  0.016302728307756274,
                  -0.17916705564248553
                ],
                [
                  0.016302728307756274,
                  0.05650690059772221,
                  -0.3122951001761644
                ],
                [
                  -0.17916705564248553,
                  -0.3122951001761644,
                  2.775211033637438
                ]
              ],
              "params": [
                "log_kappa",
                "log_kdeg",
                "log_fmod_0"
              ]
            },
            "ndata": 6,
            "nfree": 3,
            "r2": 0.9758104886644279,
            "reduced_chisq": 9.256718898582002e-07,
            "status": "completed",
            "success": true,
            "time_max": 2400.0,
            "time_min": 120.0
          },
          "nt_id": 478,
          "params": {
            "fmod0": 0.001188013192496929,
            "kdeg": 0.00254764280937606,
            "kobs": 0.01642825340222405,
            "log_fmod0": -6.735472953307947,
            "log_fmod0_err": 1.6658964654615958,
            "log_kdeg": -5.972586735802287,
            "log_kdeg_err": 0.23771180155331414,
            "log_kobs": -4.108752657987064,
            "log_kobs_err": 0.11464385007129141,
            "metadata": {
              "base": "C",
              "fmod_run_ids": [
                415,
                416,
                417,
                418,
                419,
                420
              ],
              "site": 9,
              "valtype": "modrate"
            }
          },
          "valtype": "modrate"
        },
        {
          "diagnostics": {
            "chisq": 1.7126118845797538e-08,
            "covariance": {
              "matrix": [
                [
                  1.4180854898520452,
                  1.81776596184941,
                  -0.3081639210849622
                ],
                [
                  1.81776596184941,
                  5.301890283334278,
                  -0.5020414504715887
                ],
                [
                  -0.3081639210849622,
                  -0.5020414504715887,
                  0.07318397677029954
                ]
              ],
              "params": [
                "log_kappa",
                "log_kdeg",
                "log_fmod_0"
              ]
            },
            "ndata": 6,
            "nfree": 3,
            "r2": 0.29547754880060617,
            "reduced_chisq": 5.7087062819325125e-09,
            "status": "completed",
            "success": true,
            "time_max": 2400.0,
            "time_min": 120.0
          },
          "nt_id": 479,
          "params": {
            "fmod0": 0.0006345583421307706,
            "kdeg": 0.0029304129883925348,
            "kobs": 0.00013601483388162014,
            "log_fmod0": -7.362581325264265,
            "log_fmod0_err": 0.270525371768157,
            "log_kdeg": -5.832611914216107,
            "log_kdeg_err": 2.3025833933506683,
            "log_kobs": -8.90274660551724,
            "log_kobs_err": 1.1908339472202014,
            "metadata": {
              "base": "U",
              "fmod_run_ids": [
                415,
                416,
                417,
                418,
                419,
                420
              ],
              "site": 10,
              "valtype": "modrate"
            }
          },
          "valtype": "modrate"
        },
        {
          "diagnostics": {
            "chisq": 1.489106939773858e-08,
            "covariance": {
              "matrix": [
                [
                  316.6456129865541,
                  153.7211395164635,
                  -1074359125.0399933
                ],
                [
                  153.7211395164635,
                  74.70142737736495,
                  -521577976.0468843
                ],
                [
                  -1074359125.0399933,
                  -521577976.0468843,
                  3645244376317162.5
                ]
              ],
              "params": [
                "log_kappa",
                "log_kdeg",
                "log_fmod_0"
              ]
            },
            "ndata": 6,
            "nfree": 3,
            "r2": 0.5192319435085291,
            "reduced_chisq": 4.963689799246194e-09,
            "status": "completed",
            "success": true,
            "time_max": 2400.0,
            "time_min": 120.0
          },
          "nt_id": 480,
          "params": {
            "fmod0": 1.3829978318999503e-10,
            "kdeg": 0.01723323744619726,
            "kobs": 0.0010894261887009697,
            "log_fmod0": -22.70159744493806,
            "log_fmod0_err": 60375859.21804478,
            "log_kdeg": -4.060915350201792,
            "log_kdeg_err": 8.642998749124343,
            "log_kobs": -6.822104153739693,
            "log_kobs_err": 17.794538852877142,
            "metadata": {
              "base": "U",
              "fmod_run_ids": [
                415,
                416,
                417,
                418,
                419,
                420
              ],
              "site": 11,
              "valtype": "modrate"
            }
          },
          "valtype": "modrate"
        },
        {
          "diagnostics": {
            "chisq": 6.505754939418487e-09,
            "covariance": {
              "matrix": [
                [
                  0.09600043186994131,
                  0.10756434214759192,
                  -0.019797529837535827
                ],
                [
                  0.10756434214759192,
                  0.5514920898623618,
                  -0.04091583205783688
                ],
                [
                  -0.019797529837535827,
                  -0.04091583205783688,
                  0.005166778061300354
                ]
              ],
              "params": [
                "log_kappa",
                "log_kdeg",
                "log_fmod_0"
              ]
            },
            "ndata": 6,
            "nfree": 3,
            "r2": 0.8163193327631209,
            "reduced_chisq": 2.1685849798061625e-09,
            "status": "completed",
            "success": true,
            "time_max": 2400.0,
            "time_min": 120.0
          },
          "nt_id": 481,
          "params": {
            "fmod0": 0.001157489130853294,
            "kdeg": 0.0020677745864989597,
            "kobs": 0.0002484361459035116,
            "log_fmod0": -6.761502162239512,
            "log_fmod0_err": 0.07188030370901582,
            "log_kdeg": -6.181282329002807,
            "log_kdeg_err": 0.7426251341439783,
            "log_kobs": -8.300324703581751,
            "log_kobs_err": 0.30983936462293055,
            "metadata": {
              "base": "U",
              "fmod_run_ids": [
                415,
                416,
                417,
                418,
                419,
                420
              ],
              "site": 12,
              "valtype": "modrate"
            }
          },
          "valtype": "modrate"
        },
        {
          "diagnostics": {
            "chisq": 5.999835748540272e-08,
            "covariance": {
              "matrix": [
                [
                  0.486761645855804,
                  0.6264690668718402,
                  -0.3918005969781754
                ],
                [
                  0.6264690668718402,
                  1.706764864723753,
                  -0.6202102057307755
                ],
                [
                  -0.3918005969781754,
                  -0.6202102057307755,
                  0.34028121579606463
                ]
              ],
              "params": [
                "log_kappa",
                "log_kdeg",
                "log_fmod_0"
              ]
            },
            "ndata": 6,
            "nfree": 3,
            "r2": 0.5649608092525504,
            "reduced_chisq": 1.999945249513424e-08,
            "status": "completed",
            "success": true,
            "time_max": 2400.0,
            "time_min": 120.0
          },
          "nt_id": 482,
          "params": {
            "fmod0": 0.0005777486425218577,
            "kdeg": 0.003103204583087924,
            "kobs": 0.0004572779383316221,
            "log_fmod0": -7.456371658406906,
            "log_fmod0_err": 0.5833362801987072,
            "log_kdeg": -5.775319964948681,
            "log_kdeg_err": 1.3064321125583804,
            "log_kobs": -7.6902191717799475,
            "log_kobs_err": 0.6976830554455253,
            "metadata": {
              "base": "U",
              "fmod_run_ids": [
                415,
                416,
                417,
                418,
                419,
                420
              ],
              "site": 13,
              "valtype": "modrate"
            }
          },
          "valtype": "modrate"
        },
        {
          "diagnostics": {
            "chisq": 5.371313610375037e-07,
            "covariance": {
              "matrix": [
                [
                  72922023394710.14,
                  -72916153357803.72,
                  1347191.4608414478
                ],
                [
                  -72916153357803.72,
                  72910283793427.39,
                  -1347083.30257374
                ],
                [
                  1347191.4608414478,
                  -1347083.30257374,
                  0.042654236459863264
                ]
              ],
              "params": [
                "log_kappa",
                "log_kdeg",
                "log_fmod_0"
              ]
            },
            "ndata": 6,
            "nfree": 3,
            "r2": 0.04483631892974849,
            "reduced_chisq": 1.7904378701250125e-07,
            "status": "completed",
            "success": true,
            "time_max": 2400.0,
            "time_min": 120.0
          },
          "nt_id": 483,
          "params": {
            "fmod0": 0.0022030587673225587,
            "kdeg": 9.052451366780342e-10,
            "kobs": 89.49902017152826,
            "log_fmod0": -6.1179085354748075,
            "log_fmod0_err": 0.20652902086598693,
            "log_kdeg": -20.82281533964958,
            "log_kdeg_err": 8538751.88733268,
            "log_kobs": 4.4942276774167285,
            "log_kobs_err": 8539439.290416563,
            "metadata": {
              "base": "G",
              "fmod_run_ids": [
                415,
                416,
                417,
                418,
                419,
                420
              ],
              "site": 14,
              "valtype": "modrate"
            }
          },
          "valtype": "modrate"
        },
        {
          "diagnostics": {
            "chisq": 4.095003958240754e-06,
            "covariance": {
              "matrix": [
                [
                  0.00977101712886015,
                  0.012162252469834394,
                  -0.20144557969935903
                ],
                [
                  0.012162252469834394,
                  0.0400918597657918,
                  -0.3427705487694277
                ],
                [
                  -0.20144557969935903,
                  -0.3427705487694277,
                  4.66737349913038
                ]
              ],
              "params": [
                "log_kappa",
                "log_kdeg",
                "log_fmod_0"
              ]
            },
            "ndata": 6,
            "nfree": 3,
            "r2": 0.9826222558135822,
            "reduced_chisq": 1.3650013194135847e-06,
            "status": "completed",
            "success": true,
            "time_max": 2400.0,
            "time_min": 120.0
          },
          "nt_id": 484,
          "params": {
            "fmod0": 0.0011405937444919692,
            "kdeg": 0.002625501565324691,
            "kobs": 0.02394267697614373,
            "log_fmod0": -6.776206323658094,
            "log_fmod0_err": 2.1604104932003962,
            "log_kdeg": -5.942483328685932,
            "log_kdeg_err": 0.2002295177185217,
            "log_kobs": -3.7320927648805116,
            "log_kobs_err": 0.09884845536911616,
            "metadata": {
              "base": "A",
              "fmod_run_ids": [
                415,
                416,
                417,
                418,
                419,
                420
              ],
              "site": 15,
              "valtype": "modrate"
            }
          },
          "valtype": "modrate"
        },
        {
          "diagnostics": {
            "chisq": 3.3220684233702773e-06,
            "covariance": {
              "matrix": [
                [
                  0.009698698397383335,
                  0.011877159364551916,
                  -0.16131831140129263
                ],
                [
                  0.011877159364551916,
                  0.043380219940467604,
                  -0.2871497185155333
                ],
                [
                  -0.16131831140129263,
                  -0.2871497185155333,
                  3.089328051938103
                ]
              ],
              "params": [
                "log_kappa",
                "log_kdeg",
                "log_fmod_0"
              ]
            },
            "ndata": 6,
            "nfree": 3,
            "r2": 0.9815091822944277,
            "reduced_chisq": 1.1073561411234258e-06,
            "status": "completed",
            "success": true,
            "time_max": 2400.0,
            "time_min": 120.0
          },
          "nt_id": 485,
          "params": {
            "fmod0": 0.0012020233947650286,
            "kdeg": 0.002455184981674207,
            "kobs": 0.020452267285230287,
            "log_fmod0": -6.723748979859668,
            "log_fmod0_err": 1.757648443784508,
            "log_kdeg": -6.009553171623446,
            "log_kdeg_err": 0.20827918748753463,
            "log_kobs": -3.889661532945504,
            "log_kobs_err": 0.0984819699101482,
            "metadata": {
              "base": "A",
              "fmod_run_ids": [
                415,
                416,
                417,
                418,
                419,
                420
              ],
              "site": 16,
              "valtype": "modrate"
            }
          },
          "valtype": "modrate"
        },
        {
          "diagnostics": {
            "chisq": 1.3640269040531655e-08,
            "covariance": {
              "matrix": [
                [
                  0.5253132421918745,
                  0.6073691566768007,
                  -0.48700125443268366
                ],
                [
                  0.6073691566768007,
                  0.8759743207953975,
                  -0.5806426730484633
                ],
                [
                  -0.48700125443268366,
                  -0.5806426730484633,
                  0.45599077488086576
                ]
              ],
              "params": [
                "log_kappa",
                "log_kdeg",
                "log_fmod_0"
              ]
            },
            "ndata": 6,
            "nfree": 3,
            "r2": 0.7619886980503761,
            "reduced_chisq": 4.546756346843885e-09,
            "status": "completed",
            "success": true,
            "time_max": 2400.0,
            "time_min": 120.0
          },
          "nt_id": 486,
          "params": {
            "fmod0": 0.0005267615656337681,
            "kdeg": 0.0058888977565662755,
            "kobs": 0.00047697074253766895,
            "log_fmod0": -7.5487625489310455,
            "log_fmod0_err": 0.6752708899996103,
            "log_kdeg": -5.134686436935359,
            "log_kdeg_err": 0.9359349981678201,
            "log_kobs": -7.648055405356104,
            "log_kobs_err": 0.7247849627247205,
            "metadata": {
              "base": "U",
              "fmod_run_ids": [
                415,
                416,
                417,
                418,
                419,
                420
              ],
              "site": 17,
              "valtype": "modrate"
            }
          },
          "valtype": "modrate"
        },
        {
          "diagnostics": {
            "chisq": 1.9507529360866832e-06,
            "covariance": {
              "matrix": [
                [
                  0.0011885255534324019,
                  0.0014679144165424818,
                  -0.0161200678620982
                ],
                [
                  0.0014679144165424818,
                  0.004514855106875955,
                  -0.026375614436295377
                ],
                [
                  -0.0161200678620982,
                  -0.026375614436295377,
                  0.24256390955492466
                ]
              ],
              "params": [
                "log_kappa",
                "log_kdeg",
                "log_fmod_0"
              ]
            },
            "ndata": 6,
            "nfree": 3,
            "r2": 0.9980074576922768,
            "reduced_chisq": 6.502509786955611e-07,
            "status": "completed",
            "success": true,
            "time_max": 2400.0,
            "time_min": 120.0
          },
          "nt_id": 487,
          "params": {
            "fmod0": 0.003580914140993773,
            "kdeg": 0.0027130254687761494,
            "kobs": 0.050545071031967516,
            "log_fmod0": -5.632137164518629,
            "log_fmod0_err": 0.4925077761365039,
            "log_kdeg": -5.909690857669292,
            "log_kdeg_err": 0.06719267152655828,
            "log_kobs": -2.984889845055756,
            "log_kobs_err": 0.03447499896203627,
            "metadata": {
              "base": "A",
              "fmod_run_ids": [
                415,
                416,
                417,
                418,
                419,
                420
              ],
              "site": 18,
              "valtype": "modrate"
            }
          },
          "valtype": "modrate"
        },
        {
          "diagnostics": {
            "chisq": 6.608744740705434e-09,
            "covariance": {
              "matrix": [
                [
                  0.01798842437770416,
                  -0.03970922753582118,
                  0.0012826569768398979
                ],
                [
                  -0.03970922753582118,
                  0.14645718214380188,
                  -0.014923726328158133
                ],
                [
                  0.0012826569768398979,
                  -0.014923726328158133,
                  0.0028866115780525063
                ]
              ],
              "params": [
                "log_kappa",
                "log_kdeg",
                "log_fmod_0"
              ]
            },
            "ndata": 6,
            "nfree": 3,
            "r2": 0.9788085375999543,
            "reduced_chisq": 2.202914913568478e-09,
            "status": "completed",
            "success": true,
            "time_max": 2400.0,
            "time_min": 120.0
          },
          "nt_id": 488,
          "params": {
            "fmod0": 0.0010911665235798598,
            "kdeg": 0.0007980850484498046,
            "kobs": 0.0008329688810906138,
            "log_fmod0": -6.820507949883191,
            "log_fmod0_err": 0.053727195888604744,
            "log_kdeg": -7.133295389188623,
            "log_kdeg_err": 0.38269724606247413,
            "log_kobs": -7.090514274129562,
            "log_kobs_err": 0.13412093191483632,
            "metadata": {
              "base": "G",
              "fmod_run_ids": [
                415,
                416,
                417,
                418,
                419,
                420
              ],
              "site": 19,
              "valtype": "modrate"
            }
          },
          "valtype": "modrate"
        },
        {
          "diagnostics": {
            "chisq": 4.841976475011615e-08,
            "covariance": {
              "matrix": [
                [
                  0.152683386079527,
                  0.19651514973658946,
                  -0.14989805785515695
                ],
                [
                  0.19651514973658946,
                  0.4665300485452025,
                  -0.22402919234822335
                ],
                [
                  -0.14989805785515695,
                  -0.22402919234822335,
                  0.15531445754227433
                ]
              ],
              "params": [
                "log_kappa",
                "log_kdeg",
                "log_fmod_0"
              ]
            },
            "ndata": 6,
            "nfree": 3,
            "r2": 0.8267897711143789,
            "reduced_chisq": 1.613992158337205e-08,
            "status": "completed",
            "success": true,
            "time_max": 2400.0,
            "time_min": 120.0
          },
          "nt_id": 489,
          "params": {
            "fmod0": 0.0008615923007929914,
            "kdeg": 0.003517079050441571,
            "kobs": 0.0008275851823023096,
            "log_fmod0": -7.056728368103303,
            "log_fmod0_err": 0.39409955283186293,
            "log_kdeg": -5.650124449074827,
            "log_kdeg_err": 0.6830300495184692,
            "log_kobs": -7.096998516672808,
            "log_kobs_err": 0.3907472150630469,
            "metadata": {
              "base": "U",
              "fmod_run_ids": [
                415,
                416,
                417,
                418,
                419,
                420
              ],
              "site": 20,
              "valtype": "modrate"
            }
          },
          "valtype": "modrate"
        },
        {
          "diagnostics": {
            "chisq": 1.88838757475286e-07,
            "covariance": {
              "matrix": [
                [
                  0.9158155847278395,
                  -1.7230711189889414,
                  0.08371458333954172
                ],
                [
                  -1.7230711189889414,
                  3.5495936707670332,
                  -0.2307823859521907
                ],
                [
                  0.08371458333954172,
                  -0.2307823859521907,
                  0.02872730389307125
                ]
              ],
              "params": [
                "log_kappa",
                "log_kdeg",
                "log_fmod_0"
              ]
            },
            "ndata": 6,
            "nfree": 3,
            "r2": 0.8078225109783596,
            "reduced_chisq": 6.2946252491762e-08,
            "status": "completed",
            "success": true,
            "time_max": 2400.0,
            "time_min": 120.0
          },
          "nt_id": 490,
          "params": {
            "fmod0": 0.0017012178370192524,
            "kdeg": 0.0004997497212196886,
            "kobs": 0.0016063792081809753,
            "log_fmod0": -6.376410909676647,
            "log_fmod0_err": 0.16949130919628666,
            "log_kdeg": -7.601403142423463,
            "log_kdeg_err": 1.8840365364734923,
            "log_kobs": -6.43377257166506,
            "log_kobs_err": 0.9569825414958413,
            "metadata": {
              "base": "G",
              "fmod_run_ids": [
                415,
                416,
                417,
                418,
                419,
                420
              ],
              "site": 21,
              "valtype": "modrate"
            }
          },
          "valtype": "modrate"
        },
        {
          "diagnostics": {
            "chisq": 3.379496072988929e-06,
            "covariance": {
              "matrix": [
                [
                  0.00433810584572817,
                  0.005166225210643916,
                  -0.04172934522767162
                ],
                [
                  0.005166225210643916,
                  0.02068763874132474,
                  -0.0770031664551145
                ],
                [
                  -0.04172934522767162,
                  -0.0770031664551145,
                  0.4738154686478389
                ]
              ],
              "params": [
                "log_kappa",
                "log_kdeg",
                "log_fmod_0"
              ]
            },
            "ndata": 6,
            "nfree": 3,
            "r2": 0.9912740447901252,
            "reduced_chisq": 1.1264986909963096e-06,
            "status": "completed",
            "success": true,
            "time_max": 2400.0,
            "time_min": 120.0
          },
          "nt_id": 491,
          "params": {
            "fmod0": 0.002982479357201994,
            "kdeg": 0.002309482857733988,
            "kobs": 0.029882295612959527,
            "log_fmod0": -5.815000325323115,
            "log_fmod0_err": 0.6883425518212853,
            "log_kdeg": -6.0707316506221405,
            "log_kdeg_err": 0.14383198094069602,
            "log_kobs": -3.5104890939256643,
            "log_kobs_err": 0.06586429871886719,
            "metadata": {
              "base": "A",
              "fmod_run_ids": [
                415,
                416,
                417,
                418,
                419,
                420
              ],
              "site": 22,
              "valtype": "modrate"
            }
          },
          "valtype": "modrate"
        },
        {
          "diagnostics": {
            "chisq": 4.480146077782822e-08,
            "covariance": {
              "matrix": [
                [
                  5351661837220.784,
                  -5351214870955.116,
                  51663.8419258711
                ],
                [
                  -5351214870955.116,
                  5350767942021.299,
                  -51659.584001538955
                ],
                [
                  51663.8419258711,
                  -51659.584001538955,
                  0.0035873474348526715
                ]
              ],
              "params": [
                "log_kappa",
                "log_kdeg",
                "log_fmod_0"
              ]
            },
            "ndata": 6,
            "nfree": 3,
            "r2": 0.17166252305905028,
            "reduced_chisq": 1.4933820259276073e-08,
            "status": "completed",
            "success": true,
            "time_max": 2400.0,
            "time_min": 120.0
          },
          "nt_id": 492,
          "params": {
            "fmod0": 0.0015259275486861122,
            "kdeg": 6.141308868675149e-10,
            "kobs": 80.04480426677748,
            "log_fmod0": -6.4851528251722055,
            "log_fmod0_err": 0.0598944691507711,
            "log_kdeg": -21.210813039705073,
            "log_kdeg_err": 2313172.7004314438,
            "log_kobs": 4.382586531237262,
            "log_kobs_err": 2313365.9107933585,
            "metadata": {
              "base": "U",
              "fmod_run_ids": [
                415,
                416,
                417,
                418,
                419,
                420
              ],
              "site": 23,
              "valtype": "modrate"
            }
          },
          "valtype": "modrate"
        },
        {
          "diagnostics": {
            "chisq": 5.279853043442814e-08,
            "covariance": {
              "matrix": [
                [
                  286957205122.1758,
                  -286935041059.0464,
                  21458.222818730195
                ],
                [
                  -286935041059.0464,
                  286912878707.9916,
                  -21456.589785924105
                ],
                [
                  21458.222818730195,
                  -21456.589785924105,
                  0.007214594896553817
                ]
              ],
              "params": [
                "log_kappa",
                "log_kdeg",
                "log_fmod_0"
              ]
            },
            "ndata": 6,
            "nfree": 3,
            "r2": 0.6733114614288807,
            "reduced_chisq": 1.759951014480938e-08,
            "status": "completed",
            "success": true,
            "time_max": 2400.0,
            "time_min": 120.0
          },
          "nt_id": 493,
          "params": {
            "fmod0": 0.00122920879226199,
            "kdeg": 3.5344308175242875e-10,
            "kobs": 476.22496677752605,
            "log_fmod0": -6.701384574900797,
            "log_fmod0_err": 0.08493877145658404,
            "log_kdeg": -21.763298656986162,
            "log_kdeg_err": 535642.4915071541,
            "log_kobs": 6.165890361862622,
            "log_kobs_err": 535683.8667742158,
            "metadata": {
              "base": "U",
              "fmod_run_ids": [
                415,
                416,
                417,
                418,
                419,
                420
              ],
              "site": 24,
              "valtype": "modrate"
            }
          },
          "valtype": "modrate"
        },
        {
          "diagnostics": {
            "chisq": 5.889989941343635e-06,
            "covariance": {
              "matrix": [
                [
                  0.00891139326624744,
                  0.010816334271240487,
                  -0.20603107030862114
                ],
                [
                  0.010816334271240487,
                  0.040186854423464105,
                  -0.368412785257901
                ],
                [
                  -0.20603107030862114,
                  -0.368412785257901,
                  5.512272883375172
                ]
              ],
              "params": [
                "log_kappa",
                "log_kdeg",
                "log_fmod_0"
              ]
            },
            "ndata": 6,
            "nfree": 3,
            "r2": 0.9829403689866227,
