{
  "artifacts": {},
  "engine": "python_baseline",
  "engine_version": "0.1.0",
  "metadata": {
    "buffer_pH": 6.4,
    "done_by": [
      "EKC"
    ],
    "experiment_id": "ekc.01.0xx",
    "fmod_run_id": 805,
    "initial_kdeg": 0.030500380987197977,
    "initial_kdeg_source": "arrhenius:nmr:deg:dms:Schwalbe_bistris",
    "initial_log_kdeg": -3.4900161040632476,
    "notes": "Baseline python engine demo using examples/nerd.sqlite",
    "rg_id": 112,
    "rg_label": "75_2_11",
    "rounds_requested": [
      "round1_free",
      "round2_global",
      "round3_constrained"
    ],
    "rt_protocol": [
      "MRT"
    ],
    "selected_site_bases": [
      "17_G",
      "18_G",
      "19_C",
      "1_U",
      "20_A",
      "21_G",
      "22_A",
      "23_U",
      "24_C",
      "25_U",
      "26_G",
      "27_A",
      "28_G",
      "29_C",
      "2_A",
      "30_C",
      "31_U",
      "32_G",
      "33_G",
      "34_G",
      "35_G",
      "36_G",
      "37_C",
      "38_U",
      "39_C",
      "3_A",
      "40_U",
      "41_C",
      "42_U",
      "43_G",
      "44_C",
      "45_C",
      "61_A",
      "62_A",
      "63_U"
    ],
    "temperature_c": 75.0,
    "valtypes": [
      "modrate",
      "GAmodrate"
    ]
  },
  "rounds": [
    {
      "global_params": {},
      "notes": null,
      "per_nt": [
        {
          "diagnostics": {
            "reason": "Non-zero fmod values are required for a fit.",
            "status": "failed"
          },
          "nt_id": 19,
          "params": {},
          "valtype": "modrate"
        },
        {
          "diagnostics": {
            "reason": "Non-zero fmod values are required for a fit.",
            "status": "failed"
          },
          "nt_id": 20,
          "params": {},
          "valtype": "modrate"
        },
        {
          "diagnostics": {
            "reason": "Non-zero fmod values are required for a fit.",
            "status": "failed"
          },
          "nt_id": 21,
          "params": {},
          "valtype": "modrate"
        },
        {
          "diagnostics": {
            "reason": "Non-zero fmod values are required for a fit.",
            "status": "failed"
          },
          "nt_id": 22,
          "params": {},
          "valtype": "modrate"
        },
        {
          "diagnostics": {
            "chisq": 9.291600291630856e-09,
            "covariance": {
              "matrix": [
                [
                  0.003759864965918126,
                  0.00037660275848548267,
                  -0.005765768904549238
                ],
                [
                  0.00037660275848548267,
                  0.022495423853985556,
                  -0.005003420244730304
                ],
                [
                  -0.005765768904549238,
                  -0.005003420244730304,
                  0.011354047889959045
                ]
              ],
              "params": [
                "log_kappa",
                "log_kdeg",
                "log_fmod_0"
              ]
            },
            "ndata": 7,
            "nfree": 4,
            "r2": 0.9852197561574312,
            "reduced_chisq": 2.322900072907714e-09,
            "status": "completed",
            "success": true,
            "time_max": 200.0,
            "time_min": 0.0
          },
          "nt_id": 23,
          "params": {
            "fmod0": 0.00044980926911007246,
            "kdeg": 0.06812504453612248,
            "kobs": 0.0008686569620308548,
            "log_fmod0": -7.706686911470253,
            "log_fmod0_err": 0.10655537475866267,
            "log_kdeg": -2.6864103722576953,
            "log_kdeg_err": 0.14998474540427623,
            "log_kobs": -7.048562260885454,
            "log_kobs_err": 0.0613177377756072,
            "metadata": {
              "base": "G",
              "fmod_run_ids": [
                800,
                801,
                802,
                803,
                804,
                805,
                806
              ],
              "site": 18,
              "valtype": "modrate"
            }
          },
          "valtype": "modrate"
        },
        {
          "diagnostics": {
            "chisq": 6.721562581577337e-06,
            "covariance": {
              "matrix": [
                [
                  0.002046455557054773,
                  0.00030409518140161215,
                  -0.037362113083774094
                ],
                [
                  0.00030409518140161215,
                  0.01145776551729769,
                  -0.04666733794049862
                ],
                [
                  -0.037362113083774094,
                  -0.04666733794049862,
                  0.9778147474037471
                ]
              ],
              "params": [
                "log_kappa",
                "log_kdeg",
                "log_fmod_0"
              ]
            },
            "ndata": 7,
            "nfree": 4,
            "r2": 0.9921808838058425,
            "reduced_chisq": 1.6803906453943342e-06,
            "status": "completed",
            "success": true,
            "time_max": 200.0,
            "time_min": 0.0
          },
          "nt_id": 24,
          "params": {
            "fmod0": 0.0012753690549966025,
            "kdeg": 0.040415406069778254,
            "kobs": 0.03230699799480941,
            "log_fmod0": -6.664519687356439,
            "log_fmod0_err": 0.9888451584569482,
            "log_kdeg": -3.208544228345178,
            "log_kdeg_err": 0.10704095252424509,
            "log_kobs": -3.4324714160340384,
            "log_kobs_err": 0.04523776693267223,
            "metadata": {
              "base": "C",
              "fmod_run_ids": [
                800,
                801,
                802,
                803,
                804,
                805,
                806
              ],
              "site": 19,
              "valtype": "modrate"
            }
          },
          "valtype": "modrate"
        },
        {
          "diagnostics": {
            "chisq": 1.264887287568873e-06,
            "covariance": {
              "matrix": [
                [
                  0.00105516348485748,
                  9.862601265775288e-05,
                  -0.01815157447265192
                ],
                [
                  9.862601265775288e-05,
                  0.006250461499319117,
                  -0.026075828080659516
                ],
                [
                  -0.01815157447265192,
                  -0.026075828080659516,
                  0.482587020841904
                ]
              ],
              "params": [
                "log_kappa",
                "log_kdeg",
                "log_fmod_0"
              ]
            },
            "ndata": 7,
            "nfree": 4,
            "r2": 0.9958868205278261,
            "reduced_chisq": 3.1622182189221823e-07,
            "status": "completed",
            "success": true,
            "time_max": 200.0,
            "time_min": 0.0
          },
          "nt_id": 25,
          "params": {
            "fmod0": 0.0007755336712635171,
            "kdeg": 0.03396916454641063,
            "kobs": 0.019148244236390815,
            "log_fmod0": -7.161959157510729,
            "log_fmod0_err": 0.6946848356210923,
            "log_kdeg": -3.382302090976941,
            "log_kdeg_err": 0.07905986022830497,
            "log_kobs": -3.955544252342558,
            "log_kobs_err": 0.03248328008156627,
            "metadata": {
              "base": "A",
              "fmod_run_ids": [
                800,
                801,
                802,
                803,
                804,
                805,
                806
              ],
              "site": 20,
              "valtype": "modrate"
            }
          },
          "valtype": "modrate"
        },
        {
          "diagnostics": {
            "chisq": 3.65004800301592e-08,
            "covariance": {
              "matrix": [
                [
                  0.0314654602390898,
                  0.005292112614610554,
                  -0.03334370043036224
                ],
                [
                  0.005292112614610554,
                  0.1769723691925517,
                  -0.03525019147443788
                ],
                [
                  -0.03334370043036224,
                  -0.03525019147443788,
                  0.047258325473284506
                ]
              ],
              "params": [
                "log_kappa",
                "log_kdeg",
                "log_fmod_0"
              ]
            },
            "ndata": 7,
            "nfree": 4,
            "r2": 0.8887617494298344,
            "reduced_chisq": 9.1251200075398e-09,
            "status": "completed",
            "success": true,
            "time_max": 200.0,
            "time_min": 0.0
          },
          "nt_id": 26,
          "params": {
            "fmod0": 0.0004335680155249859,
            "kdeg": 0.05262964477735875,
            "kobs": 0.000592258585615851,
            "log_fmod0": -7.743461875492755,
            "log_fmod0_err": 0.2173898007572676,
            "log_kdeg": -2.9444757290718937,
            "log_kdeg_err": 0.4206808400587691,
            "log_kobs": -7.431567218422854,
            "log_kobs_err": 0.17738506205171223,
            "metadata": {
              "base": "G",
              "fmod_run_ids": [
                800,
                801,
                802,
                803,
                804,
                805,
                806
              ],
              "site": 21,
              "valtype": "modrate"
            }
          },
          "valtype": "modrate"
        },
        {
          "diagnostics": {
            "chisq": 1.3265677491096621e-06,
            "covariance": {
              "matrix": [
                [
                  0.0013645660253730645,
                  0.0002145950159423935,
                  -0.02940066329798433
                ],
                [
                  0.0002145950159423935,
                  0.007730523669797104,
                  -0.03698751840686282
                ],
                [
                  -0.02940066329798433,
                  -0.03698751840686282,
                  0.906296572853898
                ]
              ],
              "params": [
                "log_kappa",
                "log_kdeg",
                "log_fmod_0"
              ]
            },
            "ndata": 7,
            "nfree": 4,
            "r2": 0.9946921583070476,
            "reduced_chisq": 3.3164193727741553e-07,
            "status": "completed",
            "success": true,
            "time_max": 200.0,
            "time_min": 0.0
          },
          "nt_id": 27,
          "params": {
            "fmod0": 0.0005885804337974314,
            "kdeg": 0.04076506531440615,
            "kobs": 0.017308389397878477,
            "log_fmod0": -7.4377969646517945,
            "log_fmod0_err": 0.9519960991799798,
            "log_kdeg": -3.199929806650807,
            "log_kdeg_err": 0.08792339660066087,
            "log_kobs": -4.056563958728455,
            "log_kobs_err": 0.03694003282853258,
            "metadata": {
              "base": "A",
              "fmod_run_ids": [
                800,
                801,
                802,
                803,
                804,
                805,
                806
              ],
              "site": 22,
              "valtype": "modrate"
            }
          },
          "valtype": "modrate"
        },
        {
          "diagnostics": {
            "chisq": 2.947353333333333e-07,
            "ndata": 7,
            "nfree": 4,
            "r2": 0.9849406952965235,
            "reduced_chisq": 7.368383333333333e-08,
            "status": "completed",
            "success": true,
            "time_max": 200.0,
            "time_min": 0.0
          },
          "nt_id": 28,
          "params": {
            "fmod0": 0.0012910000000000556,
            "kdeg": 2.443644819099263,
            "kobs": 0.004753613874249973,
            "log_fmod0": -6.6523381671175885,
            "log_kdeg": 0.8934907030474628,
            "log_kobs": -5.348850134577513,
            "metadata": {
              "base": "U",
              "fmod_run_ids": [
                800,
                801,
                802,
                803,
                804,
                805,
                806
              ],
              "site": 23,
              "valtype": "modrate"
            }
          },
          "valtype": "modrate"
        },
        {
          "diagnostics": {
            "chisq": 4.2295262427435205e-06,
            "covariance": {
              "matrix": [
                [
                  0.0020760802366361574,
                  0.0003386236915569909,
                  -0.038102764104597266
                ],
                [
                  0.0003386236915569909,
                  0.011436617728001943,
                  -0.04170432865853068
                ],
                [
                  -0.038102764104597266,
                  -0.04170432865853068,
                  0.9502270192924417
                ]
              ],
              "params": [
                "log_kappa",
                "log_kdeg",
                "log_fmod_0"
              ]
            },
            "ndata": 7,
            "nfree": 4,
            "r2": 0.9920166658993058,
            "reduced_chisq": 1.0573815606858801e-06,
            "status": "completed",
            "success": true,
            "time_max": 200.0,
            "time_min": 0.0
          },
          "nt_id": 29,
          "params": {
            "fmod0": 0.0010377501141490629,
            "kdeg": 0.04874147190422743,
            "kobs": 0.025411118601650913,
            "log_fmod0": -6.870700261034444,
            "log_fmod0_err": 0.9747958859640523,
            "log_kdeg": -3.0212250321391436,
            "log_kdeg_err": 0.10694212326301523,
            "log_kobs": -3.6725684605154703,
            "log_kobs_err": 0.045564023490426715,
            "metadata": {
              "base": "C",
              "fmod_run_ids": [
                800,
                801,
                802,
                803,
                804,
                805,
                806
              ],
              "site": 24,
              "valtype": "modrate"
            }
          },
          "valtype": "modrate"
        },
        {
          "diagnostics": {
            "chisq": 2.2413773110532282e-07,
            "covariance": {
              "matrix": [
                [
                  0.00708965641507943,
                  -0.007776343350847632,
                  -0.014417393404329843
                ],
                [
                  -0.007776343350847632,
                  0.4190428623980682,
                  -0.004516809595446086
                ],
                [
                  -0.014417393404329843,
                  -0.004516809595446086,
                  0.03538013208870232
                ]
              ],
              "params": [
                "log_kappa",
                "log_kdeg",
                "log_fmod_0"
              ]
            },
            "ndata": 7,
            "nfree": 4,
            "r2": 0.9730489470531234,
            "reduced_chisq": 5.6034432776330706e-08,
            "status": "completed",
            "success": true,
            "time_max": 200.0,
            "time_min": 0.0
          },
          "nt_id": 30,
          "params": {
            "fmod0": 0.0012584388866827528,
            "kdeg": 0.21324146976468458,
            "kobs": 0.0030968075002924954,
            "log_fmod0": -6.677883305010787,
            "log_fmod0_err": 0.18809607143346274,
            "log_kdeg": -1.5453300945138861,
            "log_kdeg_err": 0.6473352009570221,
            "log_kobs": -5.7773835367545,
            "log_kobs_err": 0.08420009747666228,
            "metadata": {
              "base": "U",
              "fmod_run_ids": [
                800,
                801,
                802,
                803,
                804,
                805,
                806
              ],
              "site": 25,
              "valtype": "modrate"
            }
          },
          "valtype": "modrate"
        },
        {
          "diagnostics": {
            "chisq": 1.2437706543136048e-07,
            "covariance": {
              "matrix": [
                [
                  4.206139483026085,
                  -6.636895021540869,
                  0.21074323791913666
                ],
                [
                  -6.636895021540869,
                  10.909289210056222,
                  -0.4377080706432818
                ],
                [
                  0.21074323791913666,
                  -0.4377080706432818,
                  0.046801325299017184
                ]
              ],
              "params": [
                "log_kappa",
                "log_kdeg",
                "log_fmod_0"
              ]
            },
            "ndata": 7,
            "nfree": 4,
            "r2": 0.5975451375155787,
            "reduced_chisq": 3.109426635784012e-08,
            "status": "completed",
            "success": true,
            "time_max": 200.0,
            "time_min": 0.0
          },
          "nt_id": 31,
          "params": {
            "fmod0": 0.000637700524917298,
            "kdeg": 0.004724214439296366,
            "kobs": 0.0007697871452955911,
            "log_fmod0": -7.357641781501944,
            "log_fmod0_err": 0.21633613960459122,
            "log_kdeg": -5.355053988092104,
            "log_kdeg_err": 3.302921314542056,
            "log_kobs": -7.1693965160127044,
            "log_kobs_err": 2.0508874866813356,
            "metadata": {
              "base": "G",
              "fmod_run_ids": [
                800,
                801,
                802,
                803,
                804,
                805,
                806
              ],
              "site": 26,
              "valtype": "modrate"
            }
          },
          "valtype": "modrate"
        },
        {
          "diagnostics": {
            "chisq": 2.299103675917211e-06,
            "covariance": {
              "matrix": [
                [
                  0.003672791549842988,
                  -0.0009381716263726061,
                  -0.03389228904824523
                ],
                [
                  -0.0009381716263726061,
                  0.025093111846851528,
                  -0.06651007850172577
                ],
                [
                  -0.03389228904824523,
                  -0.06651007850172577,
                  0.6500346118722167
                ]
              ],
              "params": [
                "log_kappa",
                "log_kdeg",
                "log_fmod_0"
              ]
            },
            "ndata": 7,
            "nfree": 4,
            "r2": 0.9858593093144582,
            "reduced_chisq": 5.747759189793027e-07,
            "status": "completed",
            "success": true,
            "time_max": 200.0,
            "time_min": 0.0
          },
          "nt_id": 32,
          "params": {
            "fmod0": 0.0008642036374378559,
            "kdeg": 0.023848947011474747,
            "kobs": 0.013845888426753291,
            "log_fmod0": -7.053702125452092,
            "log_fmod0_err": 0.8062472399160301,
            "log_kdeg": -3.736015213084722,
            "log_kdeg_err": 0.15840805486733156,
            "log_kobs": -4.2797669549161235,
            "log_kobs_err": 0.06060356053766963,
            "metadata": {
              "base": "A",
              "fmod_run_ids": [
                800,
                801,
                802,
                803,
                804,
                805,
                806
              ],
              "site": 27,
              "valtype": "modrate"
            }
          },
          "valtype": "modrate"
        },
        {
          "diagnostics": {
            "chisq": 7.050173130371337e-08,
            "covariance": {
              "matrix": [
                [
                  0.04087501410902079,
                  -0.042701740130532455,
                  -0.023531413374346066
                ],
                [
                  -0.042701740130532455,
                  0.32203156945026784,
                  -0.08014567362765236
                ],
                [
                  -0.023531413374346066,
                  -0.08014567362765236,
                  0.06521176128882746
                ]
              ],
              "params": [
                "log_kappa",
                "log_kdeg",
                "log_fmod_0"
              ]
            },
            "ndata": 7,
            "nfree": 4,
            "r2": 0.876615245749395,
            "reduced_chisq": 1.7625432825928343e-08,
            "status": "completed",
            "success": true,
            "time_max": 200.0,
            "time_min": 0.0
          },
          "nt_id": 33,
          "params": {
            "fmod0": 0.00045561902675897805,
            "kdeg": 0.016740871665653297,
            "kobs": 0.0007911740030587248,
            "log_fmod0": -7.693853565281301,
            "log_fmod0_err": 0.25536593603851604,
            "log_kdeg": -4.08990214444889,
            "log_kdeg_err": 0.5674782546056437,
            "log_kobs": -7.141992635805902,
            "log_kobs_err": 0.20217570108452892,
            "metadata": {
              "base": "G",
              "fmod_run_ids": [
                800,
                801,
                802,
                803,
                804,
                805,
                806
              ],
              "site": 28,
              "valtype": "modrate"
            }
          },
          "valtype": "modrate"
        },
        {
          "diagnostics": {
            "chisq": 5.67610776094586e-06,
            "covariance": {
              "matrix": [
                [
                  0.004956721963093304,
                  -0.0019500772539984199,
                  -0.023419477244371607
                ],
                [
                  -0.0019500772539984199,
                  0.03495772617909958,
                  -0.05020085069816572
                ],
                [
                  -0.023419477244371607,
                  -0.05020085069816572,
                  0.25852580063423114
                ]
              ],
              "params": [
                "log_kappa",
                "log_kdeg",
                "log_fmod_0"
              ]
            },
            "ndata": 7,
            "nfree": 4,
            "r2": 0.9813394250922873,
            "reduced_chisq": 1.419026940236465e-06,
            "status": "completed",
            "success": true,
            "time_max": 200.0,
            "time_min": 0.0
          },
          "nt_id": 34,
          "params": {
            "fmod0": 0.0021313032104633193,
            "kdeg": 0.021989903068956297,
            "kobs": 0.01901554188945996,
            "log_fmod0": -6.151021650457804,
            "log_fmod0_err": 0.5084543250226427,
            "log_kdeg": -3.8171718823853324,
            "log_kdeg_err": 0.1869698536638984,
            "log_kobs": -3.9624986400085023,
            "log_kobs_err": 0.07040399110201995,
            "metadata": {
              "base": "C",
              "fmod_run_ids": [
                800,
                801,
                802,
                803,
                804,
                805,
                806
              ],
              "site": 29,
              "valtype": "modrate"
            }
          },
          "valtype": "modrate"
        },
        {
          "diagnostics": {
            "chisq": 6.5771416563236e-06,
            "covariance": {
              "matrix": [
                [
                  0.006184646337690289,
                  -0.0025618739031075632,
                  -0.028691377783621137
                ],
                [
                  -0.0025618739031075632,
                  0.043859882599110674,
                  -0.06238019860610684
                ],
                [
                  -0.028691377783621137,
                  -0.06238019860610684,
                  0.316823298804746
                ]
              ],
              "params": [
                "log_kappa",
                "log_kdeg",
                "log_fmod_0"
              ]
            },
            "ndata": 7,
            "nfree": 4,
            "r2": 0.9768584272893511,
            "reduced_chisq": 1.6442854140809e-06,
            "status": "completed",
            "success": true,
            "time_max": 200.0,
            "time_min": 0.0
          },
          "nt_id": 35,
          "params": {
            "fmod0": 0.0020693711047025777,
            "kdeg": 0.021748820745129013,
            "kobs": 0.018344313717025582,
            "log_fmod0": -6.180510532019073,
            "log_fmod0_err": 0.5628705879727116,
            "log_kdeg": -3.828195741532084,
            "log_kdeg_err": 0.20942751156214093,
            "log_kobs": -3.9984356316851994,
            "log_kobs_err": 0.07864252245248933,
            "metadata": {
              "base": "C",
              "fmod_run_ids": [
                800,
                801,
                802,
                803,
                804,
                805,
                806
              ],
              "site": 30,
              "valtype": "modrate"
            }
          },
          "valtype": "modrate"
        },
        {
          "diagnostics": {
            "chisq": 2.550120014091046e-07,
            "covariance": {
              "matrix": [
                [
                  0.008690655252691585,
                  -0.004468175997563643,
                  -0.0176842512204696
                ],
                [
                  -0.004468175997563643,
                  0.18239404714614602,
                  -0.007386861677676593
                ],
                [
                  -0.0176842512204696,
                  -0.007386861677676593,
                  0.04374199135088825
                ]
              ],
              "params": [
                "log_kappa",
                "log_kdeg",
                "log_fmod_0"
              ]
            },
            "ndata": 7,
            "nfree": 4,
            "r2": 0.9669074514893721,
            "reduced_chisq": 6.375300035227615e-08,
            "status": "completed",
            "success": true,
            "time_max": 200.0,
            "time_min": 0.0
          },
          "nt_id": 36,
          "params": {
            "fmod0": 0.0012071839493332179,
            "kdeg": 0.1595220742710351,
            "kobs": 0.0029905139173599018,
            "log_fmod0": -6.719464946379991,
            "log_fmod0_err": 0.20914586142424202,
            "log_kdeg": -1.8355729696495697,
            "log_kdeg_err": 0.42707616082631683,
            "log_kobs": -5.81231002763331,
            "log_kobs_err": 0.09322368396867603,
            "metadata": {
              "base": "U",
              "fmod_run_ids": [
                800,
                801,
                802,
                803,
                804,
                805,
                806
              ],
              "site": 31,
              "valtype": "modrate"
            }
          },
          "valtype": "modrate"
        },
        {
          "diagnostics": {
            "chisq": 8.115325400681486e-08,
            "covariance": {
              "matrix": [
                [
                  0.02121506706519972,
                  -0.007146747141980759,
                  -0.03016389359576422
                ],
                [
                  -0.007146747141980759,
                  0.3020756131985276,
                  -0.01461198045998918
                ],
                [
                  -0.03016389359576422,
                  -0.01461198045998918,
                  0.052426637140826786
                ]
              ],
              "params": [
                "log_kappa",
                "log_kdeg",
                "log_fmod_0"
              ]
            },
            "ndata": 7,
            "nfree": 4,
            "r2": 0.9224244420672625,
            "reduced_chisq": 2.0288313501703716e-08,
            "status": "completed",
            "success": true,
            "time_max": 200.0,
            "time_min": 0.0
          },
          "nt_id": 37,
          "params": {
            "fmod0": 0.0006219882540198682,
            "kdeg": 0.13675443902206394,
            "kobs": 0.0010792173336330486,
            "log_fmod0": -7.382589349615834,
            "log_fmod0_err": 0.22896863789791558,
            "log_kdeg": -1.9895683773508452,
            "log_kdeg_err": 0.5496140584069221,
            "log_kobs": -6.831519191642033,
            "log_kobs_err": 0.14565392911006458,
            "metadata": {
              "base": "G",
              "fmod_run_ids": [
                800,
                801,
                802,
                803,
                804,
                805,
                806
              ],
              "site": 32,
              "valtype": "modrate"
            }
          },
          "valtype": "modrate"
        },
        {
          "diagnostics": {
            "chisq": 7.522721415947794e-09,
            "covariance": {
              "matrix": [
                [
                  0.024811571976910512,
                  -0.005347521967798268,
                  -0.006489602581100734
                ],
                [
                  -0.005347521967798268,
                  0.16967402772000892,
                  -0.012531778944730558
                ],
                [
                  -0.006489602581100734,
                  -0.012531778944730558,
                  0.003425539303905786
                ]
              ],
              "params": [
                "log_kappa",
                "log_kdeg",
                "log_fmod_0"
              ]
            },
            "ndata": 7,
            "nfree": 4,
            "r2": 0.9102915323770029,
            "reduced_chisq": 1.8806803539869484e-09,
            "status": "completed",
            "success": true,
            "time_max": 200.0,
            "time_min": 0.0
          },
          "nt_id": 38,
          "params": {
            "fmod0": 0.0006825721368772778,
            "kdeg": 0.024486319458755616,
            "kobs": 0.00029974487556559605,
            "log_fmod0": -7.289642341432206,
            "log_fmod0_err": 0.05852810695645115,
            "log_kdeg": -3.709640706827444,
            "log_kdeg_err": 0.4119150734314161,
            "log_kobs": -8.112578859897209,
            "log_kobs_err": 0.15751689425871282,
            "metadata": {
              "base": "G",
              "fmod_run_ids": [
                800,
                801,
                802,
                803,
                804,
                805,
                806
              ],
              "site": 33,
              "valtype": "modrate"
            }
          },
          "valtype": "modrate"
        },
        {
          "diagnostics": {
            "chisq": 4.511720082642808e-08,
            "covariance": {
              "matrix": [
                [
                  0.026931286731688892,
                  0.004135783910852448,
                  -0.022354811328360234
                ],
                [
                  0.004135783910852448,
                  0.1526908416864539,
                  -0.022259700563931974
                ],
                [
                  -0.022354811328360234,
                  -0.022259700563931974,
                  0.0244536599597796
                ]
              ],
              "params": [
                "log_kappa",
                "log_kdeg",
                "log_fmod_0"
              ]
            },
            "ndata": 7,
            "nfree": 4,
            "r2": 0.9031748486139395,
            "reduced_chisq": 1.127930020660702e-08,
            "status": "completed",
            "success": true,
            "time_max": 200.0,
            "time_min": 0.0
          },
          "nt_id": 39,
          "params": {
            "fmod0": 0.0006721253202412424,
            "kdeg": 0.05695637449886916,
            "kobs": 0.0007131294718991125,
            "log_fmod0": -7.305065746373705,
            "log_fmod0_err": 0.1563766605340439,
            "log_kdeg": -2.8654696638537893,
            "log_kdeg_err": 0.3907567551386078,
            "log_kobs": -7.245847566518709,
            "log_kobs_err": 0.16410754623626816,
            "metadata": {
              "base": "G",
              "fmod_run_ids": [
                800,
                801,
                802,
                803,
                804,
                805,
                806
              ],
              "site": 34,
              "valtype": "modrate"
            }
          },
          "valtype": "modrate"
        },
        {
          "diagnostics": {
            "chisq": 9.047196920998993e-08,
            "covariance": {
              "matrix": [
                [
                  10.55953701282684,
                  -13.617313684764916,
                  0.32348296162682677
                ],
                [
                  -13.617313684764916,
                  17.70136666029682,
                  -0.46061262583228235
                ],
                [
                  0.32348296162682677,
                  -0.46061262583228235,
                  0.030905678329723144
                ]
              ],
              "params": [
                "log_kappa",
                "log_kdeg",
                "log_fmod_0"
              ]
            },
            "ndata": 7,
            "nfree": 4,
            "r2": 0.7485854155521482,
            "reduced_chisq": 2.2617992302497484e-08,
            "status": "completed",
            "success": true,
            "time_max": 200.0,
            "time_min": 0.0
          },
          "nt_id": 40,
          "params": {
            "fmod0": 0.0006526585526815811,
            "kdeg": 0.0025641316385694485,
            "kobs": 0.001421518946443794,
            "log_fmod0": -7.3344564556698995,
            "log_fmod0_err": 0.17580010901510598,
            "log_kdeg": -5.966135400145894,
            "log_kdeg_err": 4.20729921211896,
            "log_kobs": -6.556029298475378,
            "log_kobs_err": 3.2495441238467344,
            "metadata": {
              "base": "G",
              "fmod_run_ids": [
                800,
                801,
                802,
                803,
                804,
                805,
                806
              ],
              "site": 35,
              "valtype": "modrate"
            }
          },
          "valtype": "modrate"
        },
        {
          "diagnostics": {
            "chisq": 1.1183858184499431e-07,
            "covariance": {
              "matrix": [
                [
                  0.03668550882465876,
                  0.005570665608122837,
                  -0.04380503078279133
                ],
                [
                  0.005570665608122837,
                  0.2081937273103555,
                  -0.04337597012924615
                ],
                [
                  -0.04380503078279133,
                  -0.04337597012924615,
                  0.06884724200283662
                ]
              ],
              "params": [
                "log_kappa",
                "log_kdeg",
                "log_fmod_0"
              ]
            },
            "ndata": 7,
            "nfree": 4,
            "r2": 0.8725918511464795,
            "reduced_chisq": 2.7959645461248578e-08,
            "status": "completed",
            "success": true,
            "time_max": 200.0,
            "time_min": 0.0
          },
          "nt_id": 41,
          "params": {
            "fmod0": 0.0006308130298313047,
            "kdeg": 0.05736406174376004,
            "kobs": 0.0009623868278509059,
            "log_fmod0": -7.368501047046706,
            "log_fmod0_err": 0.26238757974194704,
            "log_kdeg": -2.8583372737654256,
            "log_kdeg_err": 0.4562825082230914,
            "log_kobs": -6.94609408016918,
            "log_kobs_err": 0.19153461521265225,
            "metadata": {
              "base": "G",
              "fmod_run_ids": [
                800,
                801,
                802,
                803,
                804,
                805,
                806
              ],
              "site": 36,
              "valtype": "modrate"
            }
          },
          "valtype": "modrate"
        },
        {
          "diagnostics": {
            "chisq": 5.913466644518043e-06,
            "covariance": {
              "matrix": [
                [
                  0.005675047162510219,
                  -0.0015702856981186877,
                  -0.04201407441378769
                ],
                [
                  -0.0015702856981186877,
                  0.03886029720735842,
                  -0.08337005771107187
                ],
                [
                  -0.04201407441378769,
                  -0.08337005771107187,
                  0.6573934086344209
                ]
              ],
              "params": [
                "log_kappa",
                "log_kdeg",
                "log_fmod_0"
              ]
            },
            "ndata": 7,
            "nfree": 4,
            "r2": 0.9784431001456095,
            "reduced_chisq": 1.4783666611295107e-06,
            "status": "completed",
            "success": true,
            "time_max": 200.0,
            "time_min": 0.0
          },
          "nt_id": 42,
          "params": {
            "fmod0": 0.0013762697908016389,
            "kdeg": 0.02352731739114989,
            "kobs": 0.017964735742486828,
            "log_fmod0": -6.588378489793439,
            "log_fmod0_err": 0.8107980072955414,
            "log_kdeg": -3.749593090768204,
            "log_kdeg_err": 0.19713015296336178,
            "log_kobs": -4.019344568099747,
            "log_kobs_err": 0.07533290889452111,
            "metadata": {
              "base": "C",
              "fmod_run_ids": [
                800,
                801,
                802,
                803,
                804,
                805,
                806
              ],
              "site": 37,
              "valtype": "modrate"
            }
          },
          "valtype": "modrate"
        },
        {
          "diagnostics": {
            "chisq": 7.631392131928074e-07,
            "covariance": {
              "matrix": [
                [
                  0.03706534047419588,
                  -0.05789275607576775,
                  -0.08705179867041797
                ],
                [
                  -0.05789275607576775,
                  3.9671566558808107,
                  -0.024087392689463836
                ],
                [
                  -0.08705179867041797,
                  -0.024087392689463836,
                  0.2462345646518055
                ]
              ],
              "params": [
                "log_kappa",
                "log_kdeg",
                "log_fmod_0"
              ]
            },
            "ndata": 7,
            "nfree": 4,
            "r2": 0.8737204145198092,
            "reduced_chisq": 1.9078480329820184e-07,
            "status": "completed",
            "success": true,
            "time_max": 200.0,
            "time_min": 0.0
          },
          "nt_id": 43,
          "params": {
            "fmod0": 0.0008801996000215152,
            "kdeg": 0.24138586938495357,
