{
  "artifacts": {},
  "engine": "python_baseline",
  "engine_version": "0.1.0",
  "metadata": {
    "buffer_pH": 6.5,
    "done_by": [
      "EKC"
    ],
    "experiment_id": "ekc.01.0xx",
    "fmod_run_id": 515,
    "notes": "Baseline python engine demo using examples/nerd.sqlite",
    "rg_id": 16,
    "rg_label": "60_1",
    "rounds_requested": [
      "round1_free",
      "round2_global",
      "round3_constrained"
    ],
    "temperature_c": 60.0,
    "valtypes": [
      "modrate",
      "GAmodrate"
    ]
  },
  "rounds": [
    {
      "global_params": {},
      "notes": null,
      "per_nt": [
        {
          "diagnostics": {
            "reason": "Non-zero fmod values are required for a fit.",
            "status": "failed"
          },
          "nt_id": 390,
          "params": {},
          "valtype": "modrate"
        },
        {
          "diagnostics": {
            "reason": "Non-zero fmod values are required for a fit.",
            "status": "failed"
          },
          "nt_id": 391,
          "params": {},
          "valtype": "modrate"
        },
        {
          "diagnostics": {
            "reason": "Non-zero fmod values are required for a fit.",
            "status": "failed"
          },
          "nt_id": 392,
          "params": {},
          "valtype": "modrate"
        },
        {
          "diagnostics": {
            "reason": "Non-zero fmod values are required for a fit.",
            "status": "failed"
          },
          "nt_id": 393,
          "params": {},
          "valtype": "modrate"
        },
        {
          "diagnostics": {
            "chisq": 2.1119955046224467e-07,
            "covariance": {
              "matrix": [
                [
                  0.037448224261190675,
                  0.008646320482116679,
                  -0.07982890701497151
                ],
                [
                  0.008646320482116679,
                  0.20150505976038396,
                  -0.08502689660638921
                ],
                [
                  -0.07982890701497151,
                  -0.08502689660638921,
                  0.22568438357606563
                ]
              ],
              "params": [
                "log_kappa",
                "log_kdeg",
                "log_fmod_0"
              ]
            },
            "ndata": 7,
            "nfree": 4,
            "r2": 0.8709931928139536,
            "reduced_chisq": 5.279988761556117e-08,
            "status": "completed",
            "success": true,
            "time_max": 540.0,
            "time_min": 0.0
          },
          "nt_id": 394,
          "params": {
            "fmod0": 0.00047602482212073414,
            "kdeg": 0.02505444901001874,
            "kobs": 0.0013047075953997235,
            "log_fmod0": -7.650040557780011,
            "log_fmod0_err": 0.47506250491494867,
            "log_kdeg": -3.686703862030829,
            "log_kdeg_err": 0.44889314960286925,
            "log_kobs": -6.641776328141552,
            "log_kobs_err": 0.1935154367516728,
            "metadata": {
              "base": "U",
              "fmod_run_ids": [
                509,
                510,
                511,
                512,
                513,
                514,
                515
              ],
              "site": 5,
              "valtype": "modrate"
            }
          },
          "valtype": "modrate"
        },
        {
          "diagnostics": {
            "chisq": 5.655328333333333e-07,
            "ndata": 7,
            "nfree": 4,
            "r2": 0.8753142527288535,
            "reduced_chisq": 1.4138320833333333e-07,
            "status": "completed",
            "success": true,
            "time_max": 540.0,
            "time_min": 0.0
          },
          "nt_id": 395,
          "params": {
            "fmod0": 0.00030000000133726854,
            "kdeg": 2.3249274716454296,
            "kobs": 0.002154485904921135,
            "log_fmod0": -8.111728078850511,
            "log_kdeg": 0.8436888435615326,
            "log_kobs": -6.140203143087528,
            "metadata": {
              "base": "G",
              "fmod_run_ids": [
                509,
                510,
                511,
                512,
                513,
                514,
                515
              ],
              "site": 6,
              "valtype": "modrate"
            }
          },
          "valtype": "modrate"
        },
        {
          "diagnostics": {
            "chisq": 2.295757624242178e-06,
            "covariance": {
              "matrix": [
                [
                  0.0005729717681396558,
                  -2.1949226570396657e-05,
                  -0.4477181463283182
                ],
                [
                  -2.1949226570396657e-05,
                  0.004014652948623689,
                  -0.9009001089029388
                ],
                [
                  -0.4477181463283182,
                  -0.9009001089029388,
                  678.3956004980489
                ]
              ],
              "params": [
                "log_kappa",
                "log_kdeg",
                "log_fmod_0"
              ]
            },
            "ndata": 7,
            "nfree": 4,
            "r2": 0.9977965896178261,
            "reduced_chisq": 5.739394060605445e-07,
            "status": "completed",
            "success": true,
            "time_max": 540.0,
            "time_min": 0.0
          },
          "nt_id": 396,
          "params": {
            "fmod0": 2.6241626389090416e-05,
            "kdeg": 0.010266829041234079,
            "kobs": 0.03464747190807267,
            "log_fmod0": -10.548163614517591,
            "log_fmod0_err": 26.046028497604944,
            "log_kdeg": -4.578837062091167,
            "log_kdeg_err": 0.06336128903852642,
            "log_kobs": -3.3625305168139774,
            "log_kobs_err": 0.02393682869846496,
            "metadata": {
              "base": "A",
              "fmod_run_ids": [
                509,
                510,
                511,
                512,
                513,
                514,
                515
              ],
              "site": 7,
              "valtype": "modrate"
            }
          },
          "valtype": "modrate"
        },
        {
          "diagnostics": {
            "chisq": 2.2386364482053192e-06,
            "covariance": {
              "matrix": [
                [
                  0.0005089778282850611,
                  4.304600457730216e-06,
                  -0.0289165806710608
                ],
                [
                  4.304600457730216e-06,
                  0.00348181866619145,
                  -0.056083708625104735
                ],
                [
                  -0.0289165806710608,
                  -0.056083708625104735,
                  3.069205081002771
                ]
              ],
              "params": [
                "log_kappa",
                "log_kdeg",
                "log_fmod_0"
              ]
            },
            "ndata": 7,
            "nfree": 4,
            "r2": 0.9980455685872368,
            "reduced_chisq": 5.596591120513298e-07,
            "status": "completed",
            "success": true,
            "time_max": 540.0,
            "time_min": 0.0
          },
          "nt_id": 397,
          "params": {
            "fmod0": 0.0003880717424467765,
            "kdeg": 0.01063974991719676,
            "kobs": 0.036364675717503826,
            "log_fmod0": -7.854320332220151,
            "log_fmod0_err": 1.7519146899900038,
            "log_kdeg": -4.5431582993677235,
            "log_kdeg_err": 0.05900693744121491,
            "log_kobs": -3.3141574228496347,
            "log_kobs_err": 0.022560536968012555,
            "metadata": {
              "base": "A",
              "fmod_run_ids": [
                509,
                510,
                511,
                512,
                513,
                514,
                515
              ],
              "site": 8,
              "valtype": "modrate"
            }
          },
          "valtype": "modrate"
        },
        {
          "diagnostics": {
            "chisq": 7.038706320268882e-06,
            "covariance": {
              "matrix": [
                [
                  0.0010516134026287828,
                  0.00014593286180779978,
                  -0.07719452429201715
                ],
                [
                  0.00014593286180779978,
                  0.006576414504450318,
                  -0.13161744710569526
                ],
                [
                  -0.07719452429201715,
                  -0.13161744710569526,
                  9.47491891821196
                ]
              ],
              "params": [
                "log_kappa",
                "log_kdeg",
                "log_fmod_0"
              ]
            },
            "ndata": 7,
            "nfree": 4,
            "r2": 0.9960226248901527,
            "reduced_chisq": 1.7596765800672206e-06,
            "status": "completed",
            "success": true,
            "time_max": 540.0,
            "time_min": 0.0
          },
          "nt_id": 398,
          "params": {
            "fmod0": 0.00039902196104564714,
            "kdeg": 0.012162228126906925,
            "kobs": 0.04545762638106861,
            "log_fmod0": -7.826494102374413,
            "log_fmod0_err": 3.0781356237521376,
            "log_kdeg": -4.409420185108802,
            "log_kdeg_err": 0.08109509544017023,
            "log_kobs": -3.090974675271793,
            "log_kobs_err": 0.03242858927904177,
            "metadata": {
              "base": "C",
              "fmod_run_ids": [
                509,
                510,
                511,
                512,
                513,
                514,
                515
              ],
              "site": 9,
              "valtype": "modrate"
            }
          },
          "valtype": "modrate"
        },
        {
          "diagnostics": {
            "chisq": 9.062772464608014e-08,
            "covariance": {
              "matrix": [
                [
                  0.11375518505237593,
                  0.032279065081797405,
                  -0.055078485704770606
                ],
                [
                  0.032279065081797405,
                  0.6232464758951531,
                  -0.0709801282653264
                ],
                [
                  -0.055078485704770606,
                  -0.0709801282653264,
                  0.03737538191327002
                ]
              ],
              "params": [
                "log_kappa",
                "log_kdeg",
                "log_fmod_0"
              ]
            },
            "ndata": 7,
            "nfree": 4,
            "r2": 0.6905443073461481,
            "reduced_chisq": 2.2656931161520035e-08,
            "status": "completed",
            "success": true,
            "time_max": 540.0,
            "time_min": 0.0
          },
          "nt_id": 399,
          "params": {
            "fmod0": 0.000752321798329844,
            "kdeg": 0.018779912501299654,
            "kobs": 0.00048427889858425853,
            "log_fmod0": -7.19234640223654,
            "log_fmod0_err": 0.19332713703272497,
            "log_kdeg": -3.9749674643555974,
            "log_kdeg_err": 0.7894596100467415,
            "log_kobs": -7.632849580463947,
            "log_kobs_err": 0.33727612582626704,
            "metadata": {
              "base": "U",
              "fmod_run_ids": [
                509,
                510,
                511,
                512,
                513,
                514,
                515
              ],
              "site": 10,
              "valtype": "modrate"
            }
          },
          "valtype": "modrate"
        },
        {
          "diagnostics": {
            "chisq": 5.1498863668421e-08,
            "covariance": {
              "matrix": [
                [
                  0.0327938579792363,
                  0.008510276545536382,
                  -0.023605745397574325
                ],
                [
                  0.008510276545536382,
                  0.1758759382222448,
                  -0.027100917711844766
                ],
                [
                  -0.023605745397574325,
                  -0.027100917711844766,
                  0.022951095709966184
                ]
              ],
              "params": [
                "log_kappa",
                "log_kdeg",
                "log_fmod_0"
              ]
            },
            "ndata": 7,
            "nfree": 4,
            "r2": 0.8853918807721969,
            "reduced_chisq": 1.287471591710525e-08,
            "status": "completed",
            "success": true,
            "time_max": 540.0,
            "time_min": 0.0
          },
          "nt_id": 400,
          "params": {
            "fmod0": 0.0007326915364328791,
            "kdeg": 0.02238738239924417,
            "kobs": 0.0006853970767088662,
            "log_fmod0": -7.2187857680690035,
            "log_fmod0_err": 0.15149619041403709,
            "log_kdeg": -3.7992577645741883,
            "log_kdeg_err": 0.41937565287251094,
            "log_kobs": -7.2855122136205965,
            "log_kobs_err": 0.18109074515070145,
            "metadata": {
              "base": "U",
              "fmod_run_ids": [
                509,
                510,
                511,
                512,
                513,
                514,
                515
              ],
              "site": 11,
              "valtype": "modrate"
            }
          },
          "valtype": "modrate"
        },
        {
          "diagnostics": {
            "chisq": 1.1456083321191574e-07,
            "covariance": {
              "matrix": [
                [
                  0.027749772351573308,
                  0.007787800526973863,
                  -0.02649422802186207
                ],
                [
                  0.007787800526973863,
                  0.1508443882308226,
                  -0.03327752917731402
                ],
                [
                  -0.02649422802186207,
                  -0.03327752917731402,
                  0.03513021464910384
                ]
              ],
              "params": [
                "log_kappa",
                "log_kdeg",
                "log_fmod_0"
              ]
            },
            "ndata": 7,
            "nfree": 4,
            "r2": 0.9014951964660516,
            "reduced_chisq": 2.8640208302978934e-08,
            "status": "completed",
            "success": true,
            "time_max": 540.0,
            "time_min": 0.0
          },
          "nt_id": 401,
          "params": {
            "fmod0": 0.0008750786471417959,
            "kdeg": 0.019508789534227675,
            "kobs": 0.0011051924753343613,
            "log_fmod0": -7.041196793198078,
            "log_fmod0_err": 0.18743055953900326,
            "log_kdeg": -3.936890169622594,
            "log_kdeg_err": 0.3883869053287232,
            "log_kobs": -6.807735773358059,
            "log_kobs_err": 0.16658262920116643,
            "metadata": {
              "base": "U",
              "fmod_run_ids": [
                509,
                510,
                511,
                512,
                513,
                514,
                515
              ],
              "site": 12,
              "valtype": "modrate"
            }
          },
          "valtype": "modrate"
        },
        {
          "diagnostics": {
            "chisq": 7.576768418595878e-08,
            "covariance": {
              "matrix": [
                [
                  0.017433558112868244,
                  0.004550014517751433,
                  -0.0327053554546917
                ],
                [
                  0.004550014517751433,
                  0.09348593268256342,
                  -0.03773833397032365
                ],
                [
                  -0.0327053554546917,
                  -0.03773833397032365,
                  0.08299533464409246
                ]
              ],
              "params": [
                "log_kappa",
                "log_kdeg",
                "log_fmod_0"
              ]
            },
            "ndata": 7,
            "nfree": 4,
            "r2": 0.9356551609438448,
            "reduced_chisq": 1.8941921046489694e-08,
            "status": "completed",
            "success": true,
            "time_max": 540.0,
            "time_min": 0.0
          },
          "nt_id": 402,
          "params": {
            "fmod0": 0.00046711963789469046,
            "kdeg": 0.02220173242444653,
            "kobs": 0.0011403942960552323,
            "log_fmod0": -7.668925149176203,
            "log_fmod0_err": 0.28808910886059624,
            "log_kdeg": -3.8075849560114112,
            "log_kdeg_err": 0.3057546936394655,
            "log_kobs": -6.776381202643604,
            "log_kobs_err": 0.1320362000091954,
            "metadata": {
              "base": "U",
              "fmod_run_ids": [
                509,
                510,
                511,
                512,
                513,
                514,
                515
              ],
              "site": 13,
              "valtype": "modrate"
            }
          },
          "valtype": "modrate"
        },
        {
          "diagnostics": {
            "chisq": 1.2922712858739371e-05,
            "covariance": {
              "matrix": [
                [
                  5.384785645598849e+18,
                  -5.340281967882614e+18,
                  -33624881.73966215
                ],
                [
                  -5.340281967882614e+18,
                  5.950678736486643e+18,
                  -147791318.98091778
                ],
                [
                  -33624881.73966215,
                  -147791318.98091778,
                  0.08534032707874087
                ]
              ],
              "params": [
                "log_kappa",
                "log_kdeg",
                "log_fmod_0"
              ]
            },
            "ndata": 7,
            "nfree": 4,
            "r2": -1.2354339773423817e-10,
            "reduced_chisq": 3.230678214684843e-06,
            "status": "completed",
            "success": true,
            "time_max": 540.0,
            "time_min": 0.0
          },
          "nt_id": 403,
          "params": {
            "fmod0": 0.00363114292786098,
            "kdeg": 1.228664419200723e-09,
            "kobs": 3.925340103340301e-06,
            "log_fmod0": -5.618207824102127,
            "log_fmod0_err": 0.2921306678162032,
            "log_kdeg": -20.51733809555951,
            "log_kdeg_err": 2439401306.978137,
            "log_kobs": -12.448057559951282,
            "log_kobs_err": 2320514090.799461,
            "metadata": {
              "base": "G",
              "fmod_run_ids": [
                509,
                510,
                511,
                512,
                513,
                514,
                515
              ],
              "site": 14,
              "valtype": "modrate"
            }
          },
          "valtype": "modrate"
        },
        {
          "diagnostics": {
            "chisq": 1.0342457895239836e-05,
            "covariance": {
              "matrix": [
                [
                  0.002346292253933946,
                  -0.0006520352006649088,
                  -0.03653410245121844
                ],
                [
                  -0.0006520352006649088,
                  0.01787325569512371,
                  -0.08578024377391719
                ],
                [
                  -0.03653410245121844,
                  -0.08578024377391719,
                  1.331787946301601
                ]
              ],
              "params": [
                "log_kappa",
                "log_kdeg",
                "log_fmod_0"
              ]
            },
            "ndata": 7,
            "nfree": 4,
            "r2": 0.9911405791625449,
            "reduced_chisq": 2.585614473809959e-06,
            "status": "completed",
            "success": true,
            "time_max": 540.0,
            "time_min": 0.0
          },
          "nt_id": 404,
          "params": {
            "fmod0": 0.0012335318162742797,
            "kdeg": 0.008918044539877608,
            "kobs": 0.036688521816805264,
            "log_fmod0": -6.697873828833971,
            "log_fmod0_err": 1.1540311721533352,
            "log_kdeg": -4.719678578409686,
            "log_kdeg_err": 0.1336908960816843,
            "log_kobs": -3.305291329875573,
            "log_kobs_err": 0.04843854099716409,
            "metadata": {
              "base": "A",
              "fmod_run_ids": [
                509,
                510,
                511,
                512,
                513,
                514,
                515
              ],
              "site": 15,
              "valtype": "modrate"
            }
          },
          "valtype": "modrate"
        },
        {
          "diagnostics": {
            "chisq": 5.090987346827979e-06,
            "covariance": {
              "matrix": [
                [
                  0.0015214670034949648,
                  -0.00036419071359839166,
                  -0.030946404676468676
                ],
                [
                  -0.00036419071359839166,
                  0.01151406194396088,
                  -0.07125994907300136
                ],
                [
                  -0.030946404676468676,
                  -0.07125994907300136,
                  1.4303744256093156
                ]
              ],
              "params": [
                "log_kappa",
                "log_kdeg",
                "log_fmod_0"
              ]
            },
            "ndata": 7,
            "nfree": 4,
            "r2": 0.9941925213893844,
            "reduced_chisq": 1.2727468367069947e-06,
            "status": "completed",
            "success": true,
            "time_max": 540.0,
            "time_min": 0.0
          },
          "nt_id": 405,
          "params": {
            "fmod0": 0.0008372616270704711,
            "kdeg": 0.009096369440218289,
            "kobs": 0.031739313012179346,
            "log_fmod0": -7.08537395917173,
            "log_fmod0_err": 1.1959826192755962,
            "log_kdeg": -4.699879907679465,
            "log_kdeg_err": 0.10730359706906792,
            "log_kobs": -3.4501992083468678,
            "log_kobs_err": 0.0390059867647899,
            "metadata": {
              "base": "A",
              "fmod_run_ids": [
                509,
                510,
                511,
                512,
                513,
                514,
                515
              ],
              "site": 16,
              "valtype": "modrate"
            }
          },
          "valtype": "modrate"
        },
        {
          "diagnostics": {
            "chisq": 3.595413902841236e-08,
            "covariance": {
              "matrix": [
                [
                  0.007589257879722902,
                  0.002107953500542825,
                  -0.01471819912867954
                ],
                [
                  0.002107953500542825,
                  0.04107619372503047,
                  -0.018161650348470594
                ],
                [
                  -0.01471819912867954,
                  -0.018161650348470594,
                  0.039403792427935715
                ]
              ],
              "params": [
                "log_kappa",
                "log_kdeg",
                "log_fmod_0"
              ]
            },
            "ndata": 7,
            "nfree": 4,
            "r2": 0.9709788884390519,
            "reduced_chisq": 8.98853475710309e-09,
            "status": "completed",
            "success": true,
            "time_max": 540.0,
            "time_min": 0.0
          },
          "nt_id": 406,
          "params": {
            "fmod0": 0.0004638091092243922,
            "kdeg": 0.02004016875915611,
            "kobs": 0.0011855250104418086,
            "log_fmod0": -7.676037492920896,
            "log_fmod0_err": 0.19850388517088455,
            "log_kdeg": -3.910016581685356,
            "log_kdeg_err": 0.2026726269752047,
            "log_kobs": -6.737569555724955,
            "log_kobs_err": 0.08711634679968451,
            "metadata": {
              "base": "U",
              "fmod_run_ids": [
                509,
                510,
                511,
                512,
                513,
                514,
                515
              ],
              "site": 17,
              "valtype": "modrate"
            }
          },
          "valtype": "modrate"
        },
        {
          "diagnostics": {
            "chisq": 4.871722931895159e-07,
            "covariance": {
              "matrix": [
                [
                  0.0001329147240590137,
                  1.1776952435141048e-05,
                  -0.0032514974311271217
                ],
                [
                  1.1776952435141048e-05,
                  0.0008730765981591221,
                  -0.005914185414847943
                ],
                [
                  -0.0032514974311271217,
                  -0.005914185414847943,
                  0.1395077233717604
                ]
              ],
              "params": [
                "log_kappa",
                "log_kdeg",
                "log_fmod_0"
              ]
            },
            "ndata": 7,
            "nfree": 4,
            "r2": 0.9994877069928297,
            "reduced_chisq": 1.2179307329737898e-07,
            "status": "completed",
            "success": true,
            "time_max": 540.0,
            "time_min": 0.0
          },
          "nt_id": 407,
          "params": {
            "fmod0": 0.0008573570570307526,
            "kdeg": 0.011431108350282167,
            "kobs": 0.03312542745198122,
            "log_fmod0": -7.061656090159955,
            "log_fmod0_err": 0.37350732706569545,
            "log_kdeg": -4.471416837347938,
            "log_kdeg_err": 0.029547869604408406,
            "log_kobs": -3.4074540905482555,
            "log_kobs_err": 0.011528864820918567,
            "metadata": {
              "base": "A",
              "fmod_run_ids": [
                509,
                510,
                511,
                512,
                513,
                514,
                515
              ],
              "site": 18,
              "valtype": "modrate"
            }
          },
          "valtype": "modrate"
        },
        {
          "diagnostics": {
            "chisq": 8.149250987514602e-08,
            "covariance": {
              "matrix": [
                [
                  0.01051559406250465,
                  0.0009320482700044256,
                  -0.02332943208161693
                ],
                [
                  0.0009320482700044256,
                  0.06423381581508976,
                  -0.019149277915697125
                ],
                [
                  -0.02332943208161693,
                  -0.019149277915697125,
                  0.0657869138464294
                ]
              ],
              "params": [
                "log_kappa",
                "log_kdeg",
                "log_fmod_0"
              ]
            },
            "ndata": 7,
            "nfree": 4,
            "r2": 0.9597430680700357,
            "reduced_chisq": 2.0373127468786504e-08,
            "status": "completed",
            "success": true,
            "time_max": 540.0,
            "time_min": 0.0
          },
          "nt_id": 408,
          "params": {
            "fmod0": 0.0005540286876010837,
            "kdeg": 0.03623982493659758,
            "kobs": 0.0015398939302203333,
            "log_fmod0": -7.49829408988423,
            "log_fmod0_err": 0.25648959793026577,
            "log_kdeg": -3.3175966284868634,
            "log_kdeg_err": 0.25344391058987736,
            "log_kobs": -6.476041741408996,
            "log_kobs_err": 0.10254557066253349,
            "metadata": {
              "base": "G",
              "fmod_run_ids": [
                509,
                510,
                511,
                512,
                513,
                514,
                515
              ],
              "site": 19,
              "valtype": "modrate"
            }
          },
          "valtype": "modrate"
        },
        {
          "diagnostics": {
            "chisq": 2.325193071545869e-07,
            "covariance": {
              "matrix": [
                [
                  0.04966696393536107,
                  -0.0017913093914049192,
                  -0.059443374638705644
                ],
                [
                  -0.0017913093914049192,
                  0.37112019567615917,
                  -0.04065965010806445
                ],
                [
                  -0.059443374638705644,
                  -0.04065965010806445,
                  0.08880628554052092
                ]
              ],
              "params": [
                "log_kappa",
                "log_kdeg",
                "log_fmod_0"
              ]
            },
            "ndata": 7,
            "nfree": 4,
            "r2": 0.8344400449022237,
            "reduced_chisq": 5.8129826788646724e-08,
            "status": "completed",
            "success": true,
            "time_max": 540.0,
            "time_min": 0.0
          },
          "nt_id": 409,
          "params": {
            "fmod0": 0.0008078207486518224,
            "kdeg": 0.04588770915109476,
            "kobs": 0.0011970792136570968,
            "log_fmod0": -7.121170369782525,
            "log_fmod0_err": 0.2980038347748581,
            "log_kdeg": -3.0815579722595796,
            "log_kdeg_err": 0.6091963523168529,
            "log_kobs": -6.727870677772919,
            "log_kobs_err": 0.2228608622781512,
            "metadata": {
              "base": "U",
              "fmod_run_ids": [
                509,
                510,
                511,
                512,
                513,
                514,
                515
              ],
              "site": 20,
              "valtype": "modrate"
            }
          },
          "valtype": "modrate"
        },
        {
          "diagnostics": {
            "chisq": 1.2222288333333329e-06,
            "ndata": 7,
            "nfree": 4,
            "r2": 0.8782264298273998,
            "reduced_chisq": 3.055572083333332e-07,
            "status": "completed",
            "success": true,
            "time_max": 540.0,
            "time_min": 0.0
          },
          "nt_id": 410,
          "params": {
            "fmod0": 0.0006060000000028431,
            "kdeg": 11.175716743048678,
            "kobs": 0.003211986242643819,
            "log_fmod0": -7.408630571890268,
            "log_kdeg": 2.4137432765232925,
            "log_kobs": -5.74086576601893,
            "metadata": {
              "base": "G",
              "fmod_run_ids": [
                509,
                510,
                511,
                512,
                513,
                514,
                515
              ],
              "site": 21,
              "valtype": "modrate"
            }
          },
          "valtype": "modrate"
        },
        {
          "diagnostics": {
            "chisq": 1.6551946833743406e-05,
            "covariance": {
              "matrix": [
                [
                  0.0032873060724865587,
                  -0.0007370882790023077,
                  -0.035300966366132606
                ],
                [
                  -0.0007370882790023077,
                  0.024580793481438244,
                  -0.08004590330624008
                ],
                [
                  -0.035300966366132606,
                  -0.08004590330624008,
                  0.8494258432449779
                ]
              ],
              "params": [
                "log_kappa",
                "log_kdeg",
                "log_fmod_0"
              ]
            },
            "ndata": 7,
            "nfree": 4,
            "r2": 0.9876226794329858,
            "reduced_chisq": 4.1379867084358515e-06,
            "status": "completed",
            "success": true,
            "time_max": 540.0,
            "time_min": 0.0
          },
          "nt_id": 411,
          "params": {
            "fmod0": 0.001962635753876172,
            "kdeg": 0.00916478258563664,
            "kobs": 0.03921729220000939,
            "log_fmod0": -6.233466936750476,
            "log_fmod0_err": 0.9216430129095419,
            "log_kdeg": -4.692387120215529,
            "log_kdeg_err": 0.15678263131303238,
            "log_kobs": -3.2386375019026143,
            "log_kobs_err": 0.05733503355267666,
            "metadata": {
              "base": "A",
              "fmod_run_ids": [
                509,
                510,
                511,
                512,
                513,
                514,
                515
              ],
              "site": 22,
              "valtype": "modrate"
            }
          },
          "valtype": "modrate"
        },
        {
          "diagnostics": {
            "chisq": 2.6003334867754213e-07,
            "covariance": {
              "matrix": [
                [
                  0.09839114743414366,
                  0.008983286017574763,
                  -0.06087043268650149
                ],
                [
                  0.008983286017574763,
                  0.5993970158976791,
                  -0.05017929676760952
                ],
                [
                  -0.06087043268650149,
                  -0.05017929676760952,
                  0.04788695559506587
                ]
              ],
              "params": [
                "log_kappa",
                "log_kdeg",
                "log_fmod_0"
              ]
            },
            "ndata": 7,
            "nfree": 4,
            "r2": 0.7180314300815691,
            "reduced_chisq": 6.500833716938553e-08,
            "status": "completed",
            "success": true,
            "time_max": 540.0,
            "time_min": 0.0
          },
          "nt_id": 412,
          "params": {
            "fmod0": 0.0011598858148136406,
            "kdeg": 0.03605814992718222,
            "kobs": 0.0008986400609181299,
            "log_fmod0": -6.759433714214438,
            "log_fmod0_err": 0.21883088354952523,
            "log_kdeg": -3.322622367925734,
            "log_kdeg_err": 0.7742073468378347,
            "log_kobs": -7.0146279808417145,
            "log_kobs_err": 0.31367363203518345,
            "metadata": {
              "base": "U",
              "fmod_run_ids": [
                509,
                510,
                511,
                512,
                513,
                514,
                515
              ],
              "site": 23,
              "valtype": "modrate"
            }
          },
          "valtype": "modrate"
        },
        {
          "diagnostics": {
            "chisq": 3.8658235825889063e-07,
            "covariance": {
              "matrix": [
                [
                  0.07569719162082982,
                  0.005557511517801731,
                  -0.08382321488986612
                ],
                [
                  0.005557511517801731,
                  0.4722913751751259,
                  -0.0671902187742497
                ],
                [
                  -0.08382321488986612,
                  -0.0671902187742497,
                  0.11765384436996373
                ]
              ],
              "params": [
                "log_kappa",
                "log_kdeg",
                "log_fmod_0"
              ]
            },
            "ndata": 7,
            "nfree": 4,
            "r2": 0.7679529927033111,
            "reduced_chisq": 9.664558956472266e-08,
            "status": "completed",
            "success": true,
            "time_max": 540.0,
            "time_min": 0.0
          },
          "nt_id": 413,
          "params": {
            "fmod0": 0.0009028287609418055,
            "kdeg": 0.03741667851162268,
            "kobs": 0.0012499477357613114,
            "log_fmod0": -7.009977656038517,
            "log_fmod0_err": 0.3430070616911024,
            "log_kdeg": -3.285638724458953,
            "log_kdeg_err": 0.6872345852582842,
            "log_kobs": -6.684653539932999,
            "log_kobs_err": 0.2751312261827614,
            "metadata": {
              "base": "U",
              "fmod_run_ids": [
                509,
                510,
                511,
                512,
                513,
                514,
                515
              ],
              "site": 24,
              "valtype": "modrate"
            }
          },
          "valtype": "modrate"
        },
        {
          "diagnostics": {
            "chisq": 1.2574426070763086e-05,
            "covariance": {
              "matrix": [
                [
                  0.0018271942243010457,
                  -0.00012009722096666967,
                  -0.03038212887992296
                ],
                [
                  -0.00012009722096666967,
                  0.012801290337023794,
                  -0.0616993279187738
                ],
                [
                  -0.03038212887992296,
                  -0.0616993279187738,
                  0.9972192555636432
                ]
              ],
              "params": [
                "log_kappa",
                "log_kdeg",
                "log_fmod_0"
              ]
            },
            "ndata": 7,
            "nfree": 4,
            "r2": 0.9930922443394753,
            "reduced_chisq": 3.1436065176907716e-06,
            "status": "completed",
            "success": true,
            "time_max": 540.0,
            "time_min": 0.0
          },
          "nt_id": 414,
          "params": {
            "fmod0": 0.0016023490126103213,
            "kdeg": 0.010077987843099025,
            "kobs": 0.045969005011117024,
            "log_fmod0": -6.436284593508378,
            "log_fmod0_err": 0.9986086598681403,
            "log_kdeg": -4.597401655005563,
            "log_kdeg_err": 0.11314278738401222,
            "log_kobs": -3.0797879137072037,
            "log_kobs_err": 0.04274569246486768,
            "metadata": {
              "base": "C",
              "fmod_run_ids": [
                509,
                510,
                511,
                512,
                513,
                514,
                515
              ],
              "site": 25,
              "valtype": "modrate"
            }
          },
          "valtype": "modrate"
        },
        {
          "diagnostics": {
            "chisq": 2.0043210952166266e-06,
            "covariance": {
              "matrix": [
                [
                  0.0004599706092918639,
                  -2.767933515606742e-05,
                  -0.009359866927520787
                ],
                [
                  -2.767933515606742e-05,
                  0.0032484765673012226,
                  -0.019104044645789672
                ],
                [
                  -0.009359866927520787,
                  -0.019104044645789672,
                  0.3754998614210269
                ]
              ],
              "params": [
                "log_kappa",
                "log_kdeg",
                "log_fmod_0"
              ]
            },
            "ndata": 7,
            "nfree": 4,
