{
  "artifacts": {},
  "engine": "python_baseline",
  "engine_version": "0.1.0",
  "metadata": {
    "buffer_pH": 6.5,
    "done_by": [
      "EKC"
    ],
    "experiment_id": "ekc.01.0xx",
    "fmod_run_id": 537,
    "notes": "Baseline python engine demo using examples/nerd.sqlite",
    "rg_id": 17,
    "rg_label": "60_2",
    "rounds_requested": [
      "round1_free",
      "round2_global",
      "round3_constrained"
    ],
    "temperature_c": 60.0,
    "valtypes": [
      "modrate",
      "GAmodrate"
    ]
  },
  "rounds": [
    {
      "global_params": {},
      "notes": null,
      "per_nt": [
        {
          "diagnostics": {
            "reason": "Non-zero fmod values are required for a fit.",
            "status": "failed"
          },
          "nt_id": 390,
          "params": {},
          "valtype": "modrate"
        },
        {
          "diagnostics": {
            "reason": "Non-zero fmod values are required for a fit.",
            "status": "failed"
          },
          "nt_id": 391,
          "params": {},
          "valtype": "modrate"
        },
        {
          "diagnostics": {
            "reason": "Non-zero fmod values are required for a fit.",
            "status": "failed"
          },
          "nt_id": 392,
          "params": {},
          "valtype": "modrate"
        },
        {
          "diagnostics": {
            "reason": "Non-zero fmod values are required for a fit.",
            "status": "failed"
          },
          "nt_id": 393,
          "params": {},
          "valtype": "modrate"
        },
        {
          "diagnostics": {
            "chisq": 1.9819252160205867e-07,
            "covariance": {
              "matrix": [
                [
                  0.09841990585966189,
                  0.028011350389896317,
                  -0.08356005250554906
                ],
                [
                  0.028011350389896317,
                  0.5474418963038772,
                  -0.11231030411032258
                ],
                [
                  -0.08356005250554906,
                  -0.11231030411032258,
                  0.10110545265045287
                ]
              ],
              "params": [
                "log_kappa",
                "log_kdeg",
                "log_fmod_0"
              ]
            },
            "ndata": 7,
            "nfree": 4,
            "r2": 0.7206426847636769,
            "reduced_chisq": 4.954813040051467e-08,
            "status": "completed",
            "success": true,
            "time_max": 540.0,
            "time_min": 0.0
          },
          "nt_id": 394,
          "params": {
            "fmod0": 0.0006728438070003908,
            "kdeg": 0.017623678504263503,
            "kobs": 0.0007675954421805907,
            "log_fmod0": -7.30399733995018,
            "log_fmod0_err": 0.3179708361634017,
            "log_kdeg": -4.038511911576335,
            "log_kdeg_err": 0.7398931654663916,
            "log_kobs": -7.172247731601627,
            "log_kobs_err": 0.31371947000411354,
            "metadata": {
              "base": "U",
              "fmod_run_ids": [
                531,
                532,
                533,
                534,
                535,
                536,
                537
              ],
              "site": 5,
              "valtype": "modrate"
            }
          },
          "valtype": "modrate"
        },
        {
          "diagnostics": {
            "chisq": 1.461697033084633e-08,
            "covariance": {
              "matrix": [
                [
                  0.018786000370171595,
                  0.0011445718234333192,
                  -0.01758558356589432
                ],
                [
                  0.0011445718234333192,
                  0.13021012972557117,
                  -0.033894963986064224
                ],
                [
                  -0.01758558356589432,
                  -0.033894963986064224,
                  0.02988303995280104
                ]
              ],
              "params": [
                "log_kappa",
                "log_kdeg",
                "log_fmod_0"
              ]
            },
            "ndata": 7,
            "nfree": 4,
            "r2": 0.9301705951976538,
            "reduced_chisq": 3.6542425827115823e-09,
            "status": "completed",
            "success": true,
            "time_max": 540.0,
            "time_min": 0.0
          },
          "nt_id": 395,
          "params": {
            "fmod0": 0.000318605486101106,
            "kdeg": 0.011058105435009926,
            "kobs": 0.00046575328167690436,
            "log_fmod0": -8.051556941235743,
            "log_fmod0_err": 0.17286711645885994,
            "log_kdeg": -4.504591596384963,
            "log_kdeg_err": 0.3608464073890319,
            "log_kobs": -7.671854502502237,
            "log_kobs_err": 0.1370620311033351,
            "metadata": {
              "base": "G",
              "fmod_run_ids": [
                531,
                532,
                533,
                534,
                535,
                536,
                537
              ],
              "site": 6,
              "valtype": "modrate"
            }
          },
          "valtype": "modrate"
        },
        {
          "diagnostics": {
            "chisq": 1.3840445558528507e-06,
            "covariance": {
              "matrix": [
                [
                  0.0003520030004945063,
                  -0.00010947410113807037,
                  -0.012902213082995544
                ],
                [
                  -0.00010947410113807037,
                  0.0027115165578336458,
                  -0.030950530555632048
                ],
                [
                  -0.012902213082995544,
                  -0.030950530555632048,
                  1.1379881762652129
                ]
              ],
              "params": [
                "log_kappa",
                "log_kdeg",
                "log_fmod_0"
              ]
            },
            "ndata": 7,
            "nfree": 4,
            "r2": 0.9986611384723401,
            "reduced_chisq": 3.460111389632127e-07,
            "status": "completed",
            "success": true,
            "time_max": 540.0,
            "time_min": 0.0
          },
          "nt_id": 396,
          "params": {
            "fmod0": 0.000486861149660274,
            "kdeg": 0.008777357959780319,
            "kobs": 0.03463730788991301,
            "log_fmod0": -7.627531589168238,
            "log_fmod0_err": 1.066765286398659,
            "log_kdeg": -4.735579832361899,
            "log_kdeg_err": 0.05207222443715696,
            "log_kobs": -3.362823915111907,
            "log_kobs_err": 0.018761743002570583,
            "metadata": {
              "base": "A",
              "fmod_run_ids": [
                531,
                532,
                533,
                534,
                535,
                536,
                537
              ],
              "site": 7,
              "valtype": "modrate"
            }
          },
          "valtype": "modrate"
        },
        {
          "diagnostics": {
            "chisq": 8.814607540538984e-07,
            "covariance": {
              "matrix": [
                [
                  0.0002050228759783978,
                  -4.380835561567053e-05,
                  -0.004130266896167234
                ],
                [
                  -4.380835561567053e-05,
                  0.0015326222905084682,
                  -0.009328080654031033
                ],
                [
                  -0.004130266896167234,
                  -0.009328080654031033,
                  0.1850357639439711
                ]
              ],
              "params": [
                "log_kappa",
                "log_kdeg",
                "log_fmod_0"
              ]
            },
            "ndata": 7,
            "nfree": 4,
            "r2": 0.9992159826382544,
            "reduced_chisq": 2.203651885134746e-07,
            "status": "completed",
            "success": true,
            "time_max": 540.0,
            "time_min": 0.0
          },
          "nt_id": 397,
          "params": {
            "fmod0": 0.0009710013471483298,
            "kdeg": 0.009217778940131748,
            "kobs": 0.03610368860403783,
            "log_fmod0": -6.937182702291492,
            "log_fmod0_err": 0.4301578360834208,
            "log_kdeg": -4.68662116629794,
            "log_kdeg_err": 0.03914872016437406,
            "log_kobs": -3.3213602414658867,
            "log_kobs_err": 0.014318619904809185,
            "metadata": {
              "base": "A",
              "fmod_run_ids": [
                531,
                532,
                533,
                534,
                535,
                536,
                537
              ],
              "site": 8,
              "valtype": "modrate"
            }
          },
          "valtype": "modrate"
        },
        {
          "diagnostics": {
            "chisq": 6.120634210085562e-06,
            "covariance": {
              "matrix": [
                [
                  0.0009415844993803346,
                  -0.0001280191959961706,
                  -0.0196446545969764
                ],
                [
                  -0.0001280191959961706,
                  0.006793677981114396,
                  -0.04190768650790889
                ],
                [
                  -0.0196446545969764,
                  -0.04190768650790889,
                  0.8551511566701908
                ]
              ],
              "params": [
                "log_kappa",
                "log_kdeg",
                "log_fmod_0"
              ]
            },
            "ndata": 7,
            "nfree": 4,
            "r2": 0.9964296464629826,
            "reduced_chisq": 1.5301585525213905e-06,
            "status": "completed",
            "success": true,
            "time_max": 540.0,
            "time_min": 0.0
          },
          "nt_id": 398,
          "params": {
            "fmod0": 0.0011990215153503266,
            "kdeg": 0.009631737032552977,
            "kobs": 0.044679139343693317,
            "log_fmod0": -6.726249458685476,
            "log_fmod0_err": 0.9247438329992749,
            "log_kdeg": -4.642691692225969,
            "log_kdeg_err": 0.08242377072856104,
            "log_kobs": -3.108248567641389,
            "log_kobs_err": 0.030685248889007477,
            "metadata": {
              "base": "C",
              "fmod_run_ids": [
                531,
                532,
                533,
                534,
                535,
                536,
                537
              ],
              "site": 9,
              "valtype": "modrate"
            }
          },
          "valtype": "modrate"
        },
        {
          "diagnostics": {
            "chisq": 2.0431690043421725e-07,
            "covariance": {
              "matrix": [
                [
                  1.781948038356542,
                  0.2621866184034535,
                  -0.2760807075070007
                ],
                [
                  0.2621866184034535,
                  10.182980003427637,
                  -0.24960941939847286
                ],
                [
                  -0.2760807075070007,
                  -0.24960941939847286,
                  0.05505989656652651
                ]
              ],
              "params": [
                "log_kappa",
                "log_kdeg",
                "log_fmod_0"
              ]
            },
            "ndata": 7,
            "nfree": 4,
            "r2": 0.12345598395769675,
            "reduced_chisq": 5.107922510855431e-08,
            "status": "completed",
            "success": true,
            "time_max": 540.0,
            "time_min": 0.0
          },
          "nt_id": 399,
          "params": {
            "fmod0": 0.0009561735287807587,
            "kdeg": 0.03180399155742624,
            "kobs": 0.00018678753869934503,
            "log_fmod0": -6.952571145923766,
            "log_fmod0_err": 0.23464845315178728,
            "log_kdeg": -3.4481634763992854,
            "log_kdeg_err": 3.19107818823476,
            "log_kobs": -8.585538743712979,
            "log_kobs_err": 1.3348962650170768,
            "metadata": {
              "base": "U",
              "fmod_run_ids": [
                531,
                532,
                533,
                534,
                535,
                536,
                537
              ],
              "site": 10,
              "valtype": "modrate"
            }
          },
          "valtype": "modrate"
        },
        {
          "diagnostics": {
            "chisq": 4.5680265404126904e-07,
            "covariance": {
              "matrix": [
                [
                  0.7938349994526,
                  0.17311468666329433,
                  -0.29997267527895044
                ],
                [
                  0.17311468666329433,
                  4.298028939511535,
                  -0.3104060989599974
                ],
                [
                  -0.29997267527895044,
                  -0.3104060989599974,
                  0.14938452587869877
                ]
              ],
              "params": [
                "log_kappa",
                "log_kdeg",
                "log_fmod_0"
              ]
            },
            "ndata": 7,
            "nfree": 4,
            "r2": 0.24113037637377388,
            "reduced_chisq": 1.1420066351031726e-07,
            "status": "completed",
            "success": true,
            "time_max": 540.0,
            "time_min": 0.0
          },
          "nt_id": 400,
          "params": {
            "fmod0": 0.0008622743196066043,
            "kdeg": 0.0261816364516432,
            "kobs": 0.0004168340860659153,
            "log_fmod0": -7.055937101724424,
            "log_fmod0_err": 0.3865029442044378,
            "log_kdeg": -3.6426970127517233,
            "log_kdeg_err": 2.073168815970261,
            "log_kobs": -7.782822290480478,
            "log_kobs_err": 0.8909741856263851,
            "metadata": {
              "base": "U",
              "fmod_run_ids": [
                531,
                532,
                533,
                534,
                535,
                536,
                537
              ],
              "site": 11,
              "valtype": "modrate"
            }
          },
          "valtype": "modrate"
        },
        {
          "diagnostics": {
            "chisq": 4.478307969625635e-07,
            "covariance": {
              "matrix": [
                [
                  0.3253976015687728,
                  0.056518626409081646,
                  -0.15843283446268167
                ],
                [
                  0.056518626409081646,
                  1.8138274578116036,
                  -0.15019329853610752
                ],
                [
                  -0.15843283446268167,
                  -0.15019329853610752,
                  0.10003799487976558
                ]
              ],
              "params": [
                "log_kappa",
                "log_kdeg",
                "log_fmod_0"
              ]
            },
            "ndata": 7,
            "nfree": 4,
            "r2": 0.4359667507150339,
            "reduced_chisq": 1.1195769924064088e-07,
            "status": "completed",
            "success": true,
            "time_max": 540.0,
            "time_min": 0.0
          },
          "nt_id": 401,
          "params": {
            "fmod0": 0.0010481737700439651,
            "kdeg": 0.029728455405115352,
            "kobs": 0.0006467279207059016,
            "log_fmod0": -6.860705895717776,
            "log_fmod0_err": 0.3162878354912904,
            "log_kdeg": -3.515650597404692,
            "log_kdeg_err": 1.3467841170030197,
            "log_kobs": -7.343584876319841,
            "log_kobs_err": 0.5704363256041578,
            "metadata": {
              "base": "U",
              "fmod_run_ids": [
                531,
                532,
                533,
                534,
                535,
                536,
                537
              ],
              "site": 12,
              "valtype": "modrate"
            }
          },
          "valtype": "modrate"
        },
        {
          "diagnostics": {
            "chisq": 1.8109335317167728e-07,
            "covariance": {
              "matrix": [
                [
                  0.09472888054320798,
                  0.02666328026626953,
                  -0.08662928391569952
                ],
                [
                  0.02666328026626953,
                  0.5157438849786069,
                  -0.10935166603733663
                ],
                [
                  -0.08662928391569952,
                  -0.10935166603733663,
                  0.11020556417876921
                ]
              ],
              "params": [
                "log_kappa",
                "log_kdeg",
                "log_fmod_0"
              ]
            },
            "ndata": 7,
            "nfree": 4,
            "r2": 0.7282682801964591,
            "reduced_chisq": 4.527333829291932e-08,
            "status": "completed",
            "success": true,
            "time_max": 540.0,
            "time_min": 0.0
          },
          "nt_id": 402,
          "params": {
            "fmod0": 0.0006208232615510326,
            "kdeg": 0.019372933047083696,
            "kobs": 0.0007515403196030344,
            "log_fmod0": -7.384464119515312,
            "log_fmod0_err": 0.33197223404792336,
            "log_kdeg": -3.9438783908744375,
            "log_kdeg_err": 0.7181531069198315,
            "log_kobs": -7.193385698044091,
            "log_kobs_err": 0.30778057206914144,
            "metadata": {
              "base": "U",
              "fmod_run_ids": [
                531,
                532,
                533,
                534,
                535,
                536,
                537
              ],
              "site": 13,
              "valtype": "modrate"
            }
          },
          "valtype": "modrate"
        },
        {
          "diagnostics": {
            "chisq": 2.7666857208578594e-08,
            "ndata": 7,
            "nfree": 4,
            "r2": -2.3754580524837365e-09,
            "reduced_chisq": 6.9167143021446485e-09,
            "status": "completed",
            "success": true,
            "time_max": 540.0,
            "time_min": 0.0
          },
          "nt_id": 403,
          "params": {
            "fmod0": 0.0015151428570244672,
            "kdeg": 4.583610171097852e-10,
            "kobs": 1.3490180775574044e-06,
            "log_fmod0": -6.49224554940065,
            "log_kdeg": -21.503363995353247,
            "log_kobs": -13.51613358011873,
            "metadata": {
              "base": "G",
              "fmod_run_ids": [
                531,
                532,
                533,
                534,
                535,
                536,
                537
              ],
              "site": 14,
              "valtype": "modrate"
            }
          },
          "valtype": "modrate"
        },
        {
          "diagnostics": {
            "chisq": 3.4375646219893245e-06,
            "covariance": {
              "matrix": [
                [
                  0.0008141196306007175,
                  -3.983892008171517e-05,
                  -0.04293631268947659
                ],
                [
                  -3.983892008171517e-05,
                  0.005725305051096061,
                  -0.08698399310628323
                ],
                [
                  -0.04293631268947659,
                  -0.08698399310628323,
                  4.426246252783775
                ]
              ],
              "params": [
                "log_kappa",
                "log_kdeg",
                "log_fmod_0"
              ]
            },
            "ndata": 7,
            "nfree": 4,
            "r2": 0.9968754020156948,
            "reduced_chisq": 8.593911554973311e-07,
            "status": "completed",
            "success": true,
            "time_max": 540.0,
            "time_min": 0.0
          },
          "nt_id": 404,
          "params": {
            "fmod0": 0.00039795007539273963,
            "kdeg": 0.010190250223920883,
            "kobs": 0.03560720361123741,
            "log_fmod0": -7.829183999259639,
            "log_fmod0_err": 2.1038645994416503,
            "log_kdeg": -4.586323876217699,
            "log_kdeg_err": 0.07566574555963922,
            "log_kobs": -3.3352073129636106,
            "log_kobs_err": 0.028532781683542834,
            "metadata": {
              "base": "A",
              "fmod_run_ids": [
                531,
                532,
                533,
                534,
                535,
                536,
                537
              ],
              "site": 15,
              "valtype": "modrate"
            }
          },
          "valtype": "modrate"
        },
        {
          "diagnostics": {
            "chisq": 1.0018650833347366e-06,
            "covariance": {
              "matrix": [
                [
                  0.00032449671251216376,
                  -1.551823016851967e-05,
                  -0.009656604087216537
                ],
                [
                  -1.551823016851967e-05,
                  0.002293948539912759,
                  -0.019644182452734766
                ],
                [
                  -0.009656604087216537,
                  -0.019644182452734766,
                  0.5621828575845762
                ]
              ],
              "params": [
                "log_kappa",
                "log_kdeg",
                "log_fmod_0"
              ]
            },
            "ndata": 7,
            "nfree": 4,
            "r2": 0.9987451005151001,
            "reduced_chisq": 2.5046627083368415e-07,
            "status": "completed",
            "success": true,
            "time_max": 540.0,
            "time_min": 0.0
          },
          "nt_id": 405,
          "params": {
            "fmod0": 0.0006025849037176197,
            "kdeg": 0.010194788443149753,
            "kobs": 0.030275671399576647,
            "log_fmod0": -7.414281983494225,
            "log_fmod0_err": 0.7497885419133692,
            "log_kdeg": -4.585878626210774,
            "log_kdeg_err": 0.047895182846636665,
            "log_kobs": -3.497410813089404,
            "log_kobs_err": 0.018013792285694975,
            "metadata": {
              "base": "A",
              "fmod_run_ids": [
                531,
                532,
                533,
                534,
                535,
                536,
                537
              ],
              "site": 16,
              "valtype": "modrate"
            }
          },
          "valtype": "modrate"
        },
        {
          "diagnostics": {
            "chisq": 1.3869377016748395e-07,
            "covariance": {
              "matrix": [
                [
                  0.06021892582812944,
                  0.01714276739473138,
                  -0.06897903320317102
                ],
                [
                  0.01714276739473138,
                  0.334514527618048,
                  -0.09241759990997646
                ],
                [
                  -0.06897903320317102,
                  -0.09241759990997646,
                  0.11245817759787774
                ]
              ],
              "params": [
                "log_kappa",
                "log_kdeg",
                "log_fmod_0"
              ]
            },
            "ndata": 7,
            "nfree": 4,
            "r2": 0.808298678275154,
            "reduced_chisq": 3.467344254187099e-08,
            "status": "completed",
            "success": true,
            "time_max": 540.0,
            "time_min": 0.0
          },
          "nt_id": 406,
          "params": {
            "fmod0": 0.0005339008203146158,
            "kdeg": 0.017707406472007043,
            "kobs": 0.0008211609574067923,
            "log_fmod0": -7.535300466001895,
            "log_fmod0_err": 0.33534784567353004,
            "log_kdeg": -4.033772282179781,
            "log_kdeg_err": 0.5783723088271499,
            "log_kobs": -7.104791417292638,
            "log_kobs_err": 0.24539544785535333,
            "metadata": {
              "base": "U",
              "fmod_run_ids": [
                531,
                532,
                533,
                534,
                535,
                536,
                537
              ],
              "site": 17,
              "valtype": "modrate"
            }
          },
          "valtype": "modrate"
        },
        {
          "diagnostics": {
            "chisq": 2.3273838869033134e-06,
            "covariance": {
              "matrix": [
                [
                  0.0006499023591271379,
                  -0.00011020468277636532,
                  -0.013062684644731083
                ],
                [
                  -0.00011020468277636532,
                  0.004803529146235859,
                  -0.02877300896952566
                ],
                [
                  -0.013062684644731083,
                  -0.02877300896952566,
                  0.5643830357919608
                ]
              ],
              "params": [
                "log_kappa",
                "log_kdeg",
                "log_fmod_0"
              ]
            },
            "ndata": 7,
            "nfree": 4,
            "r2": 0.9975049476988123,
            "reduced_chisq": 5.818459717258283e-07,
            "status": "completed",
            "success": true,
            "time_max": 540.0,
            "time_min": 0.0
          },
          "nt_id": 407,
          "params": {
            "fmod0": 0.0009064494132965459,
            "kdeg": 0.009445530842752148,
            "kobs": 0.032780895592073825,
            "log_fmod0": -7.005975333742879,
            "log_fmod0_err": 0.7512543083350409,
            "log_kdeg": -4.662213576034479,
            "log_kdeg_err": 0.06930749704206508,
            "log_kobs": -3.4179093847439495,
            "log_kobs_err": 0.02549318260098448,
            "metadata": {
              "base": "A",
              "fmod_run_ids": [
                531,
                532,
                533,
                534,
                535,
                536,
                537
              ],
              "site": 18,
              "valtype": "modrate"
            }
          },
          "valtype": "modrate"
        },
        {
          "diagnostics": {
            "chisq": 4.8774227693233516e-08,
            "covariance": {
              "matrix": [
                [
                  0.034123289376426315,
                  -0.010396520716502896,
                  -0.02583526687646705
                ],
                [
                  -0.010396520716502896,
                  0.2709758046707559,
                  -0.06336965826309063
                ],
                [
                  -0.02583526687646705,
                  -0.06336965826309063,
                  0.0471994482808936
                ]
              ],
              "params": [
                "log_kappa",
                "log_kdeg",
                "log_fmod_0"
              ]
            },
            "ndata": 7,
            "nfree": 4,
            "r2": 0.8812004007594406,
            "reduced_chisq": 1.2193556923308379e-08,
            "status": "completed",
            "success": true,
            "time_max": 540.0,
            "time_min": 0.0
          },
          "nt_id": 408,
          "params": {
            "fmod0": 0.000447762670453692,
            "kdeg": 0.008830106676896451,
            "kobs": 0.0006368392508721999,
            "log_fmod0": -7.711247219369805,
            "log_fmod0_err": 0.2172543400737799,
            "log_kdeg": -4.729588183250519,
            "log_kdeg_err": 0.5205533639030256,
            "log_kobs": -7.358993287657431,
            "log_kobs_err": 0.1847249018850093,
            "metadata": {
              "base": "G",
              "fmod_run_ids": [
                531,
                532,
                533,
                534,
                535,
                536,
                537
              ],
              "site": 19,
              "valtype": "modrate"
            }
          },
          "valtype": "modrate"
        },
        {
          "diagnostics": {
            "chisq": 6.8147795797864e-07,
            "covariance": {
              "matrix": [
                [
                  0.3421016891315187,
                  0.09546058346880655,
                  -0.2362721209720523
                ],
                [
                  0.09546058346880655,
                  1.854849368352576,
                  -0.293428036061154
                ],
                [
                  -0.2362721209720523,
                  -0.293428036061154,
                  0.22572861399097177
                ]
              ],
              "params": [
                "log_kappa",
                "log_kdeg",
                "log_fmod_0"
              ]
            },
            "ndata": 7,
            "nfree": 4,
            "r2": 0.42596499412162425,
            "reduced_chisq": 1.7036948949466e-07,
            "status": "completed",
            "success": true,
            "time_max": 540.0,
            "time_min": 0.0
          },
          "nt_id": 409,
          "params": {
            "fmod0": 0.0008430939276575957,
            "kdeg": 0.019855202833233335,
            "kobs": 0.0007680813368599856,
            "log_fmod0": -7.078432185460353,
            "log_fmod0_err": 0.47510905484001437,
            "log_kdeg": -3.9192891987254246,
            "log_kdeg_err": 1.3619285474475435,
            "log_kobs": -7.1716149230546185,
            "log_kobs_err": 0.584894596599694,
            "metadata": {
              "base": "U",
              "fmod_run_ids": [
                531,
                532,
                533,
                534,
                535,
                536,
                537
              ],
              "site": 20,
              "valtype": "modrate"
            }
          },
          "valtype": "modrate"
        },
        {
          "diagnostics": {
            "chisq": 1.4931030424841312e-08,
            "covariance": {
              "matrix": [
                [
                  0.007692096306011898,
                  0.0014164730014927978,
                  -0.006656248204506861
                ],
                [
                  0.0014164730014927978,
                  0.049178423404138326,
                  -0.011382215903751621
                ],
                [
                  -0.006656248204506861,
                  -0.011382215903751621,
                  0.009433823038207577
                ]
              ],
              "params": [
                "log_kappa",
                "log_kdeg",
                "log_fmod_0"
              ]
            },
            "ndata": 7,
            "nfree": 4,
            "r2": 0.9703244036403578,
            "reduced_chisq": 3.732757606210328e-09,
            "status": "completed",
            "success": true,
            "time_max": 540.0,
            "time_min": 0.0
          },
          "nt_id": 410,
          "params": {
            "fmod0": 0.0005836629698740742,
            "kdeg": 0.012685024274658568,
            "kobs": 0.0007395841788217232,
            "log_fmod0": -7.4461868481060405,
            "log_fmod0_err": 0.09712786952367264,
            "log_kdeg": -4.367333172282067,
            "log_kdeg_err": 0.2217620873912814,
            "log_kobs": -7.209422450213742,
            "log_kobs_err": 0.08770459683512545,
            "metadata": {
              "base": "G",
              "fmod_run_ids": [
                531,
                532,
                533,
                534,
                535,
                536,
                537
              ],
              "site": 21,
              "valtype": "modrate"
            }
          },
          "valtype": "modrate"
        },
        {
          "diagnostics": {
            "chisq": 3.3998915822277265e-06,
            "covariance": {
              "matrix": [
                [
                  0.0006738500042362825,
                  -4.417667812032067e-05,
                  -0.012616267849837465
                ],
                [
                  -4.417667812032067e-05,
                  0.004755366750478741,
                  -0.025780644097591537
                ],
                [
                  -0.012616267849837465,
                  -0.025780644097591537,
                  0.46722751661832185
                ]
              ],
              "params": [
                "log_kappa",
                "log_kdeg",
                "log_fmod_0"
              ]
            },
            "ndata": 7,
            "nfree": 4,
            "r2": 0.9974224599954904,
            "reduced_chisq": 8.499728955569316e-07,
            "status": "completed",
            "success": true,
            "time_max": 540.0,
            "time_min": 0.0
          },
          "nt_id": 411,
          "params": {
            "fmod0": 0.0012164796283764495,
            "kdeg": 0.010075556963460222,
            "kobs": 0.0390739323590372,
            "log_fmod0": -6.711794141975078,
            "log_fmod0_err": 0.6835404279326291,
            "log_kdeg": -4.5976428909443445,
            "log_kdeg_err": 0.06895916726932498,
            "log_kobs": -3.242299725913204,
            "log_kobs_err": 0.025958621000282015,
            "metadata": {
              "base": "A",
              "fmod_run_ids": [
                531,
                532,
                533,
                534,
                535,
                536,
                537
              ],
              "site": 22,
              "valtype": "modrate"
            }
          },
          "valtype": "modrate"
        },
        {
          "diagnostics": {
            "chisq": 5.937979931748187e-07,
            "covariance": {
              "matrix": [
                [
                  0.6274073802527996,
                  0.1775248785796287,
                  -0.19119002028106444
                ],
                [
                  0.1775248785796287,
                  3.4280888350765455,
                  -0.24424261361156085
                ],
                [
                  -0.19119002028106444,
                  -0.24424261361156085,
                  0.08139103023735834
                ]
              ],
              "params": [
                "log_kappa",
                "log_kdeg",
                "log_fmod_0"
              ]
            },
            "ndata": 7,
            "nfree": 4,
            "r2": 0.28805590059130814,
            "reduced_chisq": 1.4844949829370467e-07,
            "status": "completed",
            "success": true,
            "time_max": 540.0,
            "time_min": 0.0
          },
          "nt_id": 412,
          "params": {
            "fmod0": 0.0013063399068673645,
            "kdeg": 0.019029678999366317,
            "kobs": 0.0005282026940391796,
            "log_fmod0": -6.640526016395887,
            "log_fmod0_err": 0.2852911324197763,
            "log_kdeg": -3.961755465952642,
            "log_kdeg_err": 1.8515098798214784,
            "log_kobs": -7.546030457699294,
            "log_kobs_err": 0.7920905126643039,
            "metadata": {
              "base": "U",
              "fmod_run_ids": [
                531,
                532,
                533,
                534,
                535,
                536,
                537
              ],
              "site": 23,
              "valtype": "modrate"
            }
          },
          "valtype": "modrate"
        },
        {
          "diagnostics": {
            "chisq": 8.457076841943192e-07,
            "covariance": {
              "matrix": [
                [
                  0.41898373677922335,
                  0.11767416108935128,
                  -0.22857007946631683
                ],
                [
                  0.11767416108935128,
                  2.278362106393074,
                  -0.28723341143669673
                ],
                [
                  -0.22857007946631683,
                  -0.28723341143669673,
                  0.17318802828888014
                ]
              ],
              "params": [
                "log_kappa",
                "log_kdeg",
                "log_fmod_0"
              ]
            },
            "ndata": 7,
            "nfree": 4,
            "r2": 0.377307892793436,
            "reduced_chisq": 2.114269210485798e-07,
            "status": "completed",
            "success": true,
            "time_max": 540.0,
            "time_min": 0.0
          },
          "nt_id": 413,
          "params": {
            "fmod0": 0.0010708065664230253,
            "kdeg": 0.019501500197261556,
            "kobs": 0.0007725060691916443,
            "log_fmod0": -6.8393431140777965,
            "log_fmod0_err": 0.4161586575921257,
            "log_kdeg": -3.937263883178742,
            "log_kdeg_err": 1.5094244288446752,
            "log_kobs": -7.165870692664473,
            "log_kobs_err": 0.6472895308741085,
            "metadata": {
              "base": "U",
              "fmod_run_ids": [
                531,
                532,
                533,
                534,
                535,
                536,
                537
              ],
              "site": 24,
              "valtype": "modrate"
            }
          },
          "valtype": "modrate"
        },
        {
          "diagnostics": {
            "chisq": 4.457596794480977e-06,
            "covariance": {
              "matrix": [
                [
                  0.000685573036469937,
                  -5.5630116981915156e-05,
                  -0.020239804670316556
                ],
                [
                  -5.5630116981915156e-05,
                  0.004841325480023797,
                  -0.04160218326859995
                ],
                [
                  -0.020239804670316556,
                  -0.04160218326859995,
                  1.1943260701687672
                ]
              ],
              "params": [
                "log_kappa",
                "log_kdeg",
                "log_fmod_0"
              ]
            },
            "ndata": 7,
            "nfree": 4,
            "r2": 0.9973940899150975,
            "reduced_chisq": 1.1143991986202442e-06,
            "status": "completed",
            "success": true,
            "time_max": 540.0,
            "time_min": 0.0
          },
          "nt_id": 414,
          "params": {
            "fmod0": 0.0008703230196946399,
            "kdeg": 0.009972662961225402,
            "kobs": 0.04462903459963579,
            "log_fmod0": -7.046646128220275,
            "log_fmod0_err": 1.092852263651756,
            "log_kdeg": -4.60790763325777,
            "log_kdeg_err": 0.06957963408946469,
            "log_kobs": -3.1093706317728596,
            "log_kobs_err": 0.026183449667107214,
            "metadata": {
              "base": "C",
              "fmod_run_ids": [
                531,
                532,
                533,
                534,
                535,
                536,
                537
              ],
              "site": 25,
              "valtype": "modrate"
            }
          },
          "valtype": "modrate"
        },
        {
