{
  "artifacts": {},
  "engine": "python_baseline",
  "engine_version": "0.1.0",
  "metadata": {
    "buffer_pH": 6.5,
    "done_by": [
      "EKC"
    ],
    "experiment_id": "ekc.01.0xx",
    "fmod_run_id": 471,
    "notes": "Baseline python engine demo using examples/nerd.sqlite",
    "rg_id": 11,
    "rg_label": "45_2",
    "rounds_requested": [
      "round1_free",
      "round2_global",
      "round3_constrained"
    ],
    "temperature_c": 45.0,
    "valtypes": [
      "modrate",
      "GAmodrate"
    ]
  },
  "rounds": [
    {
      "global_params": {},
      "notes": null,
      "per_nt": [
        {
          "diagnostics": {
            "reason": "Non-zero fmod values are required for a fit.",
            "status": "failed"
          },
          "nt_id": 390,
          "params": {},
          "valtype": "modrate"
        },
        {
          "diagnostics": {
            "reason": "Non-zero fmod values are required for a fit.",
            "status": "failed"
          },
          "nt_id": 391,
          "params": {},
          "valtype": "modrate"
        },
        {
          "diagnostics": {
            "reason": "Non-zero fmod values are required for a fit.",
            "status": "failed"
          },
          "nt_id": 392,
          "params": {},
          "valtype": "modrate"
        },
        {
          "diagnostics": {
            "reason": "Non-zero fmod values are required for a fit.",
            "status": "failed"
          },
          "nt_id": 393,
          "params": {},
          "valtype": "modrate"
        },
        {
          "diagnostics": {
            "chisq": 6.157580385727125e-08,
            "covariance": {
              "matrix": [
                [
                  0.014577593872220681,
                  -0.019296967821171178,
                  -0.002274023550608616
                ],
                [
                  -0.019296967821171178,
                  0.13514020330607288,
                  -0.003923574028770307
                ],
                [
                  -0.002274023550608616,
                  -0.003923574028770307,
                  0.001625059198820752
                ]
              ],
              "params": [
                "log_kappa",
                "log_kdeg",
                "log_fmod_0"
              ]
            },
            "ndata": 12,
            "nfree": 9,
            "r2": 0.9038693673066893,
            "reduced_chisq": 6.84175598414125e-09,
            "status": "completed",
            "success": true,
            "time_max": 2700.0,
            "time_min": 0.0
          },
          "nt_id": 394,
          "params": {
            "fmod0": 0.0008279579158621503,
            "kdeg": 0.002173221820202393,
            "kobs": 0.0005256231890027,
            "log_fmod0": -7.096548231124154,
            "log_fmod0_err": 0.04031202300580749,
            "log_kdeg": -6.1315445027508995,
            "log_kdeg_err": 0.3676142044400255,
            "log_kobs": -7.550925972659977,
            "log_kobs_err": 0.12073770691967228,
            "metadata": {
              "base": "U",
              "fmod_run_ids": [
                455,
                456,
                458,
                459,
                461,
                462,
                464,
                465,
                467,
                468,
                470,
                471
              ],
              "site": 5,
              "valtype": "modrate"
            }
          },
          "valtype": "modrate"
        },
        {
          "diagnostics": {
            "chisq": 7.931098325688612e-08,
            "covariance": {
              "matrix": [
                [
                  0.026049879056204338,
                  -0.033555170965730755,
                  -0.006340810763717712
                ],
                [
                  -0.033555170965730755,
                  0.24225159429958734,
                  -0.010493713318886235
                ],
                [
                  -0.006340810763717712,
                  -0.010493713318886235,
                  0.006735630110304293
                ]
              ],
              "params": [
                "log_kappa",
                "log_kdeg",
                "log_fmod_0"
              ]
            },
            "ndata": 12,
            "nfree": 9,
            "r2": 0.8385372306111385,
            "reduced_chisq": 8.812331472987346e-09,
            "status": "completed",
            "success": true,
            "time_max": 2700.0,
            "time_min": 0.0
          },
          "nt_id": 395,
          "params": {
            "fmod0": 0.0004618544813857725,
            "kdeg": 0.0022575654116930278,
            "kobs": 0.0004409579528108261,
            "log_fmod0": -7.680260691853162,
            "log_fmod0_err": 0.08207088466870753,
            "log_kdeg": -6.093468297813605,
            "log_kdeg_err": 0.49219060769135703,
            "log_kobs": -7.726561032163229,
            "log_kobs_err": 0.16139974924455222,
            "metadata": {
              "base": "G",
              "fmod_run_ids": [
                455,
                456,
                458,
                459,
                461,
                462,
                464,
                465,
                467,
                468,
                470,
                471
              ],
              "site": 6,
              "valtype": "modrate"
            }
          },
          "valtype": "modrate"
        },
        {
          "diagnostics": {
            "chisq": 1.0215488150529167e-06,
            "covariance": {
              "matrix": [
                [
                  3.923471789140694e-05,
                  -4.553546026978302e-05,
                  -0.0012211310682585723
                ],
                [
                  -4.553546026978302e-05,
                  0.0003684296163166455,
                  -0.001581750361960691
                ],
                [
                  -0.0012211310682585723,
                  -0.001581750361960691,
                  0.13495895142431516
                ]
              ],
              "params": [
                "log_kappa",
                "log_kdeg",
                "log_fmod_0"
              ]
            },
            "ndata": 12,
            "nfree": 9,
            "r2": 0.999708908185118,
            "reduced_chisq": 1.1350542389476853e-07,
            "status": "completed",
            "success": true,
            "time_max": 2700.0,
            "time_min": 0.0
          },
          "nt_id": 396,
          "params": {
            "fmod0": 0.0003717029337623849,
            "kdeg": 0.0028299947390519184,
            "kobs": 0.040277884591612106,
            "log_fmod0": -7.897415587869012,
            "log_fmod0_err": 0.3673675971344168,
            "log_kdeg": -5.867480426320974,
            "log_kdeg_err": 0.01919452047634026,
            "log_kobs": -3.2119527300974635,
            "log_kobs_err": 0.006263762279286064,
            "metadata": {
              "base": "A",
              "fmod_run_ids": [
                455,
                456,
                458,
                459,
                461,
                462,
                464,
                465,
                467,
                468,
                470,
                471
              ],
              "site": 7,
              "valtype": "modrate"
            }
          },
          "valtype": "modrate"
        },
        {
          "diagnostics": {
            "chisq": 1.053130960937034e-05,
            "covariance": {
              "matrix": [
                [
                  0.000494825479733573,
                  -0.000574503139413397,
                  -0.0015798084774721298
                ],
                [
                  -0.000574503139413397,
                  0.004656826733431882,
                  -0.002056127890493999
                ],
                [
                  -0.0015798084774721298,
                  -0.002056127890493999,
                  0.017934942279439703
                ]
              ],
              "params": [
                "log_kappa",
                "log_kdeg",
                "log_fmod_0"
              ]
            },
            "ndata": 12,
            "nfree": 9,
            "r2": 0.9963264151456344,
            "reduced_chisq": 1.17014551215226e-06,
            "status": "completed",
            "success": true,
            "time_max": 2700.0,
            "time_min": 0.0
          },
          "nt_id": 397,
          "params": {
            "fmod0": 0.0032737121946112458,
            "kdeg": 0.0028256527422609846,
            "kobs": 0.03628111577074261,
            "log_fmod0": -5.7218307102468335,
            "log_fmod0_err": 0.1339214033657044,
            "log_kdeg": -5.869015881866372,
            "log_kdeg_err": 0.06824094616454172,
            "log_kobs": -3.3164578997774967,
            "log_kobs_err": 0.02224467306420962,
            "metadata": {
              "base": "A",
              "fmod_run_ids": [
                455,
                456,
                458,
                459,
                461,
                462,
                464,
                465,
                467,
                468,
                470,
                471
              ],
              "site": 8,
              "valtype": "modrate"
            }
          },
          "valtype": "modrate"
        },
        {
          "diagnostics": {
            "chisq": 3.0566223988361183e-06,
            "covariance": {
              "matrix": [
                [
                  0.00012728662558064181,
                  -0.0001469648220390813,
                  -0.0012960583628696426
                ],
                [
                  -0.0001469648220390813,
                  0.0012068805860441364,
                  -0.001642473319650608
                ],
                [
                  -0.0012960583628696426,
                  -0.001642473319650608,
                  0.0460209038132581
                ]
              ],
              "params": [
                "log_kappa",
                "log_kdeg",
                "log_fmod_0"
              ]
            },
            "ndata": 12,
            "nfree": 9,
            "r2": 0.9990514607305855,
            "reduced_chisq": 3.396247109817909e-07,
            "status": "completed",
            "success": true,
            "time_max": 2700.0,
            "time_min": 0.0
          },
          "nt_id": 398,
          "params": {
            "fmod0": 0.001101498071034759,
            "kdeg": 0.002914911445479261,
            "kobs": 0.03841440237434485,
            "log_fmod0": -6.811084142940151,
            "log_fmod0_err": 0.2145248326261044,
            "log_kdeg": -5.837915838550474,
            "log_kdeg_err": 0.03474018690283828,
            "log_kobs": -3.2593228278746658,
            "log_kobs_err": 0.011282137456202252,
            "metadata": {
              "base": "C",
              "fmod_run_ids": [
                455,
                456,
                458,
                459,
                461,
                462,
                464,
                465,
                467,
                468,
                470,
                471
              ],
              "site": 9,
              "valtype": "modrate"
            }
          },
          "valtype": "modrate"
        },
        {
          "diagnostics": {
            "chisq": 4.150299999999998e-08,
            "ndata": 12,
            "nfree": 9,
            "r2": 0.003529411764705892,
            "reduced_chisq": 4.611444444444442e-09,
            "status": "completed",
            "success": true,
            "time_max": 2700.0,
            "time_min": 0.0
          },
          "nt_id": 399,
          "params": {
            "fmod0": 0.0009795000000000068,
            "kdeg": 0.9936868924792311,
            "kobs": 7.0000245045060715e-06,
            "log_fmod0": -6.928468320579672,
            "log_kdeg": -0.006333119453501901,
            "log_kobs": -11.869596908271363,
            "metadata": {
              "base": "U",
              "fmod_run_ids": [
                455,
                456,
                458,
                459,
                461,
                462,
                464,
                465,
                467,
                468,
                470,
                471
              ],
              "site": 10,
              "valtype": "modrate"
            }
          },
          "valtype": "modrate"
        },
        {
          "diagnostics": {
            "chisq": 3.1799454044659843e-08,
            "covariance": {
              "matrix": [
                [
                  0.049624323955240086,
                  -0.06740459872812721,
                  -0.002382706645230667
                ],
                [
                  -0.06740459872812721,
                  0.4590047989516109,
                  -0.0042727474501361795
                ],
                [
                  -0.002382706645230667,
                  -0.0042727474501361795,
                  0.0005493306016396156
                ]
              ],
              "params": [
                "log_kappa",
                "log_kdeg",
                "log_fmod_0"
              ]
            },
            "ndata": 12,
            "nfree": 9,
            "r2": 0.73665102933816,
            "reduced_chisq": 3.5332726716288715e-09,
            "status": "completed",
            "success": true,
            "time_max": 2700.0,
            "time_min": 0.0
          },
          "nt_id": 400,
          "params": {
            "fmod0": 0.001022748399300091,
            "kdeg": 0.002101269174751022,
            "kobs": 0.00020700235661395153,
            "log_fmod0": -6.885261766250011,
            "log_fmod0_err": 0.023437802833022034,
            "log_kdeg": -6.165213747881052,
            "log_kdeg_err": 0.6774989291147336,
            "log_kobs": -8.482780380155248,
            "log_kobs_err": 0.22276517671135246,
            "metadata": {
              "base": "U",
              "fmod_run_ids": [
                455,
                456,
                458,
                459,
                461,
                462,
                464,
                465,
                467,
                468,
                470,
                471
              ],
              "site": 11,
              "valtype": "modrate"
            }
          },
          "valtype": "modrate"
        },
        {
          "diagnostics": {
            "chisq": 7.006085472640989e-08,
            "covariance": {
              "matrix": [
                [
                  1.115635835066865,
                  -1.7454102384209413,
                  0.006431729471886046
                ],
                [
                  -1.7454102384209413,
                  2.8352808324444094,
                  -0.01511823384793873
                ],
                [
                  0.006431729471886046,
                  -0.01511823384793873,
                  0.0006406596058521291
                ]
              ],
              "params": [
                "log_kappa",
                "log_kdeg",
                "log_fmod_0"
              ]
            },
            "ndata": 12,
            "nfree": 9,
            "r2": 0.7297683919413263,
            "reduced_chisq": 7.784539414045544e-09,
            "status": "completed",
            "success": true,
            "time_max": 2700.0,
            "time_min": 0.0
          },
          "nt_id": 401,
          "params": {
            "fmod0": 0.001343852360688327,
            "kdeg": 0.0004119047589035918,
            "kobs": 0.0005407838929718346,
            "log_fmod0": -6.612214893593535,
            "log_fmod0_err": 0.02531125452940113,
            "log_kdeg": -7.79471840304785,
            "log_kdeg_err": 1.6838292171251839,
            "log_kobs": -7.52249081738499,
            "log_kobs_err": 1.0562366378169548,
            "metadata": {
              "base": "U",
              "fmod_run_ids": [
                455,
                456,
                458,
                459,
                461,
                462,
                464,
                465,
                467,
                468,
                470,
                471
              ],
              "site": 12,
              "valtype": "modrate"
            }
          },
          "valtype": "modrate"
        },
        {
          "diagnostics": {
            "chisq": 4.462159366330226e-08,
            "covariance": {
              "matrix": [
                [
                  0.009478980897938956,
                  -0.014873042757508247,
                  -0.0014278151363364812
                ],
                [
                  -0.014873042757508247,
                  0.0861947223968353,
                  -0.0031889616644730596
                ],
                [
                  -0.0014278151363364812,
                  -0.0031889616644730596,
                  0.0014128036263456503
                ]
              ],
              "params": [
                "log_kappa",
                "log_kdeg",
                "log_fmod_0"
              ]
            },
            "ndata": 12,
            "nfree": 9,
            "r2": 0.9414573750413544,
            "reduced_chisq": 4.95795485147803e-09,
            "status": "completed",
            "success": true,
            "time_max": 2700.0,
            "time_min": 0.0
          },
          "nt_id": 402,
          "params": {
            "fmod0": 0.0007529152422728678,
            "kdeg": 0.0017760148549088943,
            "kobs": 0.0006039850326485772,
            "log_fmod0": -7.191557896562332,
            "log_fmod0_err": 0.037587280113698704,
            "log_kdeg": -6.333383270196635,
            "log_kdeg_err": 0.2935893771866334,
            "log_kobs": -7.411961140719648,
            "log_kobs_err": 0.09736005802144407,
            "metadata": {
              "base": "U",
              "fmod_run_ids": [
                455,
                456,
                458,
                459,
                461,
                462,
                464,
                465,
                467,
                468,
                470,
                471
              ],
              "site": 13,
              "valtype": "modrate"
            }
          },
          "valtype": "modrate"
        },
        {
          "diagnostics": {
            "chisq": 3.6690804518139623e-07,
            "covariance": {
              "matrix": [
                [
                  0.6864742085707652,
                  -1.1908064631459494,
                  -0.04640051865854796
                ],
                [
                  -1.1908064631459494,
                  6.088664047095832,
                  -0.12500673618376099
                ],
                [
                  -0.04640051865854796,
                  -0.12500673618376099,
                  0.02832334365389792
                ]
              ],
              "params": [
                "log_kappa",
                "log_kdeg",
                "log_fmod_0"
              ]
            },
            "ndata": 12,
            "nfree": 9,
            "r2": 0.19680382395000917,
            "reduced_chisq": 4.0767560575710695e-08,
            "status": "completed",
            "success": true,
            "time_max": 2700.0,
            "time_min": 0.0
          },
          "nt_id": 403,
          "params": {
            "fmod0": 0.00048087342670137355,
            "kdeg": 0.0015810012279380491,
            "kobs": 0.00021835956840069893,
            "log_fmod0": -7.639906468638527,
            "log_fmod0_err": 0.16829540592035755,
            "log_kdeg": -6.449696944070696,
            "log_kdeg_err": 2.4675218432864647,
            "log_kobs": -8.429367457601952,
            "log_kobs_err": 0.8285373911723992,
            "metadata": {
              "base": "G",
              "fmod_run_ids": [
                455,
                456,
                458,
                459,
                461,
                462,
                464,
                465,
                467,
                468,
                470,
                471
              ],
              "site": 14,
              "valtype": "modrate"
            }
          },
          "valtype": "modrate"
        },
        {
          "diagnostics": {
            "chisq": 9.62552872800671e-08,
            "covariance": {
              "matrix": [
                [
                  4.299744383682768e-06,
                  -5.0176644722988156e-06,
                  -8.169156869318235e-05
                ],
                [
                  -5.0176644722988156e-06,
                  4.0207964180134675e-05,
                  -0.0001081557009800908
                ],
                [
                  -8.169156869318235e-05,
                  -0.0001081557009800908,
                  0.005599595956832192
                ]
              ],
              "params": [
                "log_kappa",
                "log_kdeg",
                "log_fmod_0"
              ]
            },
            "ndata": 12,
            "nfree": 9,
            "r2": 0.9999680847781881,
            "reduced_chisq": 1.0695031920007455e-08,
            "status": "completed",
            "success": true,
            "time_max": 2700.0,
            "time_min": 0.0
          },
          "nt_id": 404,
          "params": {
            "fmod0": 0.0005599630136427246,
            "kdeg": 0.0027640612939676488,
            "kobs": 0.037400292968665455,
            "log_fmod0": -7.487639823482846,
            "log_fmod0_err": 0.0748304480598118,
            "log_kdeg": -5.891054197502171,
            "log_kdeg_err": 0.006340975018097349,
            "log_kobs": -3.2860767412055547,
            "log_kobs_err": 0.002073582499849661,
            "metadata": {
              "base": "A",
              "fmod_run_ids": [
                455,
                456,
                458,
                459,
                461,
                462,
                464,
                465,
                467,
                468,
                470,
                471
              ],
              "site": 15,
              "valtype": "modrate"
            }
          },
          "valtype": "modrate"
        },
        {
          "diagnostics": {
            "chisq": 7.271820081020455e-07,
            "covariance": {
              "matrix": [
                [
                  4.7809634339177745e-05,
                  -5.523304228252422e-05,
                  -0.0007622810931493538
                ],
                [
                  -5.523304228252422e-05,
                  0.0004551741525436583,
                  -0.0009757050041609006
                ],
                [
                  -0.0007622810931493538,
                  -0.0009757050041609006,
                  0.04250833902710902
                ]
              ],
              "params": [
                "log_kappa",
                "log_kdeg",
                "log_fmod_0"
              ]
            },
            "ndata": 12,
            "nfree": 9,
            "r2": 0.9996406069005246,
            "reduced_chisq": 8.079800090022728e-08,
            "status": "completed",
            "success": true,
            "time_max": 2700.0,
            "time_min": 0.0
          },
          "nt_id": 405,
          "params": {
            "fmod0": 0.0005589545421316092,
            "kdeg": 0.0029042401518043514,
            "kobs": 0.03034673096419194,
            "log_fmod0": -7.489442408095056,
            "log_fmod0_err": 0.20617550540039672,
            "log_kdeg": -5.841583488536463,
            "log_kdeg_err": 0.021334810815745668,
            "log_kobs": -3.4950664785071615,
            "log_kobs_err": 0.006914451123493299,
            "metadata": {
              "base": "A",
              "fmod_run_ids": [
                455,
                456,
                458,
                459,
                461,
                462,
                464,
                465,
                467,
                468,
                470,
                471
              ],
              "site": 16,
              "valtype": "modrate"
            }
          },
          "valtype": "modrate"
        },
        {
          "diagnostics": {
            "chisq": 4.810241360867556e-08,
            "covariance": {
              "matrix": [
                [
                  0.015325817493442634,
                  -0.01783706147296848,
                  -0.0031079372940769606
                ],
                [
                  -0.01783706147296848,
                  0.14734838627194885,
                  -0.0042013101918151954
                ],
                [
                  -0.0031079372940769606,
                  -0.0042013101918151954,
                  0.002261052026434367
                ]
              ],
              "params": [
                "log_kappa",
                "log_kdeg",
                "log_fmod_0"
              ]
            },
            "ndata": 12,
            "nfree": 9,
            "r2": 0.8940853404541209,
            "reduced_chisq": 5.344712623186173e-09,
            "status": "completed",
            "success": true,
            "time_max": 2700.0,
            "time_min": 0.0
          },
          "nt_id": 406,
          "params": {
            "fmod0": 0.0006228803209685025,
            "kdeg": 0.0028026234840901124,
            "kobs": 0.00042578518645124906,
            "log_fmod0": -7.381156158804768,
            "log_fmod0_err": 0.047550520779843904,
            "log_kdeg": -5.8771993418690895,
            "log_kdeg_err": 0.38385985238358655,
            "log_kobs": -7.761575596031992,
            "log_kobs_err": 0.1237974858122839,
            "metadata": {
              "base": "U",
              "fmod_run_ids": [
                455,
                456,
                458,
                459,
                461,
                462,
                464,
                465,
                467,
                468,
                470,
                471
              ],
              "site": 17,
              "valtype": "modrate"
            }
          },
          "valtype": "modrate"
        },
        {
          "diagnostics": {
            "chisq": 1.0737142331837776e-07,
            "covariance": {
              "matrix": [
                [
                  5.45018083500367e-06,
                  -6.3430502608627385e-06,
                  -8.431544340887503e-05
                ],
                [
                  -6.3430502608627385e-06,
                  5.119280947527161e-05,
                  -0.00011083865823888928
                ],
                [
                  -8.431544340887503e-05,
                  -0.00011083865823888928,
                  0.004671627894502695
                ]
              ],
              "params": [
                "log_kappa",
                "log_kdeg",
                "log_fmod_0"
              ]
            },
            "ndata": 12,
            "nfree": 9,
            "r2": 0.9999593836743892,
            "reduced_chisq": 1.1930158146486418e-08,
            "status": "completed",
            "success": true,
            "time_max": 2700.0,
            "time_min": 0.0
          },
          "nt_id": 407,
          "params": {
            "fmod0": 0.0006475814054052144,
            "kdeg": 0.002795333956979053,
            "kobs": 0.03492688612780108,
            "log_fmod0": -7.342266049659473,
            "log_fmod0_err": 0.06834930792994685,
            "log_kdeg": -5.879803695799249,
            "log_kdeg_err": 0.00715491505716676,
            "log_kobs": -3.354498370206394,
            "log_kobs_err": 0.0023345622362669345,
            "metadata": {
              "base": "A",
              "fmod_run_ids": [
                455,
                456,
                458,
                459,
                461,
                462,
                464,
                465,
                467,
                468,
                470,
                471
              ],
              "site": 18,
              "valtype": "modrate"
            }
          },
          "valtype": "modrate"
        },
        {
          "diagnostics": {
            "chisq": 2.2406507548608177e-08,
            "covariance": {
              "matrix": [
                [
                  0.008349185195350247,
                  -0.009968227019812245,
                  -0.0015148418231632737
                ],
                [
                  -0.009968227019812245,
                  0.07897165010979518,
                  -0.0021904051343726878
                ],
                [
                  -0.0015148418231632737,
                  -0.0021904051343726878,
                  0.0010450378187470708
                ]
              ],
              "params": [
                "log_kappa",
                "log_kdeg",
                "log_fmod_0"
              ]
            },
            "ndata": 12,
            "nfree": 9,
            "r2": 0.940026839432745,
            "reduced_chisq": 2.489611949845353e-09,
            "status": "completed",
            "success": true,
            "time_max": 2700.0,
            "time_min": 0.0
          },
          "nt_id": 408,
          "params": {
            "fmod0": 0.0006246016749172152,
            "kdeg": 0.0025914451498962408,
            "kobs": 0.000399826302740179,
            "log_fmod0": -7.378396431535133,
            "log_fmod0_err": 0.032327044695534275,
            "log_kdeg": -5.955539585946795,
            "log_kdeg_err": 0.28101894973434655,
            "log_kobs": -7.824480348316705,
            "log_kobs_err": 0.09137387589103489,
            "metadata": {
              "base": "G",
              "fmod_run_ids": [
                455,
                456,
                458,
                459,
                461,
                462,
                464,
                465,
                467,
                468,
                470,
                471
              ],
              "site": 19,
              "valtype": "modrate"
            }
          },
          "valtype": "modrate"
        },
        {
          "diagnostics": {
            "chisq": 5.1897287643656294e-08,
            "covariance": {
              "matrix": [
                [
                  0.014203352978520965,
                  -0.01792818074584414,
                  -0.0021236511235093285
                ],
                [
                  -0.01792818074584414,
                  0.13245694353644344,
                  -0.0034025087735419486
                ],
                [
                  -0.0021236511235093285,
                  -0.0034025087735419486,
                  0.0013371270280363608
                ]
              ],
              "params": [
                "log_kappa",
                "log_kdeg",
                "log_fmod_0"
              ]
            },
            "ndata": 12,
            "nfree": 9,
            "r2": 0.9041992176285305,
            "reduced_chisq": 5.7663652937395885e-09,
            "status": "completed",
            "success": true,
            "time_max": 2700.0,
            "time_min": 0.0
          },
          "nt_id": 409,
          "params": {
            "fmod0": 0.0008389551903031608,
            "kdeg": 0.0023287276559710393,
            "kobs": 0.00047883750138680514,
            "log_fmod0": -7.0833532613820385,
            "log_fmod0_err": 0.03656674757257419,
            "log_kdeg": -6.062433230953964,
            "log_kdeg_err": 0.36394634705742474,
            "log_kobs": -7.644149263649173,
            "log_kobs_err": 0.11917782083307685,
            "metadata": {
              "base": "U",
              "fmod_run_ids": [
                455,
                456,
                458,
                459,
                461,
                462,
                464,
                465,
                467,
                468,
                470,
                471
              ],
              "site": 20,
              "valtype": "modrate"
            }
          },
          "valtype": "modrate"
        },
        {
          "diagnostics": {
            "chisq": 5.123353335995981e-07,
            "covariance": {
              "matrix": [
                [
                  0.16801128362141868,
                  -0.3188113964767567,
                  -0.01317123404972569
                ],
                [
                  -0.3188113964767567,
                  1.420194687568693,
                  -0.04524124419601724
                ],
                [
                  -0.01317123404972569,
                  -0.04524124419601724,
                  0.014819387288534798
                ]
              ],
              "params": [
                "log_kappa",
                "log_kdeg",
                "log_fmod_0"
              ]
            },
            "ndata": 12,
            "nfree": 9,
            "r2": 0.5354219012206254,
            "reduced_chisq": 5.6926148177733126e-08,
            "status": "completed",
            "success": true,
            "time_max": 2700.0,
            "time_min": 0.0
          },
          "nt_id": 410,
          "params": {
            "fmod0": 0.0007830678030852261,
            "kdeg": 0.001397332065034257,
            "kobs": 0.0005743804140199742,
            "log_fmod0": -7.152291271743936,
            "log_fmod0_err": 0.12173490579342804,
            "log_kdeg": -6.573190528288699,
            "log_kdeg_err": 1.1917192150706866,
            "log_kobs": -7.462218638966256,
            "log_kobs_err": 0.4098917950159757,
            "metadata": {
              "base": "G",
              "fmod_run_ids": [
                455,
                456,
                458,
                459,
                461,
                462,
                464,
                465,
                467,
                468,
                470,
                471
              ],
              "site": 21,
              "valtype": "modrate"
            }
          },
          "valtype": "modrate"
        },
        {
          "diagnostics": {
            "chisq": 6.020590111371929e-07,
            "covariance": {
              "matrix": [
                [
                  2.690898954450132e-05,
                  -3.096155314856644e-05,
                  -0.0003315683693645975
                ],
                [
                  -3.096155314856644e-05,
                  0.0002578202473400545,
                  -0.00041127573696947656
                ],
                [
                  -0.0003315683693645975,
                  -0.00041127573696947656,
                  0.014009019743055006
                ]
              ],
              "params": [
                "log_kappa",
                "log_kdeg",
                "log_fmod_0"
              ]
            },
            "ndata": 12,
            "nfree": 9,
            "r2": 0.9997984637270984,
            "reduced_chisq": 6.689544568191032e-08,
            "status": "completed",
            "success": true,
            "time_max": 2700.0,
            "time_min": 0.0
          },
          "nt_id": 411,
          "params": {
            "fmod0": 0.0008863732877535639,
            "kdeg": 0.0030026589054379287,
            "kobs": 0.03684431259271999,
            "log_fmod0": -7.028372378082423,
            "log_fmod0_err": 0.11835970489594423,
            "log_kdeg": -5.808257081034918,
            "log_kdeg_err": 0.016056781973361117,
            "log_kobs": -3.3010540116689278,
            "log_kobs_err": 0.0051873875452390595,
            "metadata": {
              "base": "A",
              "fmod_run_ids": [
                455,
                456,
                458,
                459,
                461,
                462,
                464,
                465,
                467,
                468,
                470,
                471
              ],
              "site": 22,
              "valtype": "modrate"
            }
          },
          "valtype": "modrate"
        },
        {
          "diagnostics": {
            "chisq": 9.297930201798527e-08,
            "covariance": {
              "matrix": [
                [
                  2452900112309.3213,
                  -2452701505287.6436,
                  402.08230979003775
                ],
                [
                  -2452701505287.6436,
                  2452502914347.0166,
                  -402.05549754867116
                ],
                [
                  402.08230979003775,
                  -402.05549754867116,
                  0.0005473481178679457
                ]
              ],
              "params": [
                "log_kappa",
                "log_kdeg",
                "log_fmod_0"
              ]
            },
            "ndata": 12,
            "nfree": 9,
            "r2": 0.37054083243867963,
            "reduced_chisq": 1.0331033557553919e-08,
            "status": "completed",
            "success": true,
            "time_max": 2700.0,
            "time_min": 0.0
          },
          "nt_id": 412,
          "params": {
            "fmod0": 0.0015202365302929384,
            "kdeg": 8.52834086771333e-10,
            "kobs": 91.17701307563469,
            "log_fmod0": -6.488889344195421,
            "log_fmod0_err": 0.02339547216595437,
            "log_kdeg": -20.882456092899098,
            "log_kdeg_err": 1566046.9068156984,
            "log_kobs": 4.512802815701176,
            "log_kobs_err": 1566173.717155706,
            "metadata": {
              "base": "U",
              "fmod_run_ids": [
                455,
                456,
                458,
                459,
                461,
                462,
                464,
                465,
                467,
                468,
                470,
                471
              ],
              "site": 23,
              "valtype": "modrate"
            }
          },
          "valtype": "modrate"
        },
        {
          "diagnostics": {
            "chisq": 4.171895295499655e-08,
            "covariance": {
              "matrix": [
                [
                  0.02659666064218515,
                  -0.038652179663939544,
                  -0.0016940297855227865
                ],
                [
                  -0.038652179663939544,
                  0.24439833834735164,
                  -0.003356772177683675
                ],
                [
                  -0.0016940297855227865,
                  -0.003356772177683675,
                  0.0005920914161579831
                ]
              ],
              "params": [
                "log_kappa",
                "log_kdeg",
                "log_fmod_0"
              ]
            },
            "ndata": 12,
            "nfree": 9,
            "r2": 0.8443729139590535,
            "reduced_chisq": 4.635439217221839e-09,
            "status": "completed",
            "success": true,
            "time_max": 2700.0,
            "time_min": 0.0
          },
          "nt_id": 413,
          "params": {
            "fmod0": 0.0011266131142025054,
            "kdeg": 0.0019375147714034782,
            "kobs": 0.0003343373867625,
            "log_fmod0": -6.788539391057914,
            "log_fmod0_err": 0.024332928639150344,
            "log_kdeg": -6.246349172815652,
            "log_kdeg_err": 0.49436660318770687,
            "log_kobs": -8.00335993482819,
            "log_kobs_err": 0.16308482652345418,
            "metadata": {
              "base": "U",
