{
  "artifacts": {},
  "engine": "python_baseline",
  "engine_version": "0.1.0",
  "metadata": {
    "buffer_pH": 6.5,
    "done_by": [
      "EKC"
    ],
    "experiment_id": "ekc.01.0xx",
    "fmod_run_id": 827,
    "notes": "Baseline python engine demo using examples/nerd.sqlite",
    "rg_id": 46,
    "rg_label": "70_4",
    "rounds_requested": [
      "round1_free",
      "round2_global",
      "round3_constrained"
    ],
    "temperature_c": 70.0,
    "valtypes": [
      "modrate",
      "GAmodrate"
    ]
  },
  "rounds": [
    {
      "global_params": {},
      "notes": null,
      "per_nt": [
        {
          "diagnostics": {
            "reason": "Non-zero fmod values are required for a fit.",
            "status": "failed"
          },
          "nt_id": 390,
          "params": {},
          "valtype": "modrate"
        },
        {
          "diagnostics": {
            "reason": "Non-zero fmod values are required for a fit.",
            "status": "failed"
          },
          "nt_id": 391,
          "params": {},
          "valtype": "modrate"
        },
        {
          "diagnostics": {
            "reason": "Non-zero fmod values are required for a fit.",
            "status": "failed"
          },
          "nt_id": 392,
          "params": {},
          "valtype": "modrate"
        },
        {
          "diagnostics": {
            "reason": "Non-zero fmod values are required for a fit.",
            "status": "failed"
          },
          "nt_id": 393,
          "params": {},
          "valtype": "modrate"
        },
        {
          "diagnostics": {
            "chisq": 1.888026788011383e-06,
            "covariance": {
              "matrix": [
                [
                  11023301641.165342,
                  -11022668871.403257,
                  3099.3894657327473
                ],
                [
                  -11022668871.403257,
                  11022036138.222494,
                  -3099.300403879233
                ],
                [
                  3099.3894657327473,
                  -3099.300403879233,
                  0.054988613879382246
                ]
              ],
              "params": [
                "log_kappa",
                "log_kdeg",
                "log_fmod_0"
              ]
            },
            "ndata": 7,
            "nfree": 4,
            "r2": 0.4920592134608669,
            "reduced_chisq": 4.7200669700284575e-07,
            "status": "completed",
            "success": true,
            "time_max": 170.0,
            "time_min": 0.0
          },
          "nt_id": 394,
          "params": {
            "fmod0": 0.0016911528471273542,
            "kdeg": 7.325265896377162e-10,
            "kobs": 12220.533566324562,
            "log_fmod0": -6.382344824547686,
            "log_fmod0_err": 0.2344965114439493,
            "log_kdeg": -21.034521475849438,
            "log_kdeg_err": 104985.8854238154,
            "log_kobs": 9.410872895137718,
            "log_kobs_err": 104991.91226549473,
            "metadata": {
              "base": "U",
              "fmod_run_ids": [
                821,
                822,
                823,
                824,
                825,
                826,
                827
              ],
              "site": 5,
              "valtype": "modrate"
            }
          },
          "valtype": "modrate"
        },
        {
          "diagnostics": {
            "chisq": 1.0550195202663064e-07,
            "covariance": {
              "matrix": [
                [
                  6.733854522425409,
                  -6.504841715774788,
                  0.0750678412042191
                ],
                [
                  -6.504841715774788,
                  7.3262241859749535,
                  -0.24092210446326462
                ],
                [
                  0.0750678412042191,
                  -0.24092210446326462,
                  0.043581502527228755
                ]
              ],
              "params": [
                "log_kappa",
                "log_kdeg",
                "log_fmod_0"
              ]
            },
            "ndata": 7,
            "nfree": 4,
            "r2": 0.2070707748053794,
            "reduced_chisq": 2.637548800665766e-08,
            "status": "completed",
            "success": true,
            "time_max": 170.0,
            "time_min": 0.0
          },
          "nt_id": 395,
          "params": {
            "fmod0": 0.0004923480761617779,
            "kdeg": 4.6418041658174215e-15,
            "kobs": 236445561.97711837,
            "log_fmod0": -7.6163246197386885,
            "log_fmod0_err": 0.20876183206522392,
            "log_kdeg": -33.0036732754069,
            "log_kdeg_err": 2.7066998699477107,
            "log_kobs": 19.281228557485406,
            "log_kobs_err": 2.594967152475231,
            "metadata": {
              "base": "G",
              "fmod_run_ids": [
                821,
                822,
                823,
                824,
                825,
                826,
                827
              ],
              "site": 6,
              "valtype": "modrate"
            }
          },
          "valtype": "modrate"
        },
        {
          "diagnostics": {
            "chisq": 7.188419909238752e-06,
            "covariance": {
              "matrix": [
                [
                  0.0049638382864180975,
                  -0.007816907751552993,
                  -0.03148212266703507
                ],
                [
                  -0.007816907751552993,
                  0.03443839055147483,
                  -0.1724673169029994
                ],
                [
                  -0.03148212266703507,
                  -0.1724673169029994,
                  3.0582508342317913
                ]
              ],
              "params": [
                "log_kappa",
                "log_kdeg",
                "log_fmod_0"
              ]
            },
            "ndata": 7,
            "nfree": 4,
            "r2": 0.9877311623869444,
            "reduced_chisq": 1.797104977309688e-06,
            "status": "completed",
            "success": true,
            "time_max": 170.0,
            "time_min": 0.0
          },
          "nt_id": 396,
          "params": {
            "fmod0": 0.0006381239433124581,
            "kdeg": 0.016057614437547472,
            "kobs": 0.028258424478591206,
            "log_fmod0": -7.356978024972344,
            "log_fmod0_err": 1.7487855312278264,
            "log_kdeg": -4.131572122122709,
            "log_kdeg_err": 0.18557583504183628,
            "log_kobs": -3.5663636542143906,
            "log_kobs_err": 0.07045451217926427,
            "metadata": {
              "base": "A",
              "fmod_run_ids": [
                821,
                822,
                823,
                824,
                825,
                826,
                827
              ],
              "site": 7,
              "valtype": "modrate"
            }
          },
          "valtype": "modrate"
        },
        {
          "diagnostics": {
            "chisq": 1.1868021999563596e-05,
            "covariance": {
              "matrix": [
                [
                  0.012354537714664028,
                  -0.020973126912817344,
                  -0.014600030753620347
                ],
                [
                  -0.020973126912817344,
                  0.0830684232594442,
                  -0.11076609859507225
                ],
                [
                  -0.014600030753620347,
                  -0.11076609859507225,
                  0.5113600160167827
                ]
              ],
              "params": [
                "log_kappa",
                "log_kdeg",
                "log_fmod_0"
              ]
            },
            "ndata": 7,
            "nfree": 4,
            "r2": 0.9731482508673734,
            "reduced_chisq": 2.967005499890899e-06,
            "status": "completed",
            "success": true,
            "time_max": 170.0,
            "time_min": 0.0
          },
          "nt_id": 397,
          "params": {
            "fmod0": 0.0019903862377108543,
            "kdeg": 0.014951711975682536,
            "kobs": 0.024733656822378543,
            "log_fmod0": -6.219426569776691,
            "log_fmod0_err": 0.7150944105618381,
            "log_kdeg": -4.202929472278022,
            "log_kdeg_err": 0.2882159316544528,
            "log_kobs": -3.6995903384905335,
            "log_kobs_err": 0.11115096812292742,
            "metadata": {
              "base": "A",
              "fmod_run_ids": [
                821,
                822,
                823,
                824,
                825,
                826,
                827
              ],
              "site": 8,
              "valtype": "modrate"
            }
          },
          "valtype": "modrate"
        },
        {
          "diagnostics": {
            "chisq": 1.0635670899195101e-05,
            "covariance": {
              "matrix": [
                [
                  0.006310960631459295,
                  -0.011052045099832685,
                  -0.0059607501458695455
                ],
                [
                  -0.011052045099832685,
                  0.041159212048839905,
                  -0.05719837118162052
                ],
                [
                  -0.0059607501458695455,
                  -0.05719837118162052,
                  0.27292077093238076
                ]
              ],
              "params": [
                "log_kappa",
                "log_kdeg",
                "log_fmod_0"
              ]
            },
            "ndata": 7,
            "nfree": 4,
            "r2": 0.9872134035146422,
            "reduced_chisq": 2.6589177247987754e-06,
            "status": "completed",
            "success": true,
            "time_max": 170.0,
            "time_min": 0.0
          },
          "nt_id": 398,
          "params": {
            "fmod0": 0.0025704436991277647,
            "kdeg": 0.014329251237893406,
            "kobs": 0.03470743353328186,
            "log_fmod0": -5.963676749401535,
            "log_fmod0_err": 0.5224181954453546,
            "log_kdeg": -4.245452289875427,
            "log_kdeg_err": 0.20287733251607953,
            "log_kobs": -3.3608013921106155,
            "log_kobs_err": 0.07944155481521806,
            "metadata": {
              "base": "C",
              "fmod_run_ids": [
                821,
                822,
                823,
                824,
                825,
                826,
                827
              ],
              "site": 9,
              "valtype": "modrate"
            }
          },
          "valtype": "modrate"
        },
        {
          "diagnostics": {
            "chisq": 3.4184854019618002e-06,
            "covariance": {
              "matrix": [
                [
                  530508891.96728396,
                  -530448255.7949564,
                  536.7236224722021
                ],
                [
                  -530448255.7949564,
                  530387635.3562049,
                  -537.2617995726322
                ],
                [
                  536.7236224722021,
                  -537.2617995726322,
                  0.07291175111400029
                ]
              ],
              "params": [
                "log_kappa",
                "log_kdeg",
                "log_fmod_0"
              ]
            },
            "ndata": 7,
            "nfree": 4,
            "r2": 0.02762659117968902,
            "reduced_chisq": 8.546213504904501e-07,
            "status": "completed",
            "success": true,
            "time_max": 170.0,
            "time_min": 0.0
          },
          "nt_id": 399,
          "params": {
            "fmod0": 0.001967453872335982,
            "kdeg": 2.0336390458611444e-11,
            "kobs": 101374.73125880817,
            "log_fmod0": -6.231015022757724,
            "log_fmod0_err": 0.2700217604453395,
            "log_kdeg": -24.618609201301325,
            "log_kdeg_err": 23030.14622958797,
            "log_kobs": 11.526579140452998,
            "log_kobs_err": 23032.77864191127,
            "metadata": {
              "base": "U",
              "fmod_run_ids": [
                821,
                822,
                823,
                824,
                825,
                826,
                827
              ],
              "site": 10,
              "valtype": "modrate"
            }
          },
          "valtype": "modrate"
        },
        {
          "diagnostics": {
            "chisq": 2.134471219349695e-06,
            "covariance": {
              "matrix": [
                [
                  388873044736.8938,
                  -388850925157.944,
                  -24940.11819993992
                ],
                [
                  -388850925157.944,
                  388828806837.3625,
                  24938.616633040816
                ],
                [
                  -24940.11819993992,
                  24938.616633040816,
                  0.06953735030342413
                ]
              ],
              "params": [
                "log_kappa",
                "log_kdeg",
                "log_fmod_0"
              ]
            },
            "ndata": 7,
            "nfree": 4,
            "r2": 0.5827012662869113,
            "reduced_chisq": 5.336178048374237e-07,
            "status": "completed",
            "success": true,
            "time_max": 170.0,
            "time_min": 0.0
          },
          "nt_id": 400,
          "params": {
            "fmod0": 0.001604968620766099,
            "kdeg": 3.232945228661552e-09,
            "kobs": 3535.440230317953,
            "log_fmod0": -6.434651073515829,
            "log_fmod0_err": 0.26369935590255833,
            "log_kdeg": -19.54987227968236,
            "log_kdeg_err": 623561.3897904219,
            "log_kobs": 8.170593105320275,
            "log_kobs_err": 623596.8607497105,
            "metadata": {
              "base": "U",
              "fmod_run_ids": [
                821,
                822,
                823,
                824,
                825,
                826,
                827
              ],
              "site": 11,
              "valtype": "modrate"
            }
          },
          "valtype": "modrate"
        },
        {
          "diagnostics": {
            "chisq": 4.182086949002061e-06,
            "covariance": {
              "matrix": [
                [
                  93619720517.60905,
                  -93614642013.55885,
                  -19415.414376686338
                ],
                [
                  -93614642013.55885,
                  93609563785.14656,
                  19414.272586706244
                ],
                [
                  -19415.414376686338,
                  19414.272586706244,
                  0.09736093049997073
                ]
              ],
              "params": [
                "log_kappa",
                "log_kdeg",
                "log_fmod_0"
              ]
            },
            "ndata": 7,
            "nfree": 4,
            "r2": 0.6274505125749519,
            "reduced_chisq": 1.0455217372505152e-06,
            "status": "completed",
            "success": true,
            "time_max": 170.0,
            "time_min": 0.0
          },
          "nt_id": 401,
          "params": {
            "fmod0": 0.0019170382657251574,
            "kdeg": 1.3743900349441007e-09,
            "kobs": 12790.978517864052,
            "log_fmod0": -6.256973853863206,
            "log_fmod0_err": 0.31202713103185553,
            "log_kdeg": -20.405255815202068,
            "log_kdeg_err": 305956.80052116275,
            "log_kobs": 9.456495398125233,
            "log_kobs_err": 305973.3983822925,
            "metadata": {
              "base": "U",
              "fmod_run_ids": [
                821,
                822,
                823,
                824,
                825,
                826,
                827
              ],
              "site": 12,
              "valtype": "modrate"
            }
          },
          "valtype": "modrate"
        },
        {
          "diagnostics": {
            "chisq": 1.6310086857356307e-05,
            "covariance": {
              "matrix": [
                [
                  5.104512844984281e+18,
                  -5.225874783053781e+18,
                  205697675.52695462
                ],
                [
                  -5.225874783053781e+18,
                  5.495392326055782e+18,
                  -335731513.5797315
                ],
                [
                  205697675.52695462,
                  -335731513.5797315,
                  0.2126692496824897
                ]
              ],
              "params": [
                "log_kappa",
                "log_kdeg",
                "log_fmod_0"
              ]
            },
            "ndata": 7,
            "nfree": 4,
            "r2": -1.308664288046657e-11,
            "reduced_chisq": 4.077521714339077e-06,
            "status": "completed",
            "success": true,
            "time_max": 170.0,
            "time_min": 0.0
          },
          "nt_id": 402,
          "params": {
            "fmod0": 0.0024558571474087,
            "kdeg": 1.7128189835585669e-09,
            "kobs": 7.961057726645487e-07,
            "log_fmod0": -6.009279435124746,
            "log_fmod0_err": 0.4611607633813719,
            "log_kdeg": -20.18512529536643,
            "log_kdeg_err": 2344225314.6947675,
            "log_kobs": -14.04353377969798,
            "log_kobs_err": 2259316897.8663177,
            "metadata": {
              "base": "U",
              "fmod_run_ids": [
                821,
                822,
                823,
                824,
                825,
                826,
                827
              ],
              "site": 13,
              "valtype": "modrate"
            }
          },
          "valtype": "modrate"
        },
        {
          "diagnostics": {
            "chisq": 1.5066217829113125e-08,
            "covariance": {
              "matrix": [
                [
                  376717035.0218354,
                  -376693899.9110807,
                  691.5724603150526
                ],
                [
                  -376693899.9110807,
                  376670766.4532328,
                  -691.5481586579261
                ],
                [
                  691.5724603150526,
                  -691.5481586579261,
                  0.0037904792287376224
                ]
              ],
              "params": [
                "log_kappa",
                "log_kdeg",
                "log_fmod_0"
              ]
            },
            "ndata": 7,
            "nfree": 4,
            "r2": 0.5185237315044977,
            "reduced_chisq": 3.766554457278281e-09,
            "status": "completed",
            "success": true,
            "time_max": 170.0,
            "time_min": 0.0
          },
          "nt_id": 403,
          "params": {
            "fmod0": 0.0006997970148568376,
            "kdeg": 1.030098594858742e-10,
            "kobs": 8180.9876209982785,
            "log_fmod0": -7.2647202437487906,
            "log_fmod0_err": 0.061566867946466326,
            "log_kdeg": -22.996196409116255,
            "log_kdeg_err": 19408.007791971664,
            "log_kobs": 9.00956815837214,
            "log_kobs_err": 19409.199752226657,
            "metadata": {
              "base": "G",
              "fmod_run_ids": [
                821,
                822,
                823,
                824,
                825,
                826,
                827
              ],
              "site": 14,
              "valtype": "modrate"
            }
          },
          "valtype": "modrate"
        },
        {
          "diagnostics": {
            "chisq": 5.3127525432132605e-06,
            "covariance": {
              "matrix": [
                [
                  0.0029451189211923984,
                  -0.004767123012225989,
                  -206590142.24148476
                ],
                [
                  -0.004767123012225989,
                  0.021531245387107364,
                  -1147067126.166393
                ],
                [
                  -206590142.24148476,
                  -1147067126.166393,
                  2.2664039220582367e+20
                ]
              ],
              "params": [
                "log_kappa",
                "log_kdeg",
                "log_fmod_0"
              ]
            },
            "ndata": 7,
            "nfree": 4,
            "r2": 0.9916922471740607,
            "reduced_chisq": 1.3281881358033151e-06,
            "status": "completed",
            "success": true,
            "time_max": 170.0,
            "time_min": 0.0
          },
          "nt_id": 404,
          "params": {
            "fmod0": 1.3737532150396843e-19,
            "kdeg": 0.01714839332466286,
            "kobs": 0.029120096319481314,
            "log_fmod0": -43.43157019981565,
            "log_fmod0_err": 15054580439.382017,
            "log_kdeg": -4.065850793451907,
            "log_kdeg_err": 0.14673529018987683,
            "log_kobs": -3.5363267479846265,
            "log_kobs_err": 0.054268949881054435,
            "metadata": {
              "base": "A",
              "fmod_run_ids": [
                821,
                822,
                823,
                824,
                825,
                826,
                827
              ],
              "site": 15,
              "valtype": "modrate"
            }
          },
          "valtype": "modrate"
        },
        {
          "diagnostics": {
            "chisq": 8.822479940209094e-06,
            "covariance": {
              "matrix": [
                [
                  0.007644925865487134,
                  -0.009506129822618819,
                  -0.0694005077421767
                ],
                [
                  -0.009506129822618819,
                  0.05526095834710837,
                  -0.2380488808740271
                ],
                [
                  -0.0694005077421767,
                  -0.2380488808740271,
                  3.8119161811098756
                ]
              ],
              "params": [
                "log_kappa",
                "log_kdeg",
                "log_fmod_0"
              ]
            },
            "ndata": 7,
            "nfree": 4,
            "r2": 0.977014533702923,
            "reduced_chisq": 2.2056199850522734e-06,
            "status": "completed",
            "success": true,
            "time_max": 170.0,
            "time_min": 0.0
          },
          "nt_id": 405,
          "params": {
            "fmod0": 0.0006438300034721895,
            "kdeg": 0.018891208178781423,
            "kobs": 0.021969150234043427,
            "log_fmod0": -7.348075836469752,
            "log_fmod0_err": 1.9524129125545846,
            "log_kdeg": -3.9690586408701836,
            "log_kdeg_err": 0.2350764946716459,
            "log_kobs": -3.8181160718023146,
            "log_kobs_err": 0.08743526671479383,
            "metadata": {
              "base": "A",
              "fmod_run_ids": [
                821,
                822,
                823,
                824,
                825,
                826,
                827
              ],
              "site": 16,
              "valtype": "modrate"
            }
          },
          "valtype": "modrate"
        },
        {
          "diagnostics": {
            "chisq": 6.038741037873458e-07,
            "covariance": {
              "matrix": [
                [
                  48187487.52718886,
                  -48185330.28966429,
                  410.36953754275794
                ],
                [
                  -48185330.28966429,
                  48183173.22548555,
                  -410.401002618285
                ],
                [
                  410.36953754275794,
                  -410.401002618285,
                  0.06081654105481918
                ]
              ],
              "params": [
                "log_kappa",
                "log_kdeg",
                "log_fmod_0"
              ]
            },
            "ndata": 7,
            "nfree": 4,
            "r2": 0.7653001083513825,
            "reduced_chisq": 1.5096852594683646e-07,
            "status": "completed",
            "success": true,
            "time_max": 170.0,
            "time_min": 0.0
          },
          "nt_id": 406,
          "params": {
            "fmod0": 0.0009293246014872626,
            "kdeg": 7.746100577520749e-11,
            "kobs": 119932.49902647427,
            "log_fmod0": -6.9810524706132595,
            "log_fmod0_err": 0.24661009925552355,
            "log_kdeg": -23.281246457479977,
            "log_kdeg_err": 6941.410031505526,
            "log_kobs": 11.694684355384426,
            "log_kobs_err": 6941.72079006271,
            "metadata": {
              "base": "U",
              "fmod_run_ids": [
                821,
                822,
                823,
                824,
                825,
                826,
                827
              ],
              "site": 17,
              "valtype": "modrate"
            }
          },
          "valtype": "modrate"
        },
        {
          "diagnostics": {
            "chisq": 5.499329588215879e-06,
            "covariance": {
              "matrix": [
                [
                  0.004487148546799155,
                  -0.005561663360041922,
                  -0.035690071522210924
                ],
                [
                  -0.005561663360041922,
                  0.03242418733538756,
                  -0.12188467050754735
                ],
                [
                  -0.035690071522210924,
                  -0.12188467050754735,
                  1.7045526617158893
                ]
              ],
              "params": [
                "log_kappa",
                "log_kdeg",
                "log_fmod_0"
              ]
            },
            "ndata": 7,
            "nfree": 4,
            "r2": 0.9863656916282212,
            "reduced_chisq": 1.3748323970539698e-06,
            "status": "completed",
            "success": true,
            "time_max": 170.0,
            "time_min": 0.0
          },
          "nt_id": 407,
          "params": {
            "fmod0": 0.0007601449003618251,
            "kdeg": 0.018923280513521743,
            "kobs": 0.02262933411755985,
            "log_fmod0": -7.182001484486072,
            "log_fmod0_err": 1.305585179800954,
            "log_kdeg": -3.967362341724542,
            "log_kdeg_err": 0.18006717450825832,
            "log_kobs": -3.7885082445349703,
            "log_kobs_err": 0.06698618176011494,
            "metadata": {
              "base": "A",
              "fmod_run_ids": [
                821,
                822,
                823,
                824,
                825,
                826,
                827
              ],
              "site": 18,
              "valtype": "modrate"
            }
          },
          "valtype": "modrate"
        },
        {
          "diagnostics": {
            "chisq": 1.0434769920206274e-08,
            "covariance": {
              "matrix": [
                [
                  0.38996576425122287,
                  -0.5625673207976586,
                  0.02397598625808125
                ],
                [
                  -0.5625673207976586,
                  0.8317301170594372,
                  -0.04248362602408002
                ],
                [
                  0.02397598625808125,
                  -0.04248362602408002,
                  0.006053776337625601
                ]
              ],
              "params": [
                "log_kappa",
                "log_kdeg",
                "log_fmod_0"
              ]
            },
            "ndata": 7,
            "nfree": 4,
            "r2": 0.9635748319745455,
            "reduced_chisq": 2.6086924800515684e-09,
            "status": "completed",
            "success": true,
            "time_max": 170.0,
            "time_min": 0.0
          },
          "nt_id": 408,
          "params": {
            "fmod0": 0.000500378828671901,
            "kdeg": 0.004494678696195162,
            "kobs": 0.001096386884335461,
            "log_fmod0": -7.600145089075712,
            "log_fmod0_err": 0.07780601736129154,
            "log_kdeg": -5.404861093881429,
            "log_kdeg_err": 0.9119923887069658,
            "log_kobs": -6.815735156088532,
            "log_kobs_err": 0.6244723887020329,
            "metadata": {
              "base": "G",
              "fmod_run_ids": [
                821,
                822,
                823,
                824,
                825,
                826,
                827
              ],
              "site": 19,
              "valtype": "modrate"
            }
          },
          "valtype": "modrate"
        },
        {
          "diagnostics": {
            "chisq": 1.5357826216118434e-06,
            "covariance": {
              "matrix": [
                [
                  79715273699.91104,
                  -79710886724.68735,
                  20304.373127026192
                ],
                [
                  -79710886724.68735,
                  79706499990.976,
                  -20303.30943226839
                ],
                [
                  20304.373127026192,
                  -20303.30943226839,
                  0.06625583021141183
                ]
              ],
              "params": [
                "log_kappa",
                "log_kdeg",
                "log_fmod_0"
              ]
            },
            "ndata": 7,
            "nfree": 4,
            "r2": 0.7496717620683834,
            "reduced_chisq": 3.8394565540296085e-07,
            "status": "completed",
            "success": true,
            "time_max": 170.0,
            "time_min": 0.0
          },
          "nt_id": 409,
          "params": {
            "fmod0": 0.0014358628831216697,
            "kdeg": 4.414179108596929e-09,
            "kobs": 3217.4553622704298,
            "log_fmod0": -6.545989298206432,
            "log_fmod0_err": 0.2574020788793514,
            "log_kdeg": -19.23844395254568,
            "log_kdeg_err": 282323.3961098088,
            "log_kobs": 8.076346065953821,
            "log_kobs_err": 282338.9340843927,
            "metadata": {
              "base": "U",
              "fmod_run_ids": [
                821,
                822,
                823,
                824,
                825,
                826,
                827
              ],
              "site": 20,
              "valtype": "modrate"
            }
          },
          "valtype": "modrate"
        },
        {
          "diagnostics": {
            "chisq": 1.71908639976149e-07,
            "covariance": {
              "matrix": [
                [
                  3601249254.6408005,
                  -3601017219.692101,
                  -245.14790374285718
                ],
                [
                  -3601017219.692101,
                  3600785199.8629055,
                  245.0849538535158
                ],
                [
                  -245.14790374285718,
                  245.0849538535158,
                  0.02332516388777369
                ]
              ],
              "params": [
                "log_kappa",
                "log_kdeg",
                "log_fmod_0"
              ]
            },
            "ndata": 7,
            "nfree": 4,
            "r2": 0.5966322750924675,
            "reduced_chisq": 4.297715999403725e-08,
            "status": "completed",
            "success": true,
            "time_max": 170.0,
            "time_min": 0.0
          },
          "nt_id": 410,
          "params": {
            "fmod0": 0.0007774374803217767,
            "kdeg": 4.835027280859112e-10,
            "kobs": 6901.284720133779,
            "log_fmod0": -7.159507328305738,
            "log_fmod0_err": 0.1527257800365534,
            "log_kdeg": -21.449964158681084,
            "log_kdeg_err": 60006.54297543648,
            "log_kobs": 8.839462864577634,
            "log_kobs_err": 60010.40955235017,
            "metadata": {
              "base": "G",
              "fmod_run_ids": [
                821,
                822,
                823,
                824,
                825,
                826,
                827
              ],
              "site": 21,
              "valtype": "modrate"
            }
          },
          "valtype": "modrate"
        },
        {
          "diagnostics": {
            "chisq": 5.7270409539913345e-06,
            "covariance": {
              "matrix": [
                [
                  0.0028897914459334244,
                  -0.003613739712434755,
                  -0.01606125993396908
                ],
                [
                  -0.003613739712434755,
                  0.020776101296216137,
                  -0.05533170235744276
                ],
                [
                  -0.01606125993396908,
                  -0.05533170235744276,
                  0.5485053284482708
                ]
              ],
              "params": [
                "log_kappa",
                "log_kdeg",
                "log_fmod_0"
              ]
            },
            "ndata": 7,
            "nfree": 4,
            "r2": 0.9912854939407862,
            "reduced_chisq": 1.4317602384978336e-06,
            "status": "completed",
            "success": true,
            "time_max": 170.0,
            "time_min": 0.0
          },
          "nt_id": 411,
          "params": {
            "fmod0": 0.00136752370994286,
            "kdeg": 0.018794803373225446,
            "kobs": 0.02908131604806646,
            "log_fmod0": -6.594753685651817,
            "log_fmod0_err": 0.7406114557905993,
            "log_kdeg": -3.974174863674061,
            "log_kdeg_err": 0.14413917335761342,
            "log_kobs": -3.537659371217515,
            "log_kobs_err": 0.0537567804647323,
            "metadata": {
              "base": "A",
              "fmod_run_ids": [
                821,
                822,
                823,
                824,
                825,
                826,
                827
              ],
              "site": 22,
              "valtype": "modrate"
            }
          },
          "valtype": "modrate"
        },
        {
          "diagnostics": {
            "chisq": 3.473294625955298e-06,
            "covariance": {
              "matrix": [
                [
                  15967358.344388785,
                  -15967488.39057778,
                  558.0443625995199
                ],
                [
                  -15967488.39057778,
                  15967618.776816584,
                  -558.1273246710198
                ],
                [
                  558.0443625995199,
                  -558.1273246710198,
                  0.051638524607944186
                ]
              ],
              "params": [
                "log_kappa",
                "log_kdeg",
                "log_fmod_0"
              ]
            },
            "ndata": 7,
            "nfree": 4,
            "r2": 0.4250184289791129,
            "reduced_chisq": 8.683236564888245e-07,
            "status": "completed",
            "success": true,
            "time_max": 170.0,
            "time_min": 0.0
          },
          "nt_id": 412,
          "params": {
            "fmod0": 0.0029770370861439644,
            "kdeg": 1.5447537216839574e-11,
            "kobs": 686572.8707256535,
            "log_fmod0": -5.816826739470176,
            "log_fmod0_err": 0.22724111557538215,
            "log_kdeg": -24.893571528731677,
            "log_kdeg_err": 3995.950297090366,
            "log_kobs": 13.439467646736965,
            "log_kobs_err": 3995.917709912053,
            "metadata": {
              "base": "U",
              "fmod_run_ids": [
                821,
                822,
                823,
                824,
                825,
                826,
                827
              ],
              "site": 23,
              "valtype": "modrate"
            }
          },
          "valtype": "modrate"
        },
        {
          "diagnostics": {
            "chisq": 2.7639247060390567e-06,
            "covariance": {
              "matrix": [
                [
                  4633640615679452.0,
                  -4633387141622131.0,
                  -14294240.975882603
                ],
                [
                  -4633387141622131.0,
                  4633133681430603.0,
                  14293458.970454156
                ],
                [
                  -14294240.975882603,
                  14293458.970454156,
                  0.11201953713808695
                ]
              ],
              "params": [
                "log_kappa",
                "log_kdeg",
                "log_fmod_0"
              ]
            },
            "ndata": 7,
            "nfree": 4,
            "r2": 0.6783160677242366,
            "reduced_chisq": 6.909811765097642e-07,
            "status": "completed",
            "success": true,
            "time_max": 170.0,
            "time_min": 0.0
          },
          "nt_id": 413,
          "params": {
            "fmod0": 0.0018267883715948115,
            "kdeg": 1.977684827247734e-09,
            "kobs": 8085.003962395809,
            "log_fmod0": -6.3051958421243075,
            "log_fmod0_err": 0.33469319852379276,
            "log_kdeg": -20.041338955548017,
            "log_kdeg_err": 68067126.29038046,
            "log_kobs": 8.997766262103333,
            "log_kobs_err": 68070849.97030264,
            "metadata": {
              "base": "U",
              "fmod_run_ids": [
                821,
                822,
                823,
                824,
                825,
                826,
                827
              ],
              "site": 24,
              "valtype": "modrate"
            }
          },
          "valtype": "modrate"
        },
        {
          "diagnostics": {
            "chisq": 4.167950455222559e-06,
            "covariance": {
              "matrix": [
                [
                  0.0014672083967584627,
                  -0.00218984658836166,
                  -0.014362006915178143
                ],
                [
                  -0.00218984658836166,
                  0.010252975628085605,
                  -0.06752488072780226
                ],
                [
                  -0.014362006915178143,
                  -0.06752488072780226,
                  1.6004013875811343
                ]
              ],
              "params": [
                "log_kappa",
                "log_kdeg",
                "log_fmod_0"
              ]
            },
            "ndata": 7,
            "nfree": 4,
            "r2": 0.9961610686839403,
            "reduced_chisq": 1.0419876138056397e-06,
            "status": "completed",
            "success": true,
            "time_max": 170.0,
            "time_min": 0.0
          },
          "nt_id": 414,
          "params": {
            "fmod0": 0.0006749288199866946,
            "kdeg": 0.016704913142383232,
            "kobs": 0.03848842720796997,
            "log_fmod0": -7.300903324523747,
