{
  "artifacts": {},
  "engine": "python_baseline",
  "engine_version": "0.1.0",
  "metadata": {
    "buffer_pH": 6.5,
    "done_by": [
      "EKC"
    ],
    "experiment_id": "ekc.01.0xx",
    "fmod_run_id": 298,
    "notes": "Baseline python engine demo using examples/nerd.sqlite",
    "rg_id": 56,
    "rg_label": "30_4",
    "rounds_requested": [
      "round1_free",
      "round2_global",
      "round3_constrained"
    ],
    "temperature_c": 30.0,
    "valtypes": [
      "modrate",
      "GAmodrate"
    ]
  },
  "rounds": [
    {
      "global_params": {},
      "notes": null,
      "per_nt": [
        {
          "diagnostics": {
            "reason": "Non-zero fmod values are required for a fit.",
            "status": "failed"
          },
          "nt_id": 390,
          "params": {},
          "valtype": "modrate"
        },
        {
          "diagnostics": {
            "reason": "Non-zero fmod values are required for a fit.",
            "status": "failed"
          },
          "nt_id": 391,
          "params": {},
          "valtype": "modrate"
        },
        {
          "diagnostics": {
            "reason": "Non-zero fmod values are required for a fit.",
            "status": "failed"
          },
          "nt_id": 392,
          "params": {},
          "valtype": "modrate"
        },
        {
          "diagnostics": {
            "reason": "Non-zero fmod values are required for a fit.",
            "status": "failed"
          },
          "nt_id": 393,
          "params": {},
          "valtype": "modrate"
        },
        {
          "diagnostics": {
            "chisq": 6.042397142857145e-07,
            "ndata": 7,
            "nfree": 4,
            "r2": -2.220446049250313e-16,
            "reduced_chisq": 1.5105992857142863e-07,
            "status": "completed",
            "success": true,
            "time_max": 15720.0,
            "time_min": 0.0
          },
          "nt_id": 394,
          "params": {
            "fmod0": 0.0015855714285827878,
            "kdeg": 3.093828756668621e-22,
            "kobs": 0.0002775145204015204,
            "log_fmod0": -6.446810413860444,
            "log_kdeg": -49.52746264215719,
            "log_kobs": -8.189637300375486,
            "metadata": {
              "base": "U",
              "fmod_run_ids": [
                293,
                294,
                295,
                296,
                297,
                298,
                299
              ],
              "site": 5,
              "valtype": "modrate"
            }
          },
          "valtype": "modrate"
        },
        {
          "diagnostics": {
            "chisq": 3.133898675032355e-08,
            "covariance": {
              "matrix": [
                [
                  4.8265115267457865,
                  -7.843219140418505,
                  0.1005854946144591
                ],
                [
                  -7.843219140418505,
                  13.480838247442664,
                  -0.23743615367177
                ],
                [
                  0.1005854946144591,
                  -0.23743615367177,
                  0.012477819809561464
                ]
              ],
              "params": [
                "log_kappa",
                "log_kdeg",
                "log_fmod_0"
              ]
            },
            "ndata": 7,
            "nfree": 4,
            "r2": 0.4870941552088002,
            "reduced_chisq": 7.834746687580888e-09,
            "status": "completed",
            "success": true,
            "time_max": 15720.0,
            "time_min": 0.0
          },
          "nt_id": 395,
          "params": {
            "fmod0": 0.0006171086403068951,
            "kdeg": 6.684162003224256e-05,
            "kobs": 0.0002907017179458014,
            "log_fmod0": -7.3904654712656646,
            "log_fmod0_err": 0.1117041620064421,
            "log_kdeg": -9.613184617064578,
            "log_kdeg_err": 3.671626103982085,
            "log_kobs": -8.143212840730627,
            "log_kobs_err": 2.196932299081104,
            "metadata": {
              "base": "G",
              "fmod_run_ids": [
                293,
                294,
                295,
                296,
                297,
                298,
                299
              ],
              "site": 6,
              "valtype": "modrate"
            }
          },
          "valtype": "modrate"
        },
        {
          "diagnostics": {
            "chisq": 7.158830119555053e-06,
            "covariance": {
              "matrix": [
                [
                  0.001703668676400452,
                  9.669950583204595e-06,
                  -0.019584584592383103
                ],
                [
                  9.669950583204595e-06,
                  0.011686741939802608,
                  -0.029024569047253455
                ],
                [
                  -0.019584584592383103,
                  -0.029024569047253455,
                  0.3550870960742239
                ]
              ],
              "params": [
                "log_kappa",
                "log_kdeg",
                "log_fmod_0"
              ]
            },
            "ndata": 7,
            "nfree": 4,
            "r2": 0.9934783154013315,
            "reduced_chisq": 1.7897075298887632e-06,
            "status": "completed",
            "success": true,
            "time_max": 15720.0,
            "time_min": 0.0
          },
          "nt_id": 396,
          "params": {
            "fmod0": 0.0020919569228743007,
            "kdeg": 0.0004268050179083698,
            "kobs": 0.0354839990164811,
            "log_fmod0": -6.1696553243517425,
            "log_fmod0_err": 0.5958918493101109,
            "log_kdeg": -7.759183281557125,
            "log_kdeg_err": 0.10810523548747585,
            "log_kobs": -3.338673416041047,
            "log_kobs_err": 0.04127552151579011,
            "metadata": {
              "base": "A",
              "fmod_run_ids": [
                293,
                294,
                295,
                296,
                297,
                298,
                299
              ],
              "site": 7,
              "valtype": "modrate"
            }
          },
          "valtype": "modrate"
        },
        {
          "diagnostics": {
            "chisq": 3.39898441129978e-06,
            "covariance": {
              "matrix": [
                [
                  0.0011186870405774344,
                  -3.306343865794783e-05,
                  -0.007727416730433352
                ],
                [
                  -3.306343865794783e-05,
                  0.007720852689787775,
                  -0.01174242442699148
                ],
                [
                  -0.007727416730433352,
                  -0.01174242442699148,
                  0.08628630416361396
                ]
              ],
              "params": [
                "log_kappa",
                "log_kdeg",
                "log_fmod_0"
              ]
            },
            "ndata": 7,
            "nfree": 4,
            "r2": 0.99568341381634,
            "reduced_chisq": 8.49746102824945e-07,
            "status": "completed",
            "success": true,
            "time_max": 15720.0,
            "time_min": 0.0
          },
          "nt_id": 397,
          "params": {
            "fmod0": 0.0029088183917320353,
            "kdeg": 0.0004095456831863013,
            "kobs": 0.03000148180223441,
            "log_fmod0": -5.840008331210937,
            "log_fmod0_err": 0.2937453049218216,
            "log_kdeg": -7.800462102440825,
            "log_kdeg_err": 0.08786838276529149,
            "log_kobs": -3.506508505131982,
            "log_kobs_err": 0.033446779225770516,
            "metadata": {
              "base": "A",
              "fmod_run_ids": [
                293,
                294,
                295,
                296,
                297,
                298,
                299
              ],
              "site": 8,
              "valtype": "modrate"
            }
          },
          "valtype": "modrate"
        },
        {
          "diagnostics": {
            "chisq": 1.1105510042061534e-07,
            "covariance": {
              "matrix": [
                [
                  0.00012201562365792206,
                  -1.4634113317055101e-05,
                  -0.00033702992349755027
                ],
                [
                  -1.4634113317055101e-05,
                  0.0008584650945892741,
                  -0.0005455473266792651
                ],
                [
                  -0.00033702992349755027,
                  -0.0005455473266792651,
                  0.0016050365998783644
                ]
              ],
              "params": [
                "log_kappa",
                "log_kdeg",
                "log_fmod_0"
              ]
            },
            "ndata": 7,
            "nfree": 4,
            "r2": 0.9995213411628006,
            "reduced_chisq": 2.7763775105153834e-08,
            "status": "completed",
            "success": true,
            "time_max": 15720.0,
            "time_min": 0.0
          },
          "nt_id": 398,
          "params": {
            "fmod0": 0.0038093617691271286,
            "kdeg": 0.00037374947729896694,
            "kobs": 0.01621354334775736,
            "log_fmod0": -5.570293618540472,
            "log_fmod0_err": 0.04006290803072543,
            "log_kdeg": -7.891924831791548,
            "log_kdeg_err": 0.029299574989908542,
            "log_kobs": -4.1219083768839555,
            "log_kobs_err": 0.011046068244308564,
            "metadata": {
              "base": "C",
              "fmod_run_ids": [
                293,
                294,
                295,
                296,
                297,
                298,
                299
              ],
              "site": 9,
              "valtype": "modrate"
            }
          },
          "valtype": "modrate"
        },
        {
          "diagnostics": {
            "chisq": 4.769259714988575e-06,
            "covariance": {
              "matrix": [
                [
                  2.523501502719884e+18,
                  -2.513989532813508e+18,
                  -267047859.3715784
                ],
                [
                  -2.513989532813508e+18,
                  2.528168797447705e+18,
                  214445380.49449557
                ],
                [
                  -267047859.3715784,
                  214445380.49449557,
                  0.21716363854828657
                ]
              ],
              "params": [
                "log_kappa",
                "log_kdeg",
                "log_fmod_0"
              ]
            },
            "ndata": 7,
            "nfree": 4,
            "r2": -1.473730026901876e-10,
            "reduced_chisq": 1.1923149287471438e-06,
            "status": "completed",
            "success": true,
            "time_max": 15720.0,
            "time_min": 0.0
          },
          "nt_id": 399,
          "params": {
            "fmod0": 0.001493428577913663,
            "kdeg": 7.588252867101451e-14,
            "kobs": 0.0003444468419669867,
            "log_fmod0": -6.506680743404302,
            "log_fmod0_err": 0.4660081957951883,
            "log_kdeg": -30.209589925794294,
            "log_kdeg_err": 1590021634.2703345,
            "log_kobs": -7.973570784302164,
            "log_kobs_err": 1588553273.491287,
            "metadata": {
              "base": "U",
              "fmod_run_ids": [
                293,
                294,
                295,
                296,
                297,
                298,
                299
              ],
              "site": 10,
              "valtype": "modrate"
            }
          },
          "valtype": "modrate"
        },
        {
          "diagnostics": {
            "chisq": 2.1141112795422864e-07,
            "covariance": {
              "matrix": [
                [
                  5.282880179800604,
                  1.627665274595732,
                  -0.31863063342797066
                ],
                [
                  1.627665274595732,
                  39.17535626167911,
                  -0.345794547553419
                ],
                [
                  -0.31863063342797066,
                  -0.345794547553419,
                  0.024328436330173377
                ]
              ],
              "params": [
                "log_kappa",
                "log_kdeg",
                "log_fmod_0"
              ]
            },
            "ndata": 7,
            "nfree": 4,
            "r2": 0.04576705014546789,
            "reduced_chisq": 5.285278198855716e-08,
            "status": "completed",
            "success": true,
            "time_max": 15720.0,
            "time_min": 0.0
          },
          "nt_id": 400,
          "params": {
            "fmod0": 0.0014634680464562795,
            "kdeg": 0.0009081924930158423,
            "kobs": 0.00010862735934463737,
            "log_fmod0": -6.526946285718604,
            "log_fmod0_err": 0.15597575558455673,
            "log_kdeg": -7.004054205117626,
            "log_kdeg_err": 6.2590219892311545,
            "log_kobs": -9.127587254525874,
            "log_kobs_err": 2.298451691857065,
            "metadata": {
              "base": "U",
              "fmod_run_ids": [
                293,
                294,
                295,
                296,
                297,
                298,
                299
              ],
              "site": 11,
              "valtype": "modrate"
            }
          },
          "valtype": "modrate"
        },
        {
          "diagnostics": {
            "chisq": 2.729443402105927e-07,
            "covariance": {
              "matrix": [
                [
                  0.12955062025049294,
                  0.004339917163427705,
                  -0.07048585406155988
                ],
                [
                  0.004339917163427705,
                  1.2475018451644078,
                  -0.044111636191890055
                ],
                [
                  -0.07048585406155988,
                  -0.044111636191890055,
                  0.046373078933324687
                ]
              ],
              "params": [
                "log_kappa",
                "log_kdeg",
                "log_fmod_0"
              ]
            },
            "ndata": 7,
            "nfree": 4,
            "r2": 0.6588645315181412,
            "reduced_chisq": 6.823608505264817e-08,
            "status": "completed",
            "success": true,
            "time_max": 15720.0,
            "time_min": 0.0
          },
          "nt_id": 401,
          "params": {
            "fmod0": 0.0012129120405834784,
            "kdeg": 0.0016774719064149373,
            "kobs": 0.0007963275055510975,
            "log_fmod0": -6.714731165595507,
            "log_fmod0_err": 0.21534409426154386,
            "log_kdeg": -6.390467436552304,
            "log_kdeg_err": 1.11691622119316,
            "log_kobs": -7.135500017603218,
            "log_kobs_err": 0.3599314104805149,
            "metadata": {
              "base": "U",
              "fmod_run_ids": [
                293,
                294,
                295,
                296,
                297,
                298,
                299
              ],
              "site": 12,
              "valtype": "modrate"
            }
          },
          "valtype": "modrate"
        },
        {
          "diagnostics": {
            "chisq": 2.5675620876173344e-05,
            "covariance": {
              "matrix": [
                [
                  2.720311323558094e+18,
                  -2.662882497289826e+18,
                  -452622584.49188006
                ],
                [
                  -2.662882497289826e+18,
                  2.6140904031350246e+18,
                  395847751.95814896
                ],
                [
                  -452622584.49188006,
                  395847751.95814896,
                  0.5893847983966269
                ]
              ],
              "params": [
                "log_kappa",
                "log_kdeg",
                "log_fmod_0"
              ]
            },
            "ndata": 7,
            "nfree": 4,
            "r2": -7.411891100872481e-10,
            "reduced_chisq": 6.418905219043336e-06,
            "status": "completed",
            "success": true,
            "time_max": 15720.0,
            "time_min": 0.0
          },
          "nt_id": 402,
          "params": {
            "fmod0": 0.0020711428691232536,
            "kdeg": 1.8334322073948715e-13,
            "kobs": 0.001694566228971186,
            "log_fmod0": -6.179654713374327,
            "log_fmod0_err": 0.7677140082065892,
            "log_kdeg": -29.327416475500225,
            "log_kdeg_err": 1616814894.5179298,
            "log_kobs": -6.38032848301221,
            "log_kobs_err": 1649336631.3636806,
            "metadata": {
              "base": "U",
              "fmod_run_ids": [
                293,
                294,
                295,
                296,
                297,
                298,
                299
              ],
              "site": 13,
              "valtype": "modrate"
            }
          },
          "valtype": "modrate"
        },
        {
          "diagnostics": {
            "chisq": 3.818145912809064e-08,
            "covariance": {
              "matrix": [
                [
                  1.631895412949186,
                  0.5085670080485719,
                  -0.1556923687640574
                ],
                [
                  0.5085670080485719,
                  12.074072308152932,
                  -0.17642449093093987
                ],
                [
                  -0.1556923687640574,
                  -0.17642449093093987,
                  0.018994193714918797
                ]
              ],
              "params": [
                "log_kappa",
                "log_kdeg",
                "log_fmod_0"
              ]
            },
            "ndata": 7,
            "nfree": 4,
            "r2": 0.13424093039261686,
            "reduced_chisq": 9.54536478202266e-09,
            "status": "completed",
            "success": true,
            "time_max": 15720.0,
            "time_min": 0.0
          },
          "nt_id": 403,
          "params": {
            "fmod0": 0.0007019478734154748,
            "kdeg": 0.0008499476330110728,
            "kobs": 8.282831886228467e-05,
            "log_fmod0": -7.2616514110893675,
            "log_fmod0_err": 0.13781942430194227,
            "log_kdeg": -7.070335818600044,
            "log_kdeg_err": 3.4747765839191636,
            "log_kobs": -9.398740539801958,
            "log_kobs_err": 1.2774566188130172,
            "metadata": {
              "base": "G",
              "fmod_run_ids": [
                293,
                294,
                295,
                296,
                297,
                298,
                299
              ],
              "site": 14,
              "valtype": "modrate"
            }
          },
          "valtype": "modrate"
        },
        {
          "diagnostics": {
            "chisq": 3.073813773510196e-06,
            "covariance": {
              "matrix": [
                [
                  0.005469227355648073,
                  0.0008808511150903302,
                  -0.07873275759567074
                ],
                [
                  0.0008808511150903302,
                  0.038581621916202735,
                  -0.10864618407661303
                ],
                [
                  -0.07873275759567074,
                  -0.10864618407661303,
                  1.6289744268867807
                ]
              ],
              "params": [
                "log_kappa",
                "log_kdeg",
                "log_fmod_0"
              ]
            },
            "ndata": 7,
            "nfree": 4,
            "r2": 0.9789457327734276,
            "reduced_chisq": 7.68453443377549e-07,
            "status": "completed",
            "success": true,
            "time_max": 15720.0,
            "time_min": 0.0
          },
          "nt_id": 404,
          "params": {
            "fmod0": 0.0006547850416211209,
            "kdeg": 0.0005282478311827614,
            "kobs": 0.012730408020161116,
            "log_fmod0": -7.331203556923216,
            "log_fmod0_err": 1.2763128248539934,
            "log_kdeg": -7.545945007140973,
            "log_kdeg_err": 0.19642205048365302,
            "log_kobs": -4.363761815067782,
            "log_kobs_err": 0.07395422473157347,
            "metadata": {
              "base": "A",
              "fmod_run_ids": [
                293,
                294,
                295,
                296,
                297,
                298,
                299
              ],
              "site": 15,
              "valtype": "modrate"
            }
          },
          "valtype": "modrate"
        },
        {
          "diagnostics": {
            "chisq": 4.72313304499426e-07,
            "covariance": {
              "matrix": [
                [
                  0.0015716063150604496,
                  0.00017238697530201017,
                  -0.006352049646355343
                ],
                [
                  0.00017238697530201017,
                  0.011049862080250862,
                  -0.009069744088437208
                ],
                [
                  -0.006352049646355343,
                  -0.009069744088437208,
                  0.03813778309821856
                ]
              ],
              "params": [
                "log_kappa",
                "log_kdeg",
                "log_fmod_0"
              ]
            },
            "ndata": 7,
            "nfree": 4,
            "r2": 0.9938234468894054,
            "reduced_chisq": 1.180783261248565e-07,
            "status": "completed",
            "success": true,
            "time_max": 15720.0,
            "time_min": 0.0
          },
          "nt_id": 405,
          "params": {
            "fmod0": 0.001661667209402218,
            "kdeg": 0.0004858224513883434,
            "kobs": 0.00925055210841552,
            "log_fmod0": -6.399933837615304,
            "log_fmod0_err": 0.19528897331446687,
            "log_kdeg": -7.629667327173146,
            "log_kdeg_err": 0.10511832418874867,
            "log_kobs": -4.6830720418427525,
            "log_kobs_err": 0.03964349019776702,
            "metadata": {
              "base": "A",
              "fmod_run_ids": [
                293,
                294,
                295,
                296,
                297,
                298,
                299
              ],
              "site": 16,
              "valtype": "modrate"
            }
          },
          "valtype": "modrate"
        },
        {
          "diagnostics": {
            "chisq": 2.7519756839763405e-08,
            "covariance": {
              "matrix": [
                [
                  0.04064780809652427,
                  -0.060724010097824986,
                  -0.029989469793784182
                ],
                [
                  -0.060724010097824986,
                  4.520688266532919,
                  -0.008202191639127951
                ],
                [
                  -0.029989469793784182,
                  -0.008202191639127951,
                  0.02655339330779962
                ]
              ],
              "params": [
                "log_kappa",
                "log_kdeg",
                "log_fmod_0"
              ]
            },
            "ndata": 7,
            "nfree": 4,
            "r2": 0.8626124001689233,
            "reduced_chisq": 6.879939209940851e-09,
            "status": "completed",
            "success": true,
            "time_max": 15720.0,
            "time_min": 0.0
          },
          "nt_id": 406,
          "params": {
            "fmod0": 0.0005089977935270012,
            "kdeg": 0.0038077039734460594,
            "kobs": 0.0004508801336226291,
            "log_fmod0": -7.58306687634063,
            "log_fmod0_err": 0.162952119678756,
            "log_kdeg": -5.570728903140414,
            "log_kdeg_err": 2.1261910230581162,
            "log_kobs": -7.704309032894375,
            "log_kobs_err": 0.20161301569225204,
            "metadata": {
              "base": "U",
              "fmod_run_ids": [
                293,
                294,
                295,
                296,
                297,
                298,
                299
              ],
              "site": 17,
              "valtype": "modrate"
            }
          },
          "valtype": "modrate"
        },
        {
          "diagnostics": {
            "chisq": 1.9985679744575462e-05,
            "covariance": {
              "matrix": [
                [
                  0.0020480582101218853,
                  0.00020186682111654564,
                  -0.0311868971992862
                ],
                [
                  0.00020186682111654564,
                  0.013848701419606544,
                  -0.04296465322438243
                ],
                [
                  -0.0311868971992862,
                  -0.04296465322438243,
                  0.701668736966326
                ]
              ],
              "params": [
                "log_kappa",
                "log_kdeg",
                "log_fmod_0"
              ]
            },
            "ndata": 7,
            "nfree": 4,
            "r2": 0.9923428764459712,
            "reduced_chisq": 4.996419936143866e-06,
            "status": "completed",
            "success": true,
            "time_max": 15720.0,
            "time_min": 0.0
          },
          "nt_id": 407,
          "params": {
            "fmod0": 0.0025277561660035685,
            "kdeg": 0.00048710327421278097,
            "kobs": 0.05533229849572479,
            "log_fmod0": -5.98042326067082,
            "log_fmod0_err": 0.8376566939781034,
            "log_kdeg": -7.627034395325095,
            "log_kdeg_err": 0.11768050569064761,
            "log_kobs": -2.8943984813530776,
            "log_kobs_err": 0.04525547712843038,
            "metadata": {
              "base": "A",
              "fmod_run_ids": [
                293,
                294,
                295,
                296,
                297,
                298,
                299
              ],
              "site": 18,
              "valtype": "modrate"
            }
          },
          "valtype": "modrate"
        },
        {
          "diagnostics": {
            "chisq": 6.759374285745876e-07,
            "covariance": {
              "matrix": [
                [
                  4.4324117512384326e+17,
                  -4.1826596994199616e+17,
                  37139042.129485145
                ],
                [
                  -4.1826596994199616e+17,
                  3.998016583014188e+17,
                  -46987318.159731306
                ],
                [
                  37139042.129485145,
                  -46987318.159731306,
                  0.051303561955103355
                ]
              ],
              "params": [
                "log_kappa",
                "log_kdeg",
                "log_fmod_0"
              ]
            },
            "ndata": 7,
            "nfree": 4,
            "r2": -4.673594844462059e-12,
            "reduced_chisq": 1.689843571436469e-07,
            "status": "completed",
            "success": true,
            "time_max": 15720.0,
            "time_min": 0.0
          },
          "nt_id": 408,
          "params": {
            "fmod0": 0.001091714295997215,
            "kdeg": 5.208069788749114e-15,
            "kobs": 0.000521416843694148,
            "log_fmod0": -6.820006069593676,
            "log_fmod0_err": 0.22650289612961544,
            "log_kdeg": -32.88856708979675,
            "log_kdeg_err": 632298709.7103859,
            "log_kobs": -7.558960752241458,
            "log_kobs_err": 665763603.0332713,
            "metadata": {
              "base": "G",
              "fmod_run_ids": [
                293,
                294,
                295,
                296,
                297,
                298,
                299
              ],
              "site": 19,
              "valtype": "modrate"
            }
          },
          "valtype": "modrate"
        },
        {
          "diagnostics": {
            "chisq": 2.1648518480729477e-07,
            "covariance": {
              "matrix": [
                [
                  0.06432078847525605,
                  0.016525972919756597,
                  -0.05034972657975887
                ],
                [
                  0.016525972919756597,
                  0.48637871065843,
                  -0.04632846332569381
                ],
                [
                  -0.05034972657975887,
                  -0.04632846332569381,
                  0.048713979837153754
                ]
              ],
              "params": [
                "log_kappa",
                "log_kdeg",
                "log_fmod_0"
              ]
            },
            "ndata": 7,
            "nfree": 4,
            "r2": 0.7969473294969679,
            "reduced_chisq": 5.412129620182369e-08,
            "status": "completed",
            "success": true,
            "time_max": 15720.0,
            "time_min": 0.0
          },
          "nt_id": 409,
          "params": {
            "fmod0": 0.001051841509051003,
            "kdeg": 0.0011219636959245026,
            "kobs": 0.0010031353013802023,
            "log_fmod0": -6.8572128328121185,
            "log_fmod0_err": 0.22071243697887474,
            "log_kdeg": -6.792674828978645,
            "log_kdeg_err": 0.6974085679559938,
            "log_kobs": -6.904624882409947,
            "log_kobs_err": 0.25361543422129507,
            "metadata": {
              "base": "U",
              "fmod_run_ids": [
                293,
                294,
                295,
                296,
                297,
                298,
                299
              ],
              "site": 20,
              "valtype": "modrate"
            }
          },
          "valtype": "modrate"
        },
        {
          "diagnostics": {
            "chisq": 1.0003949270742196e-07,
            "covariance": {
              "matrix": [
                [
                  0.22202857444830318,
                  -0.40755359573529193,
                  -0.009017898850346134
                ],
                [
                  -0.40755359573529193,
                  1.5455037371667397,
                  -0.09604199698383739
                ],
                [
                  -0.009017898850346134,
                  -0.09604199698383739,
                  0.020532808646585403
                ]
              ],
              "params": [
                "log_kappa",
                "log_kdeg",
                "log_fmod_0"
              ]
            },
            "ndata": 7,
            "nfree": 4,
            "r2": 0.6858622731578593,
            "reduced_chisq": 2.500987317685549e-08,
            "status": "completed",
            "success": true,
            "time_max": 15720.0,
            "time_min": 0.0
          },
          "nt_id": 410,
          "params": {
            "fmod0": 0.0009149313284027961,
            "kdeg": 0.00015530756640858703,
            "kobs": 0.0005496095487938203,
            "log_fmod0": -6.99666154643112,
            "log_fmod0_err": 0.14329273759191496,
            "log_kdeg": -8.770103107756377,
            "log_kdeg_err": 1.2431829057571293,
            "log_kobs": -7.5063024431280585,
            "log_kobs_err": 0.4711990815444181,
            "metadata": {
              "base": "G",
              "fmod_run_ids": [
                293,
                294,
                295,
                296,
                297,
                298,
                299
              ],
              "site": 21,
              "valtype": "modrate"
            }
          },
          "valtype": "modrate"
        },
        {
          "diagnostics": {
            "chisq": 7.728634115889818e-07,
            "covariance": {
              "matrix": [
                [
                  0.0011278422177837379,
                  0.0001688455055185371,
                  -0.005421882226187505
                ],
                [
                  0.0001688455055185371,
                  0.007934295398383074,
                  -0.007525302666502263
                ],
                [
                  -0.005421882226187505,
                  -0.007525302666502263,
                  0.03771333255888753
                ]
              ],
              "params": [
                "log_kappa",
                "log_kdeg",
                "log_fmod_0"
              ]
            },
            "ndata": 7,
            "nfree": 4,
            "r2": 0.9955888268944889,
            "reduced_chisq": 1.9321585289724545e-07,
            "status": "completed",
            "success": true,
            "time_max": 15720.0,
            "time_min": 0.0
          },
          "nt_id": 411,
          "params": {
            "fmod0": 0.002153811392286581,
            "kdeg": 0.0005185134472235398,
            "kobs": 0.014067527524303286,
            "log_fmod0": -6.140516265694226,
            "log_fmod0_err": 0.1941992084404247,
            "log_kdeg": -7.564544595773637,
            "log_kdeg_err": 0.08907466193246581,
            "log_kobs": -4.263886150070641,
            "log_kobs_err": 0.03358336221678434,
            "metadata": {
              "base": "A",
              "fmod_run_ids": [
                293,
                294,
                295,
                296,
                297,
                298,
                299
              ],
              "site": 22,
              "valtype": "modrate"
            }
          },
          "valtype": "modrate"
        },
        {
          "diagnostics": {
            "chisq": 5.162491428571697e-06,
            "covariance": {
              "matrix": [
                [
                  1.0701417975002085e+18,
                  -1.2330642384135588e+18,
                  38341833.842533186
                ],
                [
                  -1.2330642384135588e+18,
                  2.44013899585421e+18,
                  -216245263.5464352
                ],
                [
                  38341833.842533186,
                  -216245263.5464352,
                  0.0585556527429691
                ]
              ],
              "params": [
                "log_kappa",
                "log_kdeg",
                "log_fmod_0"
              ]
            },
            "ndata": 7,
            "nfree": 4,
            "r2": -5.218048215738236e-14,
            "reduced_chisq": 1.2906228571429243e-06,
            "status": "completed",
            "success": true,
            "time_max": 15720.0,
            "time_min": 0.0
          },
          "nt_id": 412,
          "params": {
            "fmod0": 0.002559714290583815,
            "kdeg": 2.0780323426998242e-17,
            "kobs": 0.00037206773200622973,
            "log_fmod0": -5.9678596319596915,
            "log_fmod0_err": 0.24198275298659014,
            "log_kdeg": -38.41252512400224,
            "log_kdeg_err": 1562094426.0364704,
            "log_kobs": -7.896434644979257,
            "log_kobs_err": 1034476581.4170027,
            "metadata": {
              "base": "U",
              "fmod_run_ids": [
                293,
                294,
                295,
                296,
                297,
                298,
                299
              ],
              "site": 23,
              "valtype": "modrate"
            }
          },
          "valtype": "modrate"
        },
        {
          "diagnostics": {
            "chisq": 1.9514942857140505e-07,
            "ndata": 7,
            "nfree": 4,
            "r2": 1.2034817586936697e-13,
            "reduced_chisq": 4.878735714285126e-08,
            "status": "completed",
            "success": true,
            "time_max": 15720.0,
            "time_min": 0.0
          },
          "nt_id": 413,
          "params": {
            "fmod0": 0.0017072857142855378,
            "kdeg": 2.1318630751966948e-16,
            "kobs": 0.0002671549631139669,
            "log_fmod0": -6.37285047115281,
            "log_kdeg": -36.084365207304884,
            "log_kobs": -8.22768168172832,
            "metadata": {
              "base": "U",
              "fmod_run_ids": [
                293,
                294,
                295,
                296,
                297,
                298,
                299
              ],
              "site": 24,
              "valtype": "modrate"
            }
          },
          "valtype": "modrate"
        },
        {
          "diagnostics": {
            "chisq": 1.5980621736709274e-07,
            "covariance": {
              "matrix": [
                [
                  0.002121391232274672,
                  7.359488364020753e-06,
                  -0.0040640795372537215
                ],
                [
                  7.359488364020753e-06,
                  0.014935621100954718,
                  -0.006189951401061932
                ],
                [
                  -0.0040640795372537215,
                  -0.006189951401061932,
                  0.012391371848111172
                ]
              ],
              "params": [
                "log_kappa",
                "log_kdeg",
                "log_fmod_0"
              ]
            },
            "ndata": 7,
            "nfree": 4,
            "r2": 0.991625749359449,
            "reduced_chisq": 3.9951554341773185e-08,
            "status": "completed",
            "success": true,
            "time_max": 15720.0,
            "time_min": 0.0
          },
          "nt_id": 414,
          "params": {
            "fmod0": 0.0016677676966795423,
            "kdeg": 0.00042275529887619617,
            "kobs": 0.004599211162400842,
            "log_fmod0": -6.396269255320443,
            "log_fmod0_err": 0.11131653896933362,
            "log_kdeg": -7.768717035962077,
            "log_kdeg_err": 0.12221137877036949,
            "log_kobs": -5.381870476627167,
            "log_kobs_err": 0.046058563072187475,
            "metadata": {
              "base": "C",
              "fmod_run_ids": [
                293,
                294,
                295,
                296,
                297,
                298,
                299
              ],
              "site": 25,
              "valtype": "modrate"
            }
          },
          "valtype": "modrate"
        },
        {
          "diagnostics": {
            "chisq": 8.24115551688013e-07,
            "covariance": {
              "matrix": [
                [
                  0.0028106850828244806,
                  -9.084832203715155e-05,
                  -0.012386165399777556
                ],
                [
                  -9.084832203715155e-05,
                  0.019745576096396465,
                  -0.019180432340489446
                ],
                [
                  -0.012386165399777556,
                  -0.019180432340489446,
                  0.08884174732522851
                ]
              ],
              "params": [
                "log_kappa",
                "log_kdeg",
                "log_fmod_0"
              ]
