{
  "artifacts": {},
  "engine": "python_baseline",
  "engine_version": "0.1.0",
  "metadata": {
    "buffer_pH": 6.4,
    "done_by": [
      "EKC"
    ],
    "experiment_id": "ekc.01.0xx",
    "fmod_run_id": 718,
    "initial_kdeg": 0.030500380987197977,
    "initial_kdeg_source": "arrhenius:nmr:deg:dms:Schwalbe_bistris",
    "initial_log_kdeg": -3.4900161040632476,
    "notes": "Baseline python engine demo using examples/nerd.sqlite",
    "rg_id": 119,
    "rg_label": "75_1_12",
    "rounds_requested": [
      "round1_free",
      "round2_global",
      "round3_constrained"
    ],
    "rt_protocol": [
      "MRT"
    ],
    "selected_site_bases": [
      "17_G",
      "18_G",
      "19_C",
      "1_U",
      "20_A",
      "21_G",
      "22_A",
      "23_U",
      "24_C",
      "25_U",
      "26_G",
      "27_A",
      "28_G",
      "29_C",
      "2_A",
      "30_U",
      "31_U",
      "32_G",
      "33_G",
      "34_G",
      "35_A",
      "36_G",
      "37_C",
      "38_U",
      "39_C",
      "3_A",
      "40_U",
      "41_C",
      "42_U",
      "43_G",
      "44_C",
      "45_C",
      "61_A",
      "62_A",
      "63_U",
      "64_C",
      "65_C"
    ],
    "temperature_c": 75.0,
    "valtypes": [
      "modrate",
      "GAmodrate"
    ]
  },
  "rounds": [
    {
      "global_params": {},
      "notes": null,
      "per_nt": [
        {
          "diagnostics": {
            "reason": "Non-zero fmod values are required for a fit.",
            "status": "failed"
          },
          "nt_id": 93,
          "params": {},
          "valtype": "modrate"
        },
        {
          "diagnostics": {
            "reason": "Non-zero fmod values are required for a fit.",
            "status": "failed"
          },
          "nt_id": 94,
          "params": {},
          "valtype": "modrate"
        },
        {
          "diagnostics": {
            "reason": "Non-zero fmod values are required for a fit.",
            "status": "failed"
          },
          "nt_id": 95,
          "params": {},
          "valtype": "modrate"
        },
        {
          "diagnostics": {
            "reason": "Non-zero fmod values are required for a fit.",
            "status": "failed"
          },
          "nt_id": 96,
          "params": {},
          "valtype": "modrate"
        },
        {
          "diagnostics": {
            "chisq": 6.785301294360779e-05,
            "covariance": {
              "matrix": [
                [
                  9.599695462185454e+18,
                  -9.589786394339762e+18,
                  -215533130.84767142
                ],
                [
                  -9.589786394339762e+18,
                  9.582114641819021e+18,
                  197854878.4527126
                ],
                [
                  -215533130.84767142,
                  197854878.4527126,
                  0.24749649072787663
                ]
              ],
              "params": [
                "log_kappa",
                "log_kdeg",
                "log_fmod_0"
              ]
            },
            "ndata": 7,
            "nfree": 4,
            "r2": -1.2742977784085951e-09,
            "reduced_chisq": 1.6963253235901948e-05,
            "status": "completed",
            "success": true,
            "time_max": 200.0,
            "time_min": 0.0
          },
          "nt_id": 97,
          "params": {
            "fmod0": 0.004784857167827679,
            "kdeg": 8.17842889293672e-11,
            "kobs": 0.0011137839107755287,
            "log_fmod0": -5.342299104506505,
            "log_fmod0_err": 0.4974901915896198,
            "log_kdeg": -23.226935957645203,
            "log_kdeg_err": 3095499094.13959,
            "log_kobs": -6.799992132257332,
            "log_kobs_err": 3098337531.9976764,
            "metadata": {
              "base": "G",
              "fmod_run_ids": [
                713,
                714,
                715,
                716,
                717,
                718,
                719
              ],
              "site": 18,
              "valtype": "modrate"
            }
          },
          "valtype": "modrate"
        },
        {
          "diagnostics": {
            "chisq": 1.4080351142311074e-05,
            "covariance": {
              "matrix": [
                [
                  0.008781357541081771,
                  -0.007234394939565629,
                  -0.010154767041801096
                ],
                [
                  -0.007234394939565629,
                  0.06661043439698623,
                  -0.028918316590161863
                ],
                [
                  -0.010154767041801096,
                  -0.028918316590161863,
                  0.042350142678376224
                ]
              ],
              "params": [
                "log_kappa",
                "log_kdeg",
                "log_fmod_0"
              ]
            },
            "ndata": 7,
            "nfree": 4,
            "r2": 0.9697276043773673,
            "reduced_chisq": 3.5200877855777684e-06,
            "status": "completed",
            "success": true,
            "time_max": 200.0,
            "time_min": 0.0
          },
          "nt_id": 98,
          "params": {
            "fmod0": 0.00808773503748526,
            "kdeg": 0.01810694984601222,
            "kobs": 0.02379313424861751,
            "log_fmod0": -4.817406557755425,
            "log_fmod0_err": 0.20579150293045684,
            "log_kdeg": -4.0114594450148,
            "log_kdeg_err": 0.258089973453031,
            "log_kobs": -3.738358216871031,
            "log_kobs_err": 0.09370889787571814,
            "metadata": {
              "base": "C",
              "fmod_run_ids": [
                713,
                714,
                715,
                716,
                717,
                718,
                719
              ],
              "site": 19,
              "valtype": "modrate"
            }
          },
          "valtype": "modrate"
        },
        {
          "diagnostics": {
            "chisq": 4.2229600625255567e-07,
            "covariance": {
              "matrix": [
                [
                  0.0003833901482430126,
                  -5.2900716572402704e-05,
                  -0.002150153844840803
                ],
                [
                  -5.2900716572402704e-05,
                  0.0025134380469256485,
                  -0.0038630837700965774
                ],
                [
                  -0.002150153844840803,
                  -0.0038630837700965774,
                  0.022721934480552708
                ]
              ],
              "params": [
                "log_kappa",
                "log_kdeg",
                "log_fmod_0"
              ]
            },
            "ndata": 7,
            "nfree": 4,
            "r2": 0.9985022701880318,
            "reduced_chisq": 1.0557400156313892e-07,
            "status": "completed",
            "success": true,
            "time_max": 200.0,
            "time_min": 0.0
          },
          "nt_id": 99,
          "params": {
            "fmod0": 0.0020030846724419407,
            "kdeg": 0.025939723482528744,
            "kobs": 0.01834945742643411,
            "log_fmod0": -6.213066950380173,
            "log_fmod0_err": 0.15073796628770308,
            "log_kdeg": -3.6519797600377517,
            "log_kdeg_err": 0.050134200371858416,
            "log_kobs": -3.998155272960439,
            "log_kobs_err": 0.01958035107558117,
            "metadata": {
              "base": "A",
              "fmod_run_ids": [
                713,
                714,
                715,
                716,
                717,
                718,
                719
              ],
              "site": 20,
              "valtype": "modrate"
            }
          },
          "valtype": "modrate"
        },
        {
          "diagnostics": {
            "chisq": 7.852519435912753e-06,
            "covariance": {
              "matrix": [
                [
                  3.1278141208400454e+19,
                  -3.1497084684757414e+19,
                  1294714854.6969216
                ],
                [
                  -3.1497084684757414e+19,
                  3.1719081601706373e+19,
                  -1313797318.7104638
                ],
                [
                  1294714854.6969216,
                  -1313797318.7104638,
                  0.17061198269525163
                ]
              ],
              "params": [
                "log_kappa",
                "log_kdeg",
                "log_fmod_0"
              ]
            },
            "ndata": 7,
            "nfree": 4,
            "r2": -9.349006013792405e-10,
            "reduced_chisq": 1.9631298589781884e-06,
            "status": "completed",
            "success": true,
            "time_max": 200.0,
            "time_min": 0.0
          },
          "nt_id": 100,
          "params": {
            "fmod0": 0.002344714292428647,
            "kdeg": 9.418477455217937e-11,
            "kobs": 0.0005018377329055895,
            "log_fmod0": -6.055591721424036,
            "log_fmod0_err": 0.41305203388344625,
            "log_kdeg": -23.085762576367355,
            "log_kdeg_err": 5631969602.342183,
            "log_kobs": -7.597233731750175,
            "log_kobs_err": 5592686403.5453,
            "metadata": {
              "base": "G",
              "fmod_run_ids": [
                713,
                714,
                715,
                716,
                717,
                718,
                719
              ],
              "site": 21,
              "valtype": "modrate"
            }
          },
          "valtype": "modrate"
        },
        {
          "diagnostics": {
            "chisq": 6.589870675849406e-07,
            "covariance": {
              "matrix": [
                [
                  0.0009409029550644836,
                  -9.50703867535922e-05,
                  -0.0035492121407548543
                ],
                [
                  -9.50703867535922e-05,
                  0.00611129106763067,
                  -0.006219822348611968
                ],
                [
                  -0.0035492121407548543,
                  -0.006219822348611968,
                  0.02450620594697066
                ]
              ],
              "params": [
                "log_kappa",
                "log_kdeg",
                "log_fmod_0"
              ]
            },
            "ndata": 7,
            "nfree": 4,
            "r2": 0.9963129362398613,
            "reduced_chisq": 1.6474676689623514e-07,
            "status": "completed",
            "success": true,
            "time_max": 200.0,
            "time_min": 0.0
          },
          "nt_id": 101,
          "params": {
            "fmod0": 0.0024178418081994856,
            "kdeg": 0.02673899372554729,
            "kobs": 0.01455653555440568,
            "log_fmod0": -6.0248799515105445,
            "log_fmod0_err": 0.156544581340175,
            "log_kdeg": -3.6216323398209482,
            "log_kdeg_err": 0.07817474699435023,
            "log_kobs": -4.229715207218368,
            "log_kobs_err": 0.030674141472329483,
            "metadata": {
              "base": "A",
              "fmod_run_ids": [
                713,
                714,
                715,
                716,
                717,
                718,
                719
              ],
              "site": 22,
              "valtype": "modrate"
            }
          },
          "valtype": "modrate"
        },
        {
          "diagnostics": {
            "chisq": 5.122951428701581e-06,
            "covariance": {
              "matrix": [
                [
                  1.532812298463925e+18,
                  -1.5649347888364872e+18,
                  136797370.9443768
                ],
                [
                  -1.5649347888364872e+18,
                  1.6359485850198702e+18,
                  -175364610.51532403
                ],
                [
                  136797370.9443768,
                  -175364610.51532403,
                  0.06822812865643471
                ]
              ],
              "params": [
                "log_kappa",
                "log_kdeg",
                "log_fmod_0"
              ]
            },
            "ndata": 7,
            "nfree": 4,
            "r2": -2.5405899606312232e-11,
            "reduced_chisq": 1.2807378571753952e-06,
            "status": "completed",
            "success": true,
            "time_max": 200.0,
            "time_min": 0.0
          },
          "nt_id": 102,
          "params": {
            "fmod0": 0.002840714294939462,
            "kdeg": 2.059616314263223e-12,
            "kobs": 0.0003265233007846657,
            "log_fmod0": -5.863699746130312,
            "log_fmod0_err": 0.2612051466882586,
            "log_kdeg": -26.908501405686742,
            "log_kdeg_err": 1279042057.5649068,
            "log_kobs": -8.027009246450634,
            "log_kobs_err": 1238067970.0500796,
            "metadata": {
              "base": "U",
              "fmod_run_ids": [
                713,
                714,
                715,
                716,
                717,
                718,
                719
              ],
              "site": 23,
              "valtype": "modrate"
            }
          },
          "valtype": "modrate"
        },
        {
          "diagnostics": {
            "chisq": 7.124134637740953e-06,
            "covariance": {
              "matrix": [
                [
                  0.006168924413587505,
                  -0.002037849706601033,
                  -0.011874596972941643
                ],
                [
                  -0.002037849706601033,
                  0.04282246172805093,
                  -0.024411535265767607
                ],
                [
                  -0.011874596972941643,
                  -0.024411535265767607,
                  0.050550186554052294
                ]
              ],
              "params": [
                "log_kappa",
                "log_kdeg",
                "log_fmod_0"
              ]
            },
            "ndata": 7,
            "nfree": 4,
            "r2": 0.9767452755581348,
            "reduced_chisq": 1.7810336594352383e-06,
            "status": "completed",
            "success": true,
            "time_max": 200.0,
            "time_min": 0.0
          },
          "nt_id": 103,
          "params": {
            "fmod0": 0.005424730588509391,
            "kdeg": 0.022779196148277395,
            "kobs": 0.01900212439384048,
            "log_fmod0": -5.216787041893027,
            "log_fmod0_err": 0.22483368643077553,
            "log_kdeg": -3.781907609194266,
            "log_kdeg_err": 0.206935887965454,
            "log_kobs": -3.963204495863861,
            "log_kobs_err": 0.07854250068330842,
            "metadata": {
              "base": "C",
              "fmod_run_ids": [
                713,
                714,
                715,
                716,
                717,
                718,
                719
              ],
              "site": 24,
              "valtype": "modrate"
            }
          },
          "valtype": "modrate"
        },
        {
          "diagnostics": {
            "chisq": 2.3889740016666513e-06,
            "covariance": {
              "matrix": [
                [
                  4.650535405506306e+17,
                  -4.6770068437304595e+17,
                  29165475.99533123
                ],
                [
                  -4.6770068437304595e+17,
                  4.7099954991063994e+17,
                  -32567086.557712976
                ],
                [
                  29165475.99533123,
                  -32567086.557712976,
                  0.03127079478839158
                ]
              ],
              "params": [
                "log_kappa",
                "log_kdeg",
                "log_fmod_0"
              ]
            },
            "ndata": 7,
            "nfree": 4,
            "r2": -6.976428323923756e-10,
            "reduced_chisq": 5.972435004166628e-07,
            "status": "completed",
            "success": true,
            "time_max": 200.0,
            "time_min": 0.0
          },
          "nt_id": 104,
          "params": {
            "fmod0": 0.002562000016657246,
            "kdeg": 4.5927944391412275e-11,
            "kobs": 0.000372408480073981,
            "log_fmod0": -5.966967069005937,
            "log_fmod0_err": 0.17683550205881052,
            "log_kdeg": -23.803947373841417,
            "log_kdeg_err": 686294069.5581158,
            "log_kobs": -7.895519241408218,
            "log_kobs_err": 681948341.5557446,
            "metadata": {
              "base": "U",
              "fmod_run_ids": [
                713,
                714,
                715,
                716,
                717,
                718,
                719
              ],
              "site": 25,
              "valtype": "modrate"
            }
          },
          "valtype": "modrate"
        },
        {
          "diagnostics": {
            "chisq": 9.1374217162363e-06,
            "covariance": {
              "matrix": [
                [
                  2.6146926581539825e+18,
                  -2.6210919323443174e+18,
                  388598533.07970566
                ],
                [
                  -2.6210919323443174e+18,
                  2.631498746389642e+18,
                  -407574415.10657346
                ],
                [
                  388598533.07970566,
                  -407574415.10657346,
                  0.201938801900296
                ]
              ],
              "params": [
                "log_kappa",
                "log_kdeg",
                "log_fmod_0"
              ]
            },
            "ndata": 7,
            "nfree": 4,
            "r2": -2.1347212886269062e-10,
            "reduced_chisq": 2.284355429059075e-06,
            "status": "completed",
            "success": true,
            "time_max": 200.0,
            "time_min": 0.0
          },
          "nt_id": 105,
          "params": {
            "fmod0": 0.0022795714430250014,
            "kdeg": 2.102393682920686e-11,
            "kobs": 0.0005654717042564054,
            "log_fmod0": -6.083767817268682,
            "log_fmod0_err": 0.4493760139352077,
            "log_kdeg": -24.585359478329927,
            "log_kdeg_err": 1622189491.5174499,
            "log_kobs": -7.47785030034184,
            "log_kobs_err": 1617001131.1542063,
            "metadata": {
              "base": "G",
              "fmod_run_ids": [
                713,
                714,
                715,
                716,
                717,
                718,
                719
              ],
              "site": 26,
              "valtype": "modrate"
            }
          },
          "valtype": "modrate"
        },
        {
          "diagnostics": {
            "chisq": 6.931927085760042e-08,
            "covariance": {
              "matrix": [
                [
                  7.457110405177783e-05,
                  -5.633612877750999e-06,
                  -0.0005399985244689909
                ],
                [
                  -5.633612877750999e-06,
                  0.0004787116085690734,
                  -0.0009251460252736635
                ],
                [
                  -0.0005399985244689909,
                  -0.0009251460252736635,
                  0.007005020341860777
                ]
              ],
              "params": [
                "log_kappa",
                "log_kdeg",
                "log_fmod_0"
              ]
            },
            "ndata": 7,
            "nfree": 4,
            "r2": 0.9997072865422427,
            "reduced_chisq": 1.7329817714400106e-08,
            "status": "completed",
            "success": true,
            "time_max": 200.0,
            "time_min": 0.0
          },
          "nt_id": 106,
          "params": {
            "fmod0": 0.0014711076012113755,
            "kdeg": 0.027363549918829513,
            "kobs": 0.01679911465472549,
            "log_fmod0": -6.5217396916958466,
            "log_fmod0_err": 0.0836959995570922,
            "log_kdeg": -3.5985434461491645,
            "log_kdeg_err": 0.02187947916585478,
            "log_kobs": -4.086429093085054,
            "log_kobs_err": 0.0086354562156135,
            "metadata": {
              "base": "A",
              "fmod_run_ids": [
                713,
                714,
                715,
                716,
                717,
                718,
                719
              ],
              "site": 27,
              "valtype": "modrate"
            }
          },
          "valtype": "modrate"
        },
        {
          "diagnostics": {
            "chisq": 1.1387478858251267e-05,
            "covariance": {
              "matrix": [
                [
                  1.565162731961962e+18,
                  -1.6837539762635238e+18,
                  294072802.93046457
                ],
                [
                  -1.6837539762635238e+18,
                  1.849704639488992e+18,
                  -379391383.3265337
                ],
                [
                  294072802.93046457,
                  -379391383.3265337,
                  0.24611700904659026
                ]
              ],
              "params": [
                "log_kappa",
                "log_kdeg",
                "log_fmod_0"
              ]
            },
            "ndata": 7,
            "nfree": 4,
            "r2": -9.733591710414657e-11,
            "reduced_chisq": 2.846869714562817e-06,
            "status": "completed",
            "success": true,
            "time_max": 200.0,
            "time_min": 0.0
          },
          "nt_id": 107,
          "params": {
            "fmod0": 0.0021581428624269775,
            "kdeg": 7.7808865444819e-12,
            "kobs": 0.00048160718366180543,
            "log_fmod0": -6.138507213027405,
            "log_fmod0_err": 0.4961018131861546,
            "log_kdeg": -25.57935083249736,
            "log_kdeg_err": 1360038469.856273,
            "log_kobs": -7.6383817478396185,
            "log_kobs_err": 1251064639.4019623,
            "metadata": {
              "base": "G",
              "fmod_run_ids": [
                713,
                714,
                715,
                716,
                717,
                718,
                719
              ],
              "site": 28,
              "valtype": "modrate"
            }
          },
          "valtype": "modrate"
        },
        {
          "diagnostics": {
            "chisq": 2.452729604941971e-06,
            "covariance": {
              "matrix": [
                [
                  0.0015932131690537144,
                  -0.00043110077403958803,
                  -0.004888863317855172
                ],
                [
                  -0.00043110077403958803,
                  0.010851000390412927,
                  -0.00962878081584434
                ],
                [
                  -0.004888863317855172,
                  -0.00962878081584434,
                  0.031511426990720945
                ]
              ],
              "params": [
                "log_kappa",
                "log_kdeg",
                "log_fmod_0"
              ]
            },
            "ndata": 7,
            "nfree": 4,
            "r2": 0.9938766518474291,
            "reduced_chisq": 6.131824012354928e-07,
            "status": "completed",
            "success": true,
            "time_max": 200.0,
            "time_min": 0.0
          },
          "nt_id": 108,
          "params": {
            "fmod0": 0.004051459539722203,
            "kdeg": 0.023616541931469823,
            "kobs": 0.02191833297808505,
            "log_fmod0": -5.508678082606707,
            "log_fmod0_err": 0.17751458247344343,
            "log_kdeg": -3.7458078831872164,
            "log_kdeg_err": 0.10416813519696379,
            "log_kobs": -3.8204318700641333,
            "log_kobs_err": 0.03991507445882714,
            "metadata": {
              "base": "C",
              "fmod_run_ids": [
                713,
                714,
                715,
                716,
                717,
                718,
                719
              ],
              "site": 29,
              "valtype": "modrate"
            }
          },
          "valtype": "modrate"
        },
        {
          "diagnostics": {
            "chisq": 2.2364582526208017e-06,
            "covariance": {
              "matrix": [
                [
                  22192224.10117046,
                  -22203006.17153022,
                  19.190634563648057
                ],
                [
                  -22203006.17153022,
                  22213811.69616525,
                  -19.642978663241216
                ],
                [
                  19.190634563648057,
                  -19.642978663241216,
                  0.019141867028267884
                ]
              ],
              "params": [
                "log_kappa",
                "log_kdeg",
                "log_fmod_0"
              ]
            },
            "ndata": 7,
            "nfree": 4,
            "r2": 0.013557107553071157,
            "reduced_chisq": 5.591145631552004e-07,
            "status": "completed",
            "success": true,
            "time_max": 200.0,
            "time_min": 0.0
          },
          "nt_id": 109,
          "params": {
            "fmod0": 0.003092619809551154,
            "kdeg": 2.905989691444939e-12,
            "kobs": 332619.3262396007,
            "log_fmod0": -5.778736712475195,
            "log_fmod0_err": 0.1383541362889736,
            "log_kdeg": -26.564247098121594,
            "log_kdeg_err": 4713.1530524867585,
            "log_kobs": 12.714753950606063,
            "log_kobs_err": 4710.862352178257,
            "metadata": {
              "base": "U",
              "fmod_run_ids": [
                713,
                714,
                715,
                716,
                717,
                718,
                719
              ],
              "site": 30,
              "valtype": "modrate"
            }
          },
          "valtype": "modrate"
        },
        {
          "diagnostics": {
            "chisq": 1.968194211859743e-06,
            "covariance": {
              "matrix": [
                [
                  376076092996.22534,
                  -376047935909.6776,
                  3693.8413107860865
                ],
                [
                  -376047935909.6776,
                  376019781085.80096,
                  -3695.0880520462088
                ],
                [
                  3693.8413107860865,
                  -3695.0880520462088,
                  0.026692363498643953
                ]
              ],
              "params": [
                "log_kappa",
                "log_kdeg",
                "log_fmod_0"
              ]
            },
            "ndata": 7,
            "nfree": 4,
            "r2": 0.001614861729896666,
            "reduced_chisq": 4.920485529649358e-07,
            "status": "completed",
            "success": true,
            "time_max": 200.0,
            "time_min": 0.0
          },
          "nt_id": 110,
          "params": {
            "fmod0": 0.0024573513400028006,
            "kdeg": 1.377812732120494e-10,
            "kobs": 2258.0529812277773,
            "log_fmod0": -6.008671200141845,
            "log_fmod0_err": 0.1633779773979466,
            "log_kdeg": -22.705353664900045,
            "log_kdeg_err": 613204.5181550777,
            "log_kobs": 7.722258208219889,
            "log_kobs_err": 613250.4325283639,
            "metadata": {
              "base": "U",
              "fmod_run_ids": [
                713,
                714,
                715,
                716,
                717,
                718,
                719
              ],
              "site": 31,
              "valtype": "modrate"
            }
          },
          "valtype": "modrate"
        },
        {
          "diagnostics": {
            "chisq": 6.591058857505454e-06,
            "covariance": {
              "matrix": [
                [
                  6.909596472860052e+17,
                  -6.976700385243607e+17,
                  12169917.43219139
                ],
                [
                  -6.976700385243607e+17,
                  7.072573548298798e+17,
                  -24691897.416240804
                ],
                [
                  12169917.43219139,
                  -24691897.416240804,
                  0.09715065604122411
                ]
              ],
              "params": [
                "log_kappa",
                "log_kdeg",
                "log_fmod_0"
              ]
            },
            "ndata": 7,
            "nfree": 4,
            "r2": -5.501377131622576e-11,
            "reduced_chisq": 1.6477647143763635e-06,
            "status": "completed",
            "success": true,
            "time_max": 200.0,
            "time_min": 0.0
          },
          "nt_id": 111,
          "params": {
            "fmod0": 0.002361142886700893,
            "kdeg": 1.0801296139217272e-11,
            "kobs": 0.0003679237979180218,
            "log_fmod0": -6.0486095031416385,
            "log_fmod0_err": 0.31168999990571417,
            "log_kdeg": -25.251354976108857,
            "log_kdeg_err": 840985942.1119237,
            "log_kobs": -7.907634712112418,
            "log_kobs_err": 831239825.3729216,
            "metadata": {
              "base": "G",
              "fmod_run_ids": [
                713,
                714,
                715,
                716,
                717,
                718,
                719
              ],
              "site": 32,
              "valtype": "modrate"
            }
          },
          "valtype": "modrate"
        },
        {
          "diagnostics": {
            "chisq": 7.853778000593847e-06,
            "covariance": {
              "matrix": [
                [
                  4.192708002504424e+18,
                  -4.3547479143707607e+18,
                  34295038.02593434
                ],
                [
                  -4.3547479143707607e+18,
                  4.597230643999127e+18,
                  -105974078.46773443
                ],
                [
                  34295038.02593434,
                  -105974078.46773443,
                  0.11822755334998013
                ]
              ],
              "params": [
                "log_kappa",
                "log_kdeg",
                "log_fmod_0"
              ]
            },
            "ndata": 7,
            "nfree": 4,
            "r2": -7.561307135972584e-11,
            "reduced_chisq": 1.9634445001484618e-06,
            "status": "completed",
            "success": true,
            "time_max": 200.0,
            "time_min": 0.0
          },
          "nt_id": 112,
          "params": {
            "fmod0": 0.0023400000030654854,
            "kdeg": 6.764128206090079e-12,
            "kobs": 0.0003920454484766563,
            "log_fmod0": -6.05760434830249,
            "log_fmod0_err": 0.3438423379253639,
            "log_kdeg": -25.719387730889395,
            "log_kdeg_err": 2144115352.3071296,
            "log_kobs": -7.844132784902863,
            "log_kobs_err": 2047610315.1001227,
            "metadata": {
              "base": "G",
              "fmod_run_ids": [
                713,
                714,
                715,
                716,
                717,
                718,
                719
              ],
              "site": 33,
              "valtype": "modrate"
            }
          },
          "valtype": "modrate"
        },
        {
          "diagnostics": {
            "chisq": 8.638983733211638e-06,
            "covariance": {
              "matrix": [
                [
                  1.1570078048038218e+18,
                  -1.153135623186909e+18,
                  -113566451.73215657
                ],
                [
                  -1.153135623186909e+18,
                  1.1495825075830924e+18,
                  108950601.45027594
                ],
                [
                  -113566451.73215657,
                  108950601.45027594,
                  0.11510408435226746
                ]
              ],
              "params": [
                "log_kappa",
                "log_kdeg",
                "log_fmod_0"
              ]
            },
            "ndata": 7,
            "nfree": 4,
            "r2": -2.1907582414826265e-09,
            "reduced_chisq": 2.1597459333029095e-06,
            "status": "completed",
            "success": true,
            "time_max": 200.0,
            "time_min": 0.0
          },
          "nt_id": 113,
          "params": {
            "fmod0": 0.002608428589123716,
            "kdeg": 1.9236397751424455e-10,
            "kobs": 0.0005433071298174,
            "log_fmod0": -5.949007312099021,
            "log_fmod0_err": 0.3392699284526518,
            "log_kdeg": -22.371631822283057,
            "log_kdeg_err": 1072185854.9631647,
            "log_kobs": -7.517835781324489,
            "log_kobs_err": 1075642972.739478,
            "metadata": {
              "base": "G",
              "fmod_run_ids": [
                713,
                714,
                715,
                716,
                717,
                718,
                719
              ],
              "site": 34,
              "valtype": "modrate"
            }
          },
          "valtype": "modrate"
        },
        {
          "diagnostics": {
            "chisq": 7.341194120030902e-07,
            "covariance": {
              "matrix": [
                [
                  0.0006532877006762428,
                  -1.2204083093670849e-05,
                  -0.0028565475396665828
                ],
                [
                  -1.2204083093670849e-05,
                  0.0040921869317606515,
                  -0.004651527646610361
                ],
                [
                  -0.0028565475396665828,
                  -0.004651527646610361,
                  0.021336031655499816
                ]
              ],
              "params": [
                "log_kappa",
                "log_kdeg",
                "log_fmod_0"
              ]
            },
            "ndata": 7,
            "nfree": 4,
            "r2": 0.9974439599473223,
            "reduced_chisq": 1.8352985300077255e-07,
            "status": "completed",
            "success": true,
            "time_max": 200.0,
            "time_min": 0.0
          },
          "nt_id": 114,
          "params": {
            "fmod0": 0.002762291362136585,
            "kdeg": 0.02898295040092639,
            "kobs": 0.01848927513745984,
            "log_fmod0": -5.891694740008854,
            "log_fmod0_err": 0.14606858545046508,
            "log_kdeg": -3.5410475390961875,
            "log_kdeg_err": 0.06397020346818237,
            "log_kobs": -3.9905644373012703,
            "log_kobs_err": 0.02555949335719006,
            "metadata": {
              "base": "A",
              "fmod_run_ids": [
                713,
                714,
                715,
                716,
                717,
                718,
                719
              ],
              "site": 35,
              "valtype": "modrate"
            }
          },
          "valtype": "modrate"
        },
        {
          "diagnostics": {
            "chisq": 7.420478857566657e-06,
            "covariance": {
              "matrix": [
                [
                  8.258160503893677e+17,
                  -8.132112545408023e+17,
                  -128396323.92483114
                ],
                [
                  -8.132112545408023e+17,
                  8.028973485031338e+17,
                  116351750.34295286
                ],
                [
                  -128396323.92483114,
                  116351750.34295286,
                  0.10630037757891635
                ]
              ],
              "params": [
                "log_kappa",
                "log_kdeg",
                "log_fmod_0"
              ]
            },
            "ndata": 7,
            "nfree": 4,
            "r2": -5.71120928327673e-11,
            "reduced_chisq": 1.8551197143916642e-06,
            "status": "completed",
            "success": true,
            "time_max": 200.0,
            "time_min": 0.0
          },
          "nt_id": 115,
          "params": {
            "fmod0": 0.0026451428909635,
            "kdeg": 1.09570748608278e-11,
            "kobs": 0.00048772676496765716,
            "log_fmod0": -5.935030192082484,
            "log_fmod0_err": 0.32603738678089716,
            "log_kdeg": -25.237035762290994,
            "log_kdeg_err": 896045394.2201443,
            "log_kobs": -7.625755216771225,
            "log_kobs_err": 908744216.15181,
            "metadata": {
              "base": "G",
              "fmod_run_ids": [
                713,
                714,
                715,
                716,
                717,
                718,
                719
              ],
              "site": 36,
              "valtype": "modrate"
            }
          },
          "valtype": "modrate"
        },
        {
          "diagnostics": {
            "chisq": 6.733244657400732e-07,
            "covariance": {
              "matrix": [
                [
                  0.000403680126592858,
                  -0.00017392087755692797,
                  -0.0011201406391056663
                ],
                [
                  -0.00017392087755692797,
                  0.0028618057552040133,
                  -0.0024531003543661906
                ],
                [
                  -0.0011201406391056663,
                  -0.0024531003543661906,
                  0.007501544206922673
                ]
              ],
              "params": [
                "log_kappa",
                "log_kdeg",
                "log_fmod_0"
              ]
            },
            "ndata": 7,
            "nfree": 4,
            "r2": 0.9984670928001274,
            "reduced_chisq": 1.683311164350183e-07,
            "status": "completed",
            "success": true,
            "time_max": 200.0,
            "time_min": 0.0
          },
          "nt_id": 116,
          "params": {
            "fmod0": 0.004299360871422235,
            "kdeg": 0.02155256971992097,
            "kobs": 0.023123376167622545,
            "log_fmod0": -5.449288901882799,
            "log_fmod0_err": 0.08661145540240432,
            "log_kdeg": -3.837260224997549,
            "log_kdeg_err": 0.053495848018365065,
            "log_kobs": -3.7669112178276567,
            "log_kobs_err": 0.020091792518161688,
            "metadata": {
              "base": "C",
              "fmod_run_ids": [
                713,
                714,
                715,
                716,
                717,
                718,
                719
              ],
              "site": 37,
              "valtype": "modrate"
            }
          },
          "valtype": "modrate"
        },
        {
          "diagnostics": {
            "chisq": 3.3956745763704436e-06,
            "covariance": {
              "matrix": [
                [
                  62250332851683.0,
                  -62245803579631.805,
