{
  "artifacts": {},
  "engine": "python_baseline",
  "engine_version": "0.1.0",
  "metadata": {
    "buffer_pH": 6.4,
    "done_by": [
      "EKC"
    ],
    "experiment_id": "ekc.01.0xx",
    "fmod_run_id": 855,
    "initial_kdeg": 0.030500380987197977,
    "initial_kdeg_source": "arrhenius:nmr:deg:dms:Schwalbe_bistris",
    "initial_log_kdeg": -3.4900161040632476,
    "notes": "Baseline python engine demo using examples/nerd.sqlite",
    "rg_id": 88,
    "rg_label": "75_2_15",
    "rounds_requested": [
      "round1_free",
      "round2_global",
      "round3_constrained"
    ],
    "rt_protocol": [
      "MRT"
    ],
    "selected_site_bases": [
      "17_G",
      "18_G",
      "19_C",
      "1_U",
      "20_A",
      "21_G",
      "22_A",
      "23_U",
      "24_C",
      "25_U",
      "26_G",
      "27_A",
      "28_G",
      "29_C",
      "2_A",
      "30_C",
      "31_U",
      "32_G",
      "33_G",
      "34_G",
      "35_A",
      "36_G",
      "37_C",
      "38_U",
      "39_C",
      "3_A",
      "40_U",
      "41_C",
      "42_U",
      "43_G",
      "44_C",
      "45_C",
      "61_A",
      "62_A",
      "63_U",
      "64_C",
      "65_C"
    ],
    "temperature_c": 75.0,
    "valtypes": [
      "modrate",
      "GAmodrate"
    ]
  },
  "rounds": [
    {
      "global_params": {},
      "notes": null,
      "per_nt": [
        {
          "diagnostics": {
            "reason": "Non-zero fmod values are required for a fit.",
            "status": "failed"
          },
          "nt_id": 315,
          "params": {},
          "valtype": "modrate"
        },
        {
          "diagnostics": {
            "reason": "Non-zero fmod values are required for a fit.",
            "status": "failed"
          },
          "nt_id": 316,
          "params": {},
          "valtype": "modrate"
        },
        {
          "diagnostics": {
            "reason": "Non-zero fmod values are required for a fit.",
            "status": "failed"
          },
          "nt_id": 317,
          "params": {},
          "valtype": "modrate"
        },
        {
          "diagnostics": {
            "reason": "Non-zero fmod values are required for a fit.",
            "status": "failed"
          },
          "nt_id": 318,
          "params": {},
          "valtype": "modrate"
        },
        {
          "diagnostics": {
            "chisq": 3.167942627142585e-08,
            "covariance": {
              "matrix": [
                [
                  0.015294872913228215,
                  0.002678238096221005,
                  -0.024442393019889284
                ],
                [
                  0.002678238096221005,
                  0.08595054499289372,
                  -0.027108417652581658
                ],
                [
                  -0.024442393019889284,
                  -0.027108417652581658,
                  0.05297576430875086
                ]
              ],
              "params": [
                "log_kappa",
                "log_kdeg",
                "log_fmod_0"
              ]
            },
            "ndata": 7,
            "nfree": 4,
            "r2": 0.9426852646822611,
            "reduced_chisq": 7.919856567856463e-09,
            "status": "completed",
            "success": true,
            "time_max": 200.0,
            "time_min": 0.0
          },
          "nt_id": 319,
          "params": {
            "fmod0": 0.00038039588095471646,
            "kdeg": 0.04935536340839973,
            "kobs": 0.0007901769074066945,
            "log_fmod0": -7.874298055546416,
            "log_fmod0_err": 0.2301646460878622,
            "log_kdeg": -3.0087088379867297,
            "log_kdeg_err": 0.2931732337593146,
            "log_kobs": -7.143253704146359,
            "log_kobs_err": 0.12367244201206756,
            "metadata": {
              "base": "G",
              "fmod_run_ids": [
                849,
                850,
                851,
                852,
                853,
                854,
                855
              ],
              "site": 18,
              "valtype": "modrate"
            }
          },
          "valtype": "modrate"
        },
        {
          "diagnostics": {
            "chisq": 7.842986239684216e-07,
            "covariance": {
              "matrix": [
                [
                  0.00031569962697976977,
                  3.473279086773438e-05,
                  -0.007878290202493164
                ],
                [
                  3.473279086773438e-05,
                  0.0018321928295625556,
                  -0.010886444793081762
                ],
                [
                  -0.007878290202493164,
                  -0.010886444793081762,
                  0.2973916123196126
                ]
              ],
              "params": [
                "log_kappa",
                "log_kdeg",
                "log_fmod_0"
              ]
            },
            "ndata": 7,
            "nfree": 4,
            "r2": 0.9987779727879998,
            "reduced_chisq": 1.960746559921054e-07,
            "status": "completed",
            "success": true,
            "time_max": 200.0,
            "time_min": 0.0
          },
          "nt_id": 320,
          "params": {
            "fmod0": 0.0007813397310586749,
            "kdeg": 0.035419542522170416,
            "kobs": 0.02785036931620292,
            "log_fmod0": -7.154500507753976,
            "log_fmod0_err": 0.5453362378566206,
            "log_kdeg": -3.3404915625163247,
            "log_kdeg_err": 0.04280412164222688,
            "log_kobs": -3.5809090517918167,
            "log_kobs_err": 0.017767938174694603,
            "metadata": {
              "base": "C",
              "fmod_run_ids": [
                849,
                850,
                851,
                852,
                853,
                854,
                855
              ],
              "site": 19,
              "valtype": "modrate"
            }
          },
          "valtype": "modrate"
        },
        {
          "diagnostics": {
            "chisq": 1.913195001472615e-06,
            "covariance": {
              "matrix": [
                [
                  0.002009724578383237,
                  0.0002955042514476601,
                  -0.07657364713261183
                ],
                [
                  0.0002955042514476601,
                  0.011499283661405731,
                  -0.09966310185861393
                ],
                [
                  -0.07657364713261183,
                  -0.09966310185861393,
                  4.244784082395184
                ]
              ],
              "params": [
                "log_kappa",
                "log_kdeg",
                "log_fmod_0"
              ]
            },
            "ndata": 7,
            "nfree": 4,
            "r2": 0.9921967015368723,
            "reduced_chisq": 4.782987503681537e-07,
            "status": "completed",
            "success": true,
            "time_max": 200.0,
            "time_min": 0.0
          },
          "nt_id": 321,
          "params": {
            "fmod0": 0.00032552694142175145,
            "kdeg": 0.038922806818403904,
            "kobs": 0.017097339283404196,
            "log_fmod0": -8.030065330395985,
            "log_fmod0_err": 2.060287378594351,
            "log_kdeg": -3.2461749066284074,
            "log_kdeg_err": 0.10723471294970548,
            "log_kobs": -4.068832425041807,
            "log_kobs_err": 0.04482995179992097,
            "metadata": {
              "base": "A",
              "fmod_run_ids": [
                849,
                850,
                851,
                852,
                853,
                854,
                855
              ],
              "site": 20,
              "valtype": "modrate"
            }
          },
          "valtype": "modrate"
        },
        {
          "diagnostics": {
            "chisq": 1.7137931420092236e-08,
            "covariance": {
              "matrix": [
                [
                  0.009143996203422208,
                  8.907703615708755e-05,
                  -0.013176073405358004
                ],
                [
                  8.907703615708755e-05,
                  0.05764601387972387,
                  -0.02129644578156855
                ],
                [
                  -0.013176073405358004,
                  -0.02129644578156855,
                  0.03187061992828006
                ]
              ],
              "params": [
                "log_kappa",
                "log_kdeg",
                "log_fmod_0"
              ]
            },
            "ndata": 7,
            "nfree": 4,
            "r2": 0.9647392126999286,
            "reduced_chisq": 4.284482855023059e-09,
            "status": "completed",
            "success": true,
            "time_max": 200.0,
            "time_min": 0.0
          },
          "nt_id": 322,
          "params": {
            "fmod0": 0.0003460330955540043,
            "kdeg": 0.029789049217022134,
            "kobs": 0.0007410516986064036,
            "log_fmod0": -7.968976135590714,
            "log_fmod0_err": 0.17852344363774764,
            "log_kdeg": -3.5136144289454614,
            "log_kdeg_err": 0.24009584311212862,
            "log_kobs": -7.20744016640231,
            "log_kobs_err": 0.09562424485151351,
            "metadata": {
              "base": "G",
              "fmod_run_ids": [
                849,
                850,
                851,
                852,
                853,
                854,
                855
              ],
              "site": 21,
              "valtype": "modrate"
            }
          },
          "valtype": "modrate"
        },
        {
          "diagnostics": {
            "chisq": 1.1084286744346853e-06,
            "covariance": {
              "matrix": [
                [
                  0.0016096207488243463,
                  0.00026295803355523144,
                  -0.03779386021907092
                ],
                [
                  0.00026295803355523144,
                  0.009092080491774027,
                  -0.046652322823931114
                ],
                [
                  -0.03779386021907092,
                  -0.046652322823931114,
                  1.2574499745639036
                ]
              ],
              "params": [
                "log_kappa",
                "log_kdeg",
                "log_fmod_0"
              ]
            },
            "ndata": 7,
            "nfree": 4,
            "r2": 0.9937290663390778,
            "reduced_chisq": 2.7710716860867133e-07,
            "status": "completed",
            "success": true,
            "time_max": 200.0,
            "time_min": 0.0
          },
          "nt_id": 323,
          "params": {
            "fmod0": 0.0004576692354402773,
            "kdeg": 0.04197883650142483,
            "kobs": 0.014539789217104276,
            "log_fmod0": -7.68936382811918,
            "log_fmod0_err": 1.1213607691389527,
            "log_kdeg": -3.1705896805186393,
            "log_kdeg_err": 0.09535240160464772,
            "log_kobs": -4.230866303742209,
            "log_kobs_err": 0.0401200791228575,
            "metadata": {
              "base": "A",
              "fmod_run_ids": [
                849,
                850,
                851,
                852,
                853,
                854,
                855
              ],
              "site": 22,
              "valtype": "modrate"
            }
          },
          "valtype": "modrate"
        },
        {
          "diagnostics": {
            "chisq": 8.429944475937939e-07,
            "covariance": {
              "matrix": [
                [
                  0.012122959742510177,
                  -0.004178566202250229,
                  -0.03617485126051656
                ],
                [
                  -0.004178566202250229,
                  0.1750338159606969,
                  -0.017355026044712722
                ],
                [
                  -0.03617485126051656,
                  -0.017355026044712722,
                  0.13191887733225338
                ]
              ],
              "params": [
                "log_kappa",
                "log_kdeg",
                "log_fmod_0"
              ]
            },
            "ndata": 7,
            "nfree": 4,
            "r2": 0.9543118434643257,
            "reduced_chisq": 2.1074861189844848e-07,
            "status": "completed",
            "success": true,
            "time_max": 200.0,
            "time_min": 0.0
          },
          "nt_id": 324,
          "params": {
            "fmod0": 0.0012637725915583037,
            "kdeg": 0.13765603883003807,
            "kobs": 0.00461745927092497,
            "log_fmod0": -6.6736539111853785,
            "log_fmod0_err": 0.3632063839365346,
            "log_kdeg": -1.9829971774510762,
            "log_kdeg_err": 0.41837042911837935,
            "log_kobs": -5.377910666519933,
            "log_kobs_err": 0.11010431300594077,
            "metadata": {
              "base": "U",
              "fmod_run_ids": [
                849,
                850,
                851,
                852,
                853,
                854,
                855
              ],
              "site": 23,
              "valtype": "modrate"
            }
          },
          "valtype": "modrate"
        },
        {
          "diagnostics": {
            "chisq": 5.547680538227873e-07,
            "covariance": {
              "matrix": [
                [
                  0.0003227364888622269,
                  5.0348888282728446e-05,
                  -0.006081676934894116
                ],
                [
                  5.0348888282728446e-05,
                  0.00181586696624126,
                  -0.007563776790178136
                ],
                [
                  -0.006081676934894116,
                  -0.007563776790178136,
                  0.16342511990753367
                ]
              ],
              "params": [
                "log_kappa",
                "log_kdeg",
                "log_fmod_0"
              ]
            },
            "ndata": 7,
            "nfree": 4,
            "r2": 0.9987472617986549,
            "reduced_chisq": 1.3869201345569682e-07,
            "status": "completed",
            "success": true,
            "time_max": 200.0,
            "time_min": 0.0
          },
          "nt_id": 325,
          "params": {
            "fmod0": 0.0008970621539764117,
            "kdeg": 0.0411129550435817,
            "kobs": 0.023163155252321686,
            "log_fmod0": -7.016385407362382,
            "log_fmod0_err": 0.40425872891940584,
            "log_kdeg": -3.191431999274479,
            "log_kdeg_err": 0.042612990580822414,
            "log_kobs": -3.7651923984099023,
            "log_kobs_err": 0.017964868183825533,
            "metadata": {
              "base": "C",
              "fmod_run_ids": [
                849,
                850,
                851,
                852,
                853,
                854,
                855
              ],
              "site": 24,
              "valtype": "modrate"
            }
          },
          "valtype": "modrate"
        },
        {
          "diagnostics": {
            "chisq": 2.4545979047420124e-07,
            "covariance": {
              "matrix": [
                [
                  0.009042985929535943,
                  -0.0025410660017149158,
                  -0.0172828457736149
                ],
                [
                  -0.0025410660017149158,
                  0.11326670678422608,
                  -0.008833863081136406
                ],
                [
                  -0.0172828457736149,
                  -0.008833863081136406,
                  0.04048103449185252
                ]
              ],
              "params": [
                "log_kappa",
                "log_kdeg",
                "log_fmod_0"
              ]
            },
            "ndata": 7,
            "nfree": 4,
            "r2": 0.9653969778261624,
            "reduced_chisq": 6.136494761855031e-08,
            "status": "completed",
            "success": true,
            "time_max": 200.0,
            "time_min": 0.0
          },
          "nt_id": 326,
          "params": {
            "fmod0": 0.0012309567092739114,
            "kdeg": 0.12874939861081702,
            "kobs": 0.0028815824024067487,
            "log_fmod0": -6.69996359951931,
            "log_fmod0_err": 0.2011989922734518,
            "log_kdeg": -2.049887410433146,
            "log_kdeg_err": 0.3365511948934754,
            "log_kobs": -5.849415690443951,
            "log_kobs_err": 0.09509461567058328,
            "metadata": {
              "base": "U",
              "fmod_run_ids": [
                849,
                850,
                851,
                852,
                853,
                854,
                855
              ],
              "site": 25,
              "valtype": "modrate"
            }
          },
          "valtype": "modrate"
        },
        {
          "diagnostics": {
            "chisq": 4.8270450365625755e-08,
            "covariance": {
              "matrix": [
                [
                  0.020138214739706124,
                  -0.0007448897114834026,
                  -0.027109878664798442
                ],
                [
                  -0.0007448897114834026,
                  0.1294411307521177,
                  -0.04569469627285913
                ],
                [
                  -0.027109878664798442,
                  -0.04569469627285913,
                  0.06368002097737054
                ]
              ],
              "params": [
                "log_kappa",
                "log_kdeg",
                "log_fmod_0"
              ]
            },
            "ndata": 7,
            "nfree": 4,
            "r2": 0.9255226847292224,
            "reduced_chisq": 1.2067612591406439e-08,
            "status": "completed",
            "success": true,
            "time_max": 200.0,
            "time_min": 0.0
          },
          "nt_id": 327,
          "params": {
            "fmod0": 0.00040840995903125067,
            "kdeg": 0.02832043992162752,
            "kobs": 0.0008382988827032511,
            "log_fmod0": -7.803239086488101,
            "log_fmod0_err": 0.2523490062936063,
            "log_kdeg": -3.5641714763214947,
            "log_kdeg_err": 0.3597792806042584,
            "log_kobs": -7.0841358591338865,
            "log_kobs_err": 0.141909177785322,
            "metadata": {
              "base": "G",
              "fmod_run_ids": [
                849,
                850,
                851,
                852,
                853,
                854,
                855
              ],
              "site": 26,
              "valtype": "modrate"
            }
          },
          "valtype": "modrate"
        },
        {
          "diagnostics": {
            "chisq": 4.772043951718787e-07,
            "covariance": {
              "matrix": [
                [
                  0.0004577002450705041,
                  6.445288513536757e-05,
                  -0.01660959427410425
                ],
                [
                  6.445288513536757e-05,
                  0.002629813271246832,
                  -0.021936144696492445
                ],
                [
                  -0.01660959427410425,
                  -0.021936144696492445,
                  0.8840735366182162
                ]
              ],
              "params": [
                "log_kappa",
                "log_kdeg",
                "log_fmod_0"
              ]
            },
            "ndata": 7,
            "nfree": 4,
            "r2": 0.9982128925950535,
            "reduced_chisq": 1.1930109879296967e-07,
            "status": "completed",
            "success": true,
            "time_max": 200.0,
            "time_min": 0.0
          },
          "nt_id": 328,
          "params": {
            "fmod0": 0.00035559194286870845,
            "kdeg": 0.03811694962013011,
            "kobs": 0.017895362781779077,
            "log_fmod0": -7.941726712430744,
            "log_fmod0_err": 0.9402518474420649,
            "log_kdeg": -3.26709622385623,
            "log_kdeg_err": 0.05128170503451335,
            "log_kobs": -4.023213662168349,
            "log_kobs_err": 0.02139393009875708,
            "metadata": {
              "base": "A",
              "fmod_run_ids": [
                849,
                850,
                851,
                852,
                853,
                854,
                855
              ],
              "site": 27,
              "valtype": "modrate"
            }
          },
          "valtype": "modrate"
        },
        {
          "diagnostics": {
            "chisq": 1.388818392456054e-07,
            "covariance": {
              "matrix": [
                [
                  0.06246074566851009,
                  0.006331480843054302,
                  -0.10886221068188172
                ],
                [
                  0.006331480843054302,
                  0.3731715988191934,
                  -0.09470861402433003
                ],
                [
                  -0.10886221068188172,
                  -0.09470861402433003,
                  0.24373904792284304
                ]
              ],
              "params": [
                "log_kappa",
                "log_kdeg",
                "log_fmod_0"
              ]
            },
            "ndata": 7,
            "nfree": 4,
            "r2": 0.8004986493535136,
            "reduced_chisq": 3.472045981140135e-08,
            "status": "completed",
            "success": true,
            "time_max": 200.0,
            "time_min": 0.0
          },
          "nt_id": 329,
          "params": {
            "fmod0": 0.00037530289992562967,
            "kdeg": 0.06790984962274342,
            "kobs": 0.0008238999735917144,
            "log_fmod0": -7.887777124899702,
            "log_fmod0_err": 0.49369934972900564,
            "log_kdeg": -2.6895741942199045,
            "log_kdeg_err": 0.6108777282068756,
            "log_kobs": -7.1014614266955105,
            "log_kobs_err": 0.24992147900592718,
            "metadata": {
              "base": "G",
              "fmod_run_ids": [
                849,
                850,
                851,
                852,
                853,
                854,
                855
              ],
              "site": 28,
              "valtype": "modrate"
            }
          },
          "valtype": "modrate"
        },
        {
          "diagnostics": {
            "chisq": 3.802779961063447e-07,
            "covariance": {
              "matrix": [
                [
                  0.0001713330356719987,
                  2.4643510012921263e-05,
                  -0.0026950583810521184
                ],
                [
                  2.4643510012921263e-05,
                  0.000971282648650316,
                  -0.003469189991985158
                ],
                [
                  -0.0026950583810521184,
                  -0.003469189991985158,
                  0.061545346622233245
                ]
              ],
              "params": [
                "log_kappa",
                "log_kdeg",
                "log_fmod_0"
              ]
            },
            "ndata": 7,
            "nfree": 4,
            "r2": 0.9993363697453401,
            "reduced_chisq": 9.506949902658618e-08,
            "status": "completed",
            "success": true,
            "time_max": 200.0,
            "time_min": 0.0
          },
          "nt_id": 330,
          "params": {
            "fmod0": 0.0012058379578740925,
            "kdeg": 0.03907164087928055,
            "kobs": 0.026364025345238067,
            "log_fmod0": -6.720580552993179,
            "log_fmod0_err": 0.2480833461202772,
            "log_kdeg": -3.2423583723511875,
            "log_kdeg_err": 0.03116540788519085,
            "log_kobs": -3.6357548744342867,
            "log_kobs_err": 0.013089424573754138,
            "metadata": {
              "base": "C",
              "fmod_run_ids": [
                849,
                850,
                851,
                852,
                853,
                854,
                855
              ],
              "site": 29,
              "valtype": "modrate"
            }
          },
          "valtype": "modrate"
        },
        {
          "diagnostics": {
            "chisq": 2.4963263053743963e-06,
            "covariance": {
              "matrix": [
                [
                  0.0013194024714238417,
                  0.00017958973998302027,
                  -0.018655486308415334
                ],
                [
                  0.00017958973998302027,
                  0.007548383851804852,
                  -0.024613530346400243
                ],
                [
                  -0.018655486308415334,
                  -0.024613530346400243,
                  0.38767318732986045
                ]
              ],
              "params": [
                "log_kappa",
                "log_kdeg",
                "log_fmod_0"
              ]
            },
            "ndata": 7,
            "nfree": 4,
            "r2": 0.9948994214526508,
            "reduced_chisq": 6.240815763435991e-07,
            "status": "completed",
            "success": true,
            "time_max": 200.0,
            "time_min": 0.0
          },
          "nt_id": 331,
          "params": {
            "fmod0": 0.0012278557784701812,
            "kdeg": 0.037875479151657246,
            "kobs": 0.024263175013634185,
            "log_fmod0": -6.702485900396825,
            "log_fmod0_err": 0.6226340717707797,
            "log_kdeg": -3.2734513643637873,
            "log_kdeg_err": 0.08688143559935489,
            "log_kobs": -3.7187955096010943,
            "log_kobs_err": 0.03632358010196464,
            "metadata": {
              "base": "C",
              "fmod_run_ids": [
                849,
                850,
                851,
                852,
                853,
                854,
                855
              ],
              "site": 30,
              "valtype": "modrate"
            }
          },
          "valtype": "modrate"
        },
        {
          "diagnostics": {
            "chisq": 6.715116530491537e-07,
            "covariance": {
              "matrix": [
                [
                  0.01245211730489052,
                  -0.00132249405707693,
                  -0.030754537724508712
                ],
                [
                  -0.00132249405707693,
                  0.10608704339479566,
                  -0.0192249096895734
                ],
                [
                  -0.030754537724508712,
                  -0.0192249096895734,
                  0.09421415792089662
                ]
              ],
              "params": [
                "log_kappa",
                "log_kdeg",
                "log_fmod_0"
              ]
            },
            "ndata": 7,
            "nfree": 4,
            "r2": 0.9527955602773607,
            "reduced_chisq": 1.6787791326228843e-07,
            "status": "completed",
            "success": true,
            "time_max": 200.0,
            "time_min": 0.0
          },
          "nt_id": 332,
          "params": {
            "fmod0": 0.0013337212508791258,
            "kdeg": 0.10217524262199254,
            "kobs": 0.0040732715638527855,
            "log_fmod0": -6.619782310685311,
            "log_fmod0_err": 0.3069432486973718,
            "log_kdeg": -2.281065874961652,
            "log_kdeg_err": 0.3257100603217464,
            "log_kobs": -5.503308778378704,
            "log_kobs_err": 0.11158905548883599,
            "metadata": {
              "base": "U",
              "fmod_run_ids": [
                849,
                850,
                851,
                852,
                853,
                854,
                855
              ],
              "site": 31,
              "valtype": "modrate"
            }
          },
          "valtype": "modrate"
        },
        {
          "diagnostics": {
            "chisq": 3.137093944806489e-08,
            "covariance": {
              "matrix": [
                [
                  0.03363908078411809,
                  0.002273617000824226,
                  -0.017718869042234808
                ],
                [
                  0.002273617000824226,
                  0.20640838219109078,
                  -0.026965357552910005
                ],
                [
                  -0.017718869042234808,
                  -0.026965357552910005,
                  0.014902184841518566
                ]
              ],
              "params": [
                "log_kappa",
                "log_kdeg",
                "log_fmod_0"
              ]
            },
            "ndata": 7,
            "nfree": 4,
            "r2": 0.8815286622368049,
            "reduced_chisq": 7.842734862016223e-09,
            "status": "completed",
            "success": true,
            "time_max": 200.0,
            "time_min": 0.0
          },
          "nt_id": 333,
          "params": {
            "fmod0": 0.0006904738402210567,
            "kdeg": 0.032161317999611166,
            "kobs": 0.0005230607487239918,
            "log_fmod0": -7.278132471102604,
            "log_fmod0_err": 0.1220745052888545,
            "log_kdeg": -3.43699085293616,
            "log_kdeg_err": 0.454321892705041,
            "log_kobs": -7.5558129462967685,
            "log_kobs_err": 0.18340959839691623,
            "metadata": {
              "base": "G",
              "fmod_run_ids": [
                849,
                850,
                851,
                852,
                853,
                854,
                855
              ],
              "site": 32,
              "valtype": "modrate"
            }
          },
          "valtype": "modrate"
        },
        {
          "diagnostics": {
            "chisq": 7.433605430792438e-08,
            "covariance": {
              "matrix": [
                [
                  0.18484207448939768,
                  -0.08509572522107496,
                  -0.050292447753661935
                ],
                [
                  -0.08509572522107496,
                  1.3454627485632626,
                  -0.11420705584778722
                ],
                [
                  -0.050292447753661935,
                  -0.11420705584778722,
                  0.03408029520477625
                ]
              ],
              "params": [
                "log_kappa",
                "log_kdeg",
                "log_fmod_0"
              ]
            },
            "ndata": 7,
            "nfree": 4,
            "r2": 0.582195952168564,
            "reduced_chisq": 1.8584013576981096e-08,
            "status": "completed",
            "success": true,
            "time_max": 200.0,
            "time_min": 0.0
          },
          "nt_id": 334,
          "params": {
            "fmod0": 0.0006677915489092503,
            "kdeg": 0.021284516649845712,
            "kobs": 0.000351477319034921,
            "log_fmod0": -7.311534485657213,
            "log_fmod0_err": 0.18460849169194857,
            "log_kdeg": -3.849775388447262,
            "log_kdeg_err": 1.159940838389296,
            "log_kobs": -7.953365375011901,
            "log_kobs_err": 0.42993263947902083,
            "metadata": {
              "base": "G",
              "fmod_run_ids": [
                849,
                850,
                851,
                852,
                853,
                854,
                855
              ],
              "site": 33,
              "valtype": "modrate"
            }
          },
          "valtype": "modrate"
        },
        {
          "diagnostics": {
            "chisq": 9.21729425181424e-08,
            "covariance": {
              "matrix": [
                [
                  0.12248810621689657,
                  0.02155308511583594,
                  -0.07815352874304658
                ],
                [
                  0.02155308511583594,
                  0.688742586360173,
                  -0.08737170540178724
                ],
                [
                  -0.07815352874304658,
                  -0.08737170540178724,
                  0.06779451159614652
                ]
              ],
              "params": [
                "log_kappa",
                "log_kdeg",
                "log_fmod_0"
              ]
            },
            "ndata": 7,
            "nfree": 4,
            "r2": 0.6724736172862272,
            "reduced_chisq": 2.30432356295356e-08,
            "status": "completed",
            "success": true,
            "time_max": 200.0,
            "time_min": 0.0
          },
          "nt_id": 335,
          "params": {
            "fmod0": 0.0005732689177498949,
            "kdeg": 0.048853745718119866,
            "kobs": 0.00047598341565786823,
            "log_fmod0": -7.464155635898741,
            "log_fmod0_err": 0.26037379206853084,
            "log_kdeg": -3.0189242254775785,
            "log_kdeg_err": 0.8299051670884892,
            "log_kobs": -7.650127545394716,
            "log_kobs_err": 0.3499830084688349,
            "metadata": {
              "base": "G",
              "fmod_run_ids": [
                849,
                850,
                851,
                852,
                853,
                854,
                855
              ],
              "site": 34,
              "valtype": "modrate"
            }
          },
          "valtype": "modrate"
        },
        {
          "diagnostics": {
            "chisq": 1.1663841178903539e-06,
            "covariance": {
              "matrix": [
                [
                  0.0009703915160767197,
                  0.0001533947531419851,
                  -0.02046566171756513
                ],
                [
                  0.0001533947531419851,
                  0.0054773879173787765,
                  -0.025516196002220725
                ],
                [
                  -0.02046566171756513,
                  -0.025516196002220725,
                  0.6153700978707792
                ]
              ],
              "params": [
                "log_kappa",
                "log_kdeg",
                "log_fmod_0"
              ]
            },
            "ndata": 7,
            "nfree": 4,
            "r2": 0.9962279248489168,
            "reduced_chisq": 2.9159602947258847e-07,
            "status": "completed",
            "success": true,
            "time_max": 200.0,
            "time_min": 0.0
          },
          "nt_id": 336,
          "params": {
            "fmod0": 0.0006702956114398211,
            "kdeg": 0.04116935190057446,
            "kobs": 0.01929211684495692,
            "log_fmod0": -7.307791731780051,
            "log_fmod0_err": 0.7844552873623705,
            "log_kdeg": -3.190061185355456,
            "log_kdeg_err": 0.07400937722598926,
            "log_kobs": -3.9480587201403776,
            "log_kobs_err": 0.031151107782496593,
            "metadata": {
              "base": "A",
              "fmod_run_ids": [
                849,
                850,
                851,
                852,
                853,
                854,
                855
              ],
              "site": 35,
              "valtype": "modrate"
            }
          },
          "valtype": "modrate"
        },
        {
          "diagnostics": {
            "chisq": 1.4005267167503556e-07,
            "covariance": {
              "matrix": [
                [
                  0.06157238498087565,
                  -0.0010355678368081445,
                  -0.0930141500998171
                ],
                [
                  -0.0010355678368081445,
                  0.44227482024969417,
                  -0.06590547802616233
                ],
                [
                  -0.0930141500998171,
                  -0.06590547802616233,
                  0.17604569567433437
                ]
              ],
              "params": [
                "log_kappa",
                "log_kdeg",
                "log_fmod_0"
              ]
            },
            "ndata": 7,
            "nfree": 4,
            "r2": 0.8025101786398695,
            "reduced_chisq": 3.501316791875889e-08,
            "status": "completed",
            "success": true,
            "time_max": 200.0,
            "time_min": 0.0
          },
          "nt_id": 337,
          "params": {
            "fmod0": 0.0004451388466326809,
            "kdeg": 0.08808910439255441,
            "kobs": 0.0008342261538211704,
            "log_fmod0": -7.717124309559661,
            "log_fmod0_err": 0.4195779971284652,
            "log_kdeg": -2.4294064268714264,
            "log_kdeg_err": 0.6650374577794053,
            "log_kobs": -7.089006024713546,
            "log_kobs_err": 0.24813783464211106,
            "metadata": {
              "base": "G",
              "fmod_run_ids": [
                849,
                850,
                851,
                852,
                853,
                854,
                855
              ],
              "site": 36,
              "valtype": "modrate"
            }
          },
          "valtype": "modrate"
        },
        {
          "diagnostics": {
            "chisq": 2.066376032681215e-06,
            "covariance": {
              "matrix": [
                [
                  0.0008975470752147276,
                  0.00010332708695138863,
                  -0.03211727638562479
                ],
                [
                  0.00010332708695138863,
                  0.0051979070943129835,
                  -0.04405619936203484
                ],
                [
                  -0.03211727638562479,
                  -0.04405619936203484,
                  1.7296774400014867
                ]
              ],
              "params": [
                "log_kappa",
                "log_kdeg",
                "log_fmod_0"
              ]
            },
            "ndata": 7,
            "nfree": 4,
            "r2": 0.996530456489943,
            "reduced_chisq": 5.165940081703037e-07,
            "status": "completed",
            "success": true,
            "time_max": 200.0,
            "time_min": 0.0
          },
          "nt_id": 338,
          "params": {
            "fmod0": 0.0005263596284143002,
            "kdeg": 0.035817206401918385,
            "kobs": 0.026789203861118594,
            "log_fmod0": -7.549525874636113,
            "log_fmod0_err": 1.3151720191676397,
            "log_kdeg": -3.329326875287134,
            "log_kdeg_err": 0.072096512358872,
            "log_kobs": -3.619756313630598,
            "log_kobs_err": 0.029959090026479902,
            "metadata": {
              "base": "C",
              "fmod_run_ids": [
                849,
                850,
                851,
                852,
                853,
                854,
                855
              ],
              "site": 37,
              "valtype": "modrate"
            }
          },
          "valtype": "modrate"
        },
        {
          "diagnostics": {
            "chisq": 4.711809625339325e-07,
            "covariance": {
              "matrix": [
                [
                  0.018192963936764943,
                  -0.0054537842766970174,
