{
  "artifacts": {},
  "engine": "python_baseline",
  "engine_version": "0.1.0",
  "metadata": {
    "buffer_pH": 6.4,
    "done_by": [
      "EKC"
    ],
    "experiment_id": "ekc.01.0xx",
    "fmod_run_id": 153,
    "initial_kdeg": 0.0001816560448695518,
    "initial_kdeg_source": "arrhenius:nmr:deg:dms:Schwalbe_bistris",
    "initial_log_kdeg": -8.613395522286467,
    "notes": "Baseline python engine demo using examples/nerd.sqlite",
    "outlier_specs": [
      "84:050-HIV-WT-25c-b-6-m:29_C:modrate"
    ],
    "outliers_applied": 1,
    "rg_id": 84,
    "rg_label": "25_2_15",
    "rounds_requested": [
      "round1_free",
      "round2_global",
      "round3_constrained"
    ],
    "rt_protocol": [
      "MRT"
    ],
    "selected_site_bases": [
      "17_G",
      "18_G",
      "19_C",
      "1_U",
      "20_A",
      "21_G",
      "22_A",
      "23_U",
      "24_C",
      "25_U",
      "26_G",
      "27_A",
      "28_G",
      "29_C",
      "2_A",
      "30_C",
      "31_U",
      "32_G",
      "33_G",
      "34_G",
      "35_A",
      "36_G",
      "37_C",
      "38_U",
      "39_C",
      "3_A",
      "40_U",
      "41_C",
      "42_U",
      "43_G",
      "44_C",
      "45_C",
      "61_A",
      "62_A",
      "63_U",
      "64_C"
    ],
    "temperature_c": 25.0,
    "valtypes": [
      "modrate",
      "GAmodrate"
    ]
  },
  "rounds": [
    {
      "global_params": {},
      "notes": null,
      "per_nt": [
        {
          "diagnostics": {
            "reason": "Non-zero fmod values are required for a fit.",
            "status": "failed"
          },
          "nt_id": 315,
          "params": {},
          "valtype": "modrate"
        },
        {
          "diagnostics": {
            "reason": "Non-zero fmod values are required for a fit.",
            "status": "failed"
          },
          "nt_id": 316,
          "params": {},
          "valtype": "modrate"
        },
        {
          "diagnostics": {
            "reason": "Non-zero fmod values are required for a fit.",
            "status": "failed"
          },
          "nt_id": 317,
          "params": {},
          "valtype": "modrate"
        },
        {
          "diagnostics": {
            "reason": "Non-zero fmod values are required for a fit.",
            "status": "failed"
          },
          "nt_id": 318,
          "params": {},
          "valtype": "modrate"
        },
        {
          "diagnostics": {
            "chisq": 6.000011815676638e-07,
            "covariance": {
              "matrix": [
                [
                  7662967282.079533,
                  -7662360186.873893,
                  22634.094552720784
                ],
                [
                  -7662360186.873893,
                  7661753139.85636,
                  -22632.3631522196
                ],
                [
                  22634.094552720784,
                  -22632.3631522196,
                  0.13956789166844452
                ]
              ],
              "params": [
                "log_kappa",
                "log_kdeg",
                "log_fmod_0"
              ]
            },
            "ndata": 6,
            "nfree": 3,
            "r2": 0.7853477922732404,
            "reduced_chisq": 2.0000039385588795e-07,
            "status": "completed",
            "success": true,
            "time_max": 27000.0,
            "time_min": 900.0
          },
          "nt_id": 319,
          "params": {
            "fmod0": 0.0010386785758626034,
            "kdeg": 3.1760877212311603e-12,
            "kobs": 20426.806208100876,
            "log_fmod0": -6.869805973857731,
            "log_fmod0_err": 0.37358786338483285,
            "log_kdeg": -26.475370952890085,
            "log_kdeg_err": 87531.44086473362,
            "log_kobs": 9.924603347059561,
            "log_kobs_err": 87538.37605347458,
            "metadata": {
              "base": "G",
              "fmod_run_ids": [
                148,
                149,
                150,
                151,
                152,
                153
              ],
              "site": 18,
              "valtype": "modrate"
            }
          },
          "valtype": "modrate"
        },
        {
          "diagnostics": {
            "chisq": 7.925231125881173e-07,
            "covariance": {
              "matrix": [
                [
                  103056033976.38286,
                  -103048036458.7099,
                  35427.53316885573
                ],
                [
                  -103048036458.7099,
                  103040039561.71358,
                  -35424.80034828723
                ],
                [
                  35427.53316885573,
                  -35424.80034828723,
                  0.023808057192532185
                ]
              ],
              "params": [
                "log_kappa",
                "log_kdeg",
                "log_fmod_0"
              ]
            },
            "ndata": 6,
            "nfree": 3,
            "r2": 0.8916851574673366,
            "reduced_chisq": 2.641743708627058e-07,
            "status": "completed",
            "success": true,
            "time_max": 27000.0,
            "time_min": 900.0
          },
          "nt_id": 320,
          "params": {
            "fmod0": 0.0029857330925546644,
            "kdeg": 1.4675640397356032e-10,
            "kobs": 762.659957059002,
            "log_fmod0": -5.81390997014477,
            "log_fmod0_err": 0.15429859750669214,
            "log_kdeg": -22.642247019511082,
            "log_kdeg_err": 320998.503986722,
            "log_kobs": 6.636812266230383,
            "log_kobs_err": 321023.4165545916,
            "metadata": {
              "base": "C",
              "fmod_run_ids": [
                148,
                149,
                150,
                151,
                152,
                153
              ],
              "site": 19,
              "valtype": "modrate"
            }
          },
          "valtype": "modrate"
        },
        {
          "diagnostics": {
            "chisq": 1.2184827998939062e-07,
            "covariance": {
              "matrix": [
                [
                  0.002041586234978828,
                  0.0022072926821529336,
                  -0.012522559649949663
                ],
                [
                  0.0022072926821529336,
                  0.008089894230668717,
                  -0.020124264612561192
                ],
                [
                  -0.012522559649949663,
                  -0.020124264612561192,
                  0.08885559551394782
                ]
              ],
              "params": [
                "log_kappa",
                "log_kdeg",
                "log_fmod_0"
              ]
            },
            "ndata": 6,
            "nfree": 3,
            "r2": 0.9957434033527087,
            "reduced_chisq": 4.0616093329796875e-08,
            "status": "completed",
            "success": true,
            "time_max": 27000.0,
            "time_min": 900.0
          },
          "nt_id": 321,
          "params": {
            "fmod0": 0.0012344729215679096,
            "kdeg": 0.00029822252505102247,
            "kobs": 0.007979092953418197,
            "log_fmod0": -6.697111184156014,
            "log_fmod0_err": 0.2980865570835891,
            "log_kdeg": -8.11767062176264,
            "log_kdeg_err": 0.0899438393147008,
            "log_kobs": -4.830930538965962,
            "log_kobs_err": 0.045183915666737295,
            "metadata": {
              "base": "A",
              "fmod_run_ids": [
                148,
                149,
                150,
                151,
                152,
                153
              ],
              "site": 20,
              "valtype": "modrate"
            }
          },
          "valtype": "modrate"
        },
        {
          "diagnostics": {
            "chisq": 8.10882732794637e-08,
            "covariance": {
              "matrix": [
                [
                  0.05246103238587248,
                  -0.09411552467816175,
                  -0.0073299686453023195
                ],
                [
                  -0.09411552467816175,
                  0.5377376842343615,
                  -0.19094331929635464
                ],
                [
                  -0.0073299686453023195,
                  -0.19094331929635464,
                  0.13051014530470303
                ]
              ],
              "params": [
                "log_kappa",
                "log_kdeg",
                "log_fmod_0"
              ]
            },
            "ndata": 6,
            "nfree": 3,
            "r2": 0.9026523293834832,
            "reduced_chisq": 2.70294244264879e-08,
            "status": "completed",
            "success": true,
            "time_max": 27000.0,
            "time_min": 900.0
          },
          "nt_id": 322,
          "params": {
            "fmod0": 0.0005213972561204285,
            "kdeg": 8.924471349630052e-05,
            "kobs": 0.00118173983199141,
            "log_fmod0": -7.558998319001872,
            "log_fmod0_err": 0.3612618791191551,
            "log_kdeg": -9.32412837159329,
            "log_kdeg_err": 0.7333059963169274,
            "log_kobs": -6.740767492523917,
            "log_kobs_err": 0.22904373465753758,
            "metadata": {
              "base": "G",
              "fmod_run_ids": [
                148,
                149,
                150,
                151,
                152,
                153
              ],
              "site": 21,
              "valtype": "modrate"
            }
          },
          "valtype": "modrate"
        },
        {
          "diagnostics": {
            "chisq": 1.220173703942647e-06,
            "covariance": {
              "matrix": [
                [
                  0.002885903534362665,
                  0.0032908060019554847,
                  -0.0573318231271948
                ],
                [
                  0.0032908060019554847,
                  0.010068320682539534,
                  -0.08685919185877057
                ],
                [
                  -0.0573318231271948,
                  -0.08685919185877057,
                  1.2614922881911383
                ]
              ],
              "params": [
                "log_kappa",
                "log_kdeg",
                "log_fmod_0"
              ]
            },
            "ndata": 6,
            "nfree": 3,
            "r2": 0.9947645698353524,
            "reduced_chisq": 4.0672456798088234e-07,
            "status": "completed",
            "success": true,
            "time_max": 27000.0,
            "time_min": 900.0
          },
          "nt_id": 323,
          "params": {
            "fmod0": 0.0011707618208287834,
            "kdeg": 0.0003535272728845399,
            "kobs": 0.024184082661900377,
            "log_fmod0": -6.750100613151439,
            "log_fmod0_err": 1.1231617373251006,
            "log_kdeg": -7.947549924586547,
            "log_kdeg_err": 0.10034102193290406,
            "log_kobs": -3.7220606034699526,
            "log_kobs_err": 0.05372060623599351,
            "metadata": {
              "base": "A",
              "fmod_run_ids": [
                148,
                149,
                150,
                151,
                152,
                153
              ],
              "site": 22,
              "valtype": "modrate"
            }
          },
          "valtype": "modrate"
        },
        {
          "diagnostics": {
            "chisq": 2.1993917069336699e-07,
            "covariance": {
              "matrix": [
                [
                  1155443.465833439,
                  355281.7425312373,
                  -38166728962.92032
                ],
                [
                  355281.7425312373,
                  109244.02982498556,
                  -11735703652.182379
                ],
                [
                  -38166728962.92032,
                  -11735703652.182379,
                  1260727368622191.8
                ]
              ],
              "params": [
                "log_kappa",
                "log_kdeg",
                "log_fmod_0"
              ]
            },
            "ndata": 6,
            "nfree": 3,
            "r2": 0.16745473886481188,
            "reduced_chisq": 7.3313056897789e-08,
            "status": "completed",
            "success": true,
            "time_max": 27000.0,
            "time_min": 900.0
          },
          "nt_id": 324,
          "params": {
            "fmod0": 1.2886150035804969e-07,
            "kdeg": 0.0035935324952445346,
            "kobs": 0.005871600939012286,
            "log_fmod0": -15.864527649984982,
            "log_fmod0_err": 35506722.86514473,
            "log_kdeg": -5.628619578312598,
            "log_kdeg_err": 330.5208462789988,
            "log_kobs": -5.137627949956778,
            "log_kobs_err": 1074.915562187765,
            "metadata": {
              "base": "U",
              "fmod_run_ids": [
                148,
                149,
                150,
                151,
                152,
                153
              ],
              "site": 23,
              "valtype": "modrate"
            }
          },
          "valtype": "modrate"
        },
        {
          "diagnostics": {
            "chisq": 2.575049036904544e-06,
            "covariance": {
              "matrix": [
                [
                  0.0013163423242037128,
                  0.0014035734422725371,
                  -0.016866780652517167
                ],
                [
                  0.0014035734422725371,
                  0.00491081182918874,
                  -0.026244373062767803
                ],
                [
                  -0.016866780652517167,
                  -0.026244373062767803,
                  0.24792572959572515
                ]
              ],
              "params": [
                "log_kappa",
                "log_kdeg",
                "log_fmod_0"
              ]
            },
            "ndata": 6,
            "nfree": 3,
            "r2": 0.9974264041838637,
            "reduced_chisq": 8.583496789681813e-07,
            "status": "completed",
            "success": true,
            "time_max": 27000.0,
            "time_min": 900.0
          },
          "nt_id": 325,
          "params": {
            "fmod0": 0.0034784434049010046,
            "kdeg": 0.00030228208913660024,
            "kobs": 0.04862024991476224,
            "log_fmod0": -5.661170382705336,
            "log_fmod0_err": 0.4979214090554102,
            "log_kdeg": -8.10414990657257,
            "log_kdeg_err": 0.07007718479782661,
            "log_kobs": -3.0237151699436056,
            "log_kobs_err": 0.0362814322237107,
            "metadata": {
              "base": "C",
              "fmod_run_ids": [
                148,
                149,
                150,
                151,
                152,
                153
              ],
              "site": 24,
              "valtype": "modrate"
            }
          },
          "valtype": "modrate"
        },
        {
          "diagnostics": {
            "chisq": 5.278053853831731e-09,
            "covariance": {
              "matrix": [
                [
                  0.0035843623223009947,
                  0.004212077694988562,
                  -0.0014455273210659276
                ],
                [
                  0.004212077694988562,
                  0.01241331340454207,
                  -0.0021928909316326142
                ],
                [
                  -0.0014455273210659276,
                  -0.0021928909316326142,
                  0.0006389982702776903
                ]
              ],
              "params": [
                "log_kappa",
                "log_kdeg",
                "log_fmod_0"
              ]
            },
            "ndata": 6,
            "nfree": 3,
            "r2": 0.9935877416067272,
            "reduced_chisq": 1.7593512846105772e-09,
            "status": "completed",
            "success": true,
            "time_max": 27000.0,
            "time_min": 900.0
          },
          "nt_id": 326,
          "params": {
            "fmod0": 0.0035466013084706404,
            "kdeg": 0.00037549950786918774,
            "kobs": 0.0014438515306821104,
            "log_fmod0": -5.641765511969337,
            "log_fmod0_err": 0.025278415106127407,
            "log_kdeg": -7.887253397362308,
            "log_kdeg_err": 0.1114150501707111,
            "log_kobs": -6.540441061884826,
            "log_kobs_err": 0.059869544196536145,
            "metadata": {
              "base": "U",
              "fmod_run_ids": [
                148,
                149,
                150,
                151,
                152,
                153
              ],
              "site": 25,
              "valtype": "modrate"
            }
          },
          "valtype": "modrate"
        },
        {
          "diagnostics": {
            "chisq": 7.54980093106685e-08,
            "covariance": {
              "matrix": [
                [
                  0.018760306942550455,
                  -0.0332612377290429,
                  -0.0035326947936106918
                ],
                [
                  -0.0332612377290429,
                  0.19291169323924995,
                  -0.08395996026658008
                ],
                [
                  -0.0035326947936106918,
                  -0.08395996026658008,
                  0.07034753660520751
                ]
              ],
              "params": [
                "log_kappa",
                "log_kdeg",
                "log_fmod_0"
              ]
            },
            "ndata": 6,
            "nfree": 3,
            "r2": 0.9624598593024716,
            "reduced_chisq": 2.5166003103556166e-08,
            "status": "completed",
            "success": true,
            "time_max": 27000.0,
            "time_min": 900.0
          },
          "nt_id": 327,
          "params": {
            "fmod0": 0.0006861974744520214,
            "kdeg": 8.971965842645558e-05,
            "kobs": 0.0018950130706947997,
            "log_fmod0": -7.28434510803049,
            "log_fmod0_err": 0.2652311003732547,
            "log_kdeg": -9.318820655425448,
            "log_kdeg_err": 0.4392171367777559,
            "log_kobs": -6.2685295430072605,
            "log_kobs_err": 0.1369682698384938,
            "metadata": {
              "base": "G",
              "fmod_run_ids": [
                148,
                149,
                150,
                151,
                152,
                153
              ],
              "site": 26,
              "valtype": "modrate"
            }
          },
          "valtype": "modrate"
        },
        {
          "diagnostics": {
            "chisq": 1.1486277168515196e-07,
            "covariance": {
              "matrix": [
                [
                  0.0025873325458034995,
                  0.002614540897471195,
                  -0.011560095479829157
                ],
                [
                  0.002614540897471195,
                  0.011404425446240731,
                  -0.019736088820492246
                ],
                [
                  -0.011560095479829157,
                  -0.019736088820492246,
                  0.06281130045779622
                ]
              ],
              "params": [
                "log_kappa",
                "log_kdeg",
                "log_fmod_0"
              ]
            },
            "ndata": 6,
            "nfree": 3,
            "r2": 0.994117337404752,
            "reduced_chisq": 3.828759056171732e-08,
            "status": "completed",
            "success": true,
            "time_max": 27000.0,
            "time_min": 900.0
          },
          "nt_id": 328,
          "params": {
            "fmod0": 0.0013031172133605245,
            "kdeg": 0.00025566939059605277,
            "kobs": 0.006329178712531298,
            "log_fmod0": -6.6429960283537905,
            "log_fmod0_err": 0.25062182757652257,
            "log_kdeg": -8.271625391100034,
            "log_kdeg_err": 0.10679150456024454,
            "log_kobs": -5.062584796499415,
            "log_kobs_err": 0.05086582886185479,
            "metadata": {
              "base": "A",
              "fmod_run_ids": [
                148,
                149,
                150,
                151,
                152,
                153
              ],
              "site": 27,
              "valtype": "modrate"
            }
          },
          "valtype": "modrate"
        },
        {
          "diagnostics": {
            "chisq": 3.9755522247853185e-08,
            "covariance": {
              "matrix": [
                [
                  0.011695802898524354,
                  0.005048492764942546,
                  -0.014278590540918576
                ],
                [
                  0.005048492764942546,
                  0.08862921305114187,
                  -0.038884678160580305
                ],
                [
                  -0.014278590540918576,
                  -0.038884678160580305,
                  0.0329415793171611
                ]
              ],
              "params": [
                "log_kappa",
                "log_kdeg",
                "log_fmod_0"
              ]
            },
            "ndata": 6,
            "nfree": 3,
            "r2": 0.9669577627199972,
            "reduced_chisq": 1.3251840749284394e-08,
            "status": "completed",
            "success": true,
            "time_max": 27000.0,
            "time_min": 900.0
          },
          "nt_id": 329,
          "params": {
            "fmod0": 0.0008407049048580399,
            "kdeg": 0.00015047172062963174,
            "kobs": 0.0014286842884762433,
            "log_fmod0": -7.081269845585207,
            "log_fmod0_err": 0.18149815237946942,
            "log_kdeg": -8.80173539422443,
            "log_kdeg_err": 0.2977065888608142,
            "log_kobs": -6.551001336230523,
            "log_kobs_err": 0.10814713541524969,
            "metadata": {
              "base": "G",
              "fmod_run_ids": [
                148,
                149,
                150,
                151,
                152,
                153
              ],
              "site": 28,
              "valtype": "modrate"
            }
          },
          "valtype": "modrate"
        },
        {
          "diagnostics": {
            "chisq": 3.462586803667837e-07,
            "covariance": {
              "matrix": [
                [
                  4285979158.2983313,
                  1004721046.9157022,
                  -46506280758.86201
                ],
                [
                  1004721046.9157022,
                  235527135.71374863,
                  -10902022004.266972
                ],
                [
                  -46506280758.86201,
                  -10902022004.266972,
                  504630113712.8559
                ]
              ],
              "params": [
                "log_kappa",
                "log_kdeg",
                "log_fmod_0"
              ]
            },
            "ndata": 6,
            "nfree": 3,
            "r2": 0.006167071588282114,
            "reduced_chisq": 1.1541956012226123e-07,
            "status": "completed",
            "success": true,
            "time_max": 27000.0,
            "time_min": 900.0
          },
          "nt_id": 330,
          "params": {
            "fmod0": 0.0003251463986366265,
            "kdeg": 0.004724457141014501,
            "kobs": 0.0035760430650348153,
            "log_fmod0": -8.031235019716522,
            "log_fmod0_err": 710373.2214215678,
            "log_kdeg": -5.355002615427465,
            "log_kdeg_err": 15346.893357085291,
            "log_kobs": -5.6334983789484125,
            "log_kobs_err": 65467.39003731805,
            "metadata": {
              "base": "C",
              "fmod_run_ids": [
                148,
                149,
                150,
                151,
                152,
                153
              ],
              "site": 29,
              "valtype": "modrate"
            }
          },
          "valtype": "modrate"
        },
        {
          "diagnostics": {
            "chisq": 4.3785089233758266e-08,
            "covariance": {
              "matrix": [
                [
                  0.027109192592747317,
                  0.033868589264693605,
                  -0.04855074939229369
                ],
                [
                  0.033868589264693605,
                  0.056375443328051805,
                  -0.06347626949873801
                ],
                [
                  -0.04855074939229369,
                  -0.06347626949873801,
                  0.08828066654693358
                ]
              ],
              "params": [
                "log_kappa",
                "log_kdeg",
                "log_fmod_0"
              ]
            },
            "ndata": 6,
            "nfree": 3,
            "r2": 0.980204611801214,
            "reduced_chisq": 1.459502974458609e-08,
            "status": "completed",
            "success": true,
            "time_max": 27000.0,
            "time_min": 900.0
          },
          "nt_id": 331,
          "params": {
            "fmod0": 0.0017842406905886276,
            "kdeg": 0.000693337228943578,
            "kobs": 0.0031120416213028077,
            "log_fmod0": -6.328762337675467,
            "log_fmod0_err": 0.2971206262562961,
            "log_kdeg": -7.273994055284183,
            "log_kdeg_err": 0.23743513499069974,
            "log_kobs": -5.772476298300799,
            "log_kobs_err": 0.1646486944762919,
            "metadata": {
              "base": "C",
              "fmod_run_ids": [
                148,
                149,
                150,
                151,
                152,
                153
              ],
              "site": 30,
              "valtype": "modrate"
            }
          },
          "valtype": "modrate"
        },
        {
          "diagnostics": {
            "chisq": 1.4978731879426666e-07,
            "covariance": {
              "matrix": [
                [
                  0.25385179118216333,
                  0.29453018344417536,
                  -0.04495636518054035
                ],
                [
                  0.29453018344417536,
                  0.9030568141875475,
                  -0.06889331144300316
                ],
                [
                  -0.04495636518054035,
                  -0.06889331144300316,
                  0.008802978128343141
                ]
              ],
              "params": [
                "log_kappa",
                "log_kdeg",
                "log_fmod_0"
              ]
            },
            "ndata": 6,
            "nfree": 3,
            "r2": 0.6789492045333866,
            "reduced_chisq": 4.992910626475556e-08,
            "status": "completed",
            "success": true,
            "time_max": 27000.0,
            "time_min": 900.0
          },
          "nt_id": 332,
          "params": {
            "fmod0": 0.0049286524594789605,
            "kdeg": 0.0003600468468858004,
            "kobs": 0.000885789904618952,
            "log_fmod0": -5.312689663081587,
            "log_fmod0_err": 0.09382418733110957,
            "log_kdeg": -7.929276404741989,
            "log_kdeg_err": 0.9502930149104262,
            "log_kobs": -7.0290307634480556,
            "log_kobs_err": 0.5038370680906312,
            "metadata": {
              "base": "U",
              "fmod_run_ids": [
                148,
                149,
                150,
                151,
                152,
                153
              ],
              "site": 31,
              "valtype": "modrate"
            }
          },
          "valtype": "modrate"
        },
        {
          "diagnostics": {
            "chisq": 4.716031730966082e-08,
            "covariance": {
              "matrix": [
                [
                  0.055777065398228375,
                  0.03989148626833999,
                  -0.03907117807043605
                ],
                [
                  0.03989148626833999,
                  0.3501697585713211,
                  -0.08740309770281485
                ],
                [
                  -0.03907117807043605,
                  -0.08740309770281485,
                  0.04190934600977761
                ]
              ],
              "params": [
                "log_kappa",
                "log_kdeg",
                "log_fmod_0"
              ]
            },
            "ndata": 6,
            "nfree": 3,
            "r2": 0.8668695240448296,
            "reduced_chisq": 1.5720105769886938e-08,
            "status": "completed",
            "success": true,
            "time_max": 27000.0,
            "time_min": 900.0
          },
          "nt_id": 333,
          "params": {
            "fmod0": 0.000859252770246281,
            "kdeg": 0.0001758911831285745,
            "kobs": 0.0007436157317535944,
            "log_fmod0": -7.05944741821127,
            "log_fmod0_err": 0.20471772275447384,
            "log_kdeg": -8.64564503181714,
            "log_kdeg_err": 0.5917514330961279,
            "log_kobs": -7.203986146136371,
            "log_kobs_err": 0.23617168627553214,
            "metadata": {
              "base": "G",
              "fmod_run_ids": [
                148,
                149,
                150,
                151,
                152,
                153
              ],
              "site": 32,
              "valtype": "modrate"
            }
          },
          "valtype": "modrate"
        },
        {
          "diagnostics": {
            "chisq": 4.493986420984143e-08,
            "covariance": {
              "matrix": [
                [
                  0.07046128268418488,
                  0.00843109722713061,
                  -0.03782795846060477
                ],
                [
                  0.00843109722713061,
                  0.6095095746884274,
                  -0.12393323428638306
                ],
                [
                  -0.03782795846060477,
                  -0.12393323428638306,
                  0.048697493547990994
                ]
              ],
              "params": [
                "log_kappa",
                "log_kdeg",
                "log_fmod_0"
              ]
            },
            "ndata": 6,
            "nfree": 3,
            "r2": 0.8258266314371809,
            "reduced_chisq": 1.497995473661381e-08,
            "status": "completed",
            "success": true,
            "time_max": 27000.0,
            "time_min": 900.0
          },
          "nt_id": 334,
          "params": {
            "fmod0": 0.0007096136726955854,
            "kdeg": 0.0001351568362006353,
            "kobs": 0.0006088004102480716,
            "log_fmod0": -7.2507898589814985,
            "log_fmod0_err": 0.2206750859249657,
            "log_kdeg": -8.909074704200414,
            "log_kdeg_err": 0.7807109418270166,
            "log_kobs": -7.40402007755357,
            "log_kobs_err": 0.26544544201056625,
            "metadata": {
              "base": "G",
              "fmod_run_ids": [
                148,
                149,
                150,
                151,
                152,
                153
              ],
              "site": 33,
              "valtype": "modrate"
            }
          },
          "valtype": "modrate"
        },
        {
          "diagnostics": {
            "chisq": 5.3687735281647854e-08,
            "covariance": {
              "matrix": [
                [
                  295.6096840191161,
                  -309.5887603515791,
                  1.8441762351201278
                ],
                [
                  -309.5887603515791,
                  324.27139407415564,
                  -1.9482787024011108
                ],
                [
                  1.8441762351201278,
                  -1.9482787024011108,
                  0.022895945113990786
                ]
              ],
              "params": [
                "log_kappa",
                "log_kdeg",
                "log_fmod_0"
              ]
            },
            "ndata": 6,
            "nfree": 3,
            "r2": 0.8959424730550293,
            "reduced_chisq": 1.7895911760549284e-08,
            "status": "completed",
            "success": true,
            "time_max": 27000.0,
            "time_min": 900.0
          },
          "nt_id": 335,
          "params": {
            "fmod0": 0.0007986252915232738,
            "kdeg": 3.3015049020251724e-06,
            "kobs": 0.009433062037007342,
            "log_fmod0": -7.132618694010343,
            "log_fmod0_err": 0.15131406119059387,
            "log_kdeg": -12.621132162525617,
            "log_kdeg_err": 18.007537146266163,
            "log_kobs": -4.663534522742456,
            "log_kobs_err": 17.19330346440486,
            "metadata": {
              "base": "G",
              "fmod_run_ids": [
                148,
                149,
                150,
                151,
                152,
                153
              ],
              "site": 34,
              "valtype": "modrate"
            }
          },
          "valtype": "modrate"
        },
        {
          "diagnostics": {
            "chisq": 1.321295633929207e-06,
            "covariance": {
              "matrix": [
                [
                  0.0012953522458630004,
                  0.0014510379697979746,
                  -0.08812560419065749
                ],
                [
                  0.0014510379697979746,
                  0.004537635267239529,
                  -0.13345585220619663
                ],
                [
                  -0.08812560419065749,
                  -0.13345585220619663,
                  6.682140702736829
                ]
              ],
              "params": [
                "log_kappa",
                "log_kdeg",
                "log_fmod_0"
              ]
            },
            "ndata": 6,
            "nfree": 3,
            "r2": 0.9976296325571203,
            "reduced_chisq": 4.4043187797640237e-07,
            "status": "completed",
            "success": true,
            "time_max": 27000.0,
            "time_min": 900.0
          },
          "nt_id": 336,
          "params": {
            "fmod0": 0.0005190572212486329,
            "kdeg": 0.0003415908796101806,
            "kobs": 0.03736330089494852,
            "log_fmod0": -7.563496427988249,
            "log_fmod0_err": 2.5849836948686598,
            "log_kdeg": -7.981896795439714,
            "log_kdeg_err": 0.06736197196667812,
            "log_kobs": -3.2870663158052764,
            "log_kobs_err": 0.0359910022903364,
            "metadata": {
              "base": "A",
              "fmod_run_ids": [
                148,
                149,
                150,
                151,
                152,
                153
              ],
              "site": 35,
              "valtype": "modrate"
            }
          },
          "valtype": "modrate"
        },
        {
          "diagnostics": {
            "chisq": 4.633974429784045e-07,
            "covariance": {
              "matrix": [
                [
                  0.08898005236890034,
                  0.014436464794552042,
                  -0.09283643909025305
                ],
                [
                  0.014436464794552042,
                  0.7575048345505997,
                  -0.2966622971014916
                ],
                [
                  -0.09283643909025305,
                  -0.2966622971014916,
                  0.22453807067617046
                ]
              ],
              "params": [
                "log_kappa",
                "log_kdeg",
                "log_fmod_0"
              ]
            },
            "ndata": 6,
            "nfree": 3,
            "r2": 0.790128096399819,
            "reduced_chisq": 1.5446581432613483e-07,
            "status": "completed",
            "success": true,
            "time_max": 27000.0,
            "time_min": 900.0
          },
          "nt_id": 337,
          "params": {
            "fmod0": 0.0010656281537541102,
            "kdeg": 0.00013684639428434737,
            "kobs": 0.001743506054183332,
            "log_fmod0": -6.844190837962123,
            "log_fmod0_err": 0.4738544825958392,
            "log_kdeg": -8.896651470765164,
            "log_kdeg_err": 0.8703475366487802,
            "log_kobs": -6.351857219423664,
            "log_kobs_err": 0.2982952436243333,
            "metadata": {
              "base": "G",
              "fmod_run_ids": [
                148,
                149,
                150,
                151,
                152,
                153
              ],
              "site": 36,
              "valtype": "modrate"
            }
          },
          "valtype": "modrate"
        },
        {
          "diagnostics": {
            "chisq": 3.8303467969596027e-07,
            "covariance": {
              "matrix": [
                [
                  626957772.8877083,
                  -626900335.6782657,
                  -909.4579866304297
                ],
                [
                  -626900335.6782657,
                  626842903.8582653,
                  909.3450201375471
                ],
                [
                  -909.4579866304297,
                  909.3450201375471,
                  0.013311863845161417
                ]
              ],
              "params": [
                "log_kappa",
                "log_kdeg",
                "log_fmod_0"
              ]
            },
            "ndata": 6,
            "nfree": 3,
            "r2": 0.7235882171471688,
            "reduced_chisq": 1.276782265653201e-07,
            "status": "completed",
            "success": true,
            "time_max": 27000.0,
            "time_min": 900.0
          },
          "nt_id": 338,
          "params": {
            "fmod0": 0.0020432768118365677,
            "kdeg": 1.2564533031771907e-12,
            "kobs": 34886.194721278145,
            "log_fmod0": -6.193200479502377,
            "log_fmod0_err": 0.11537705077337268,
            "log_kdeg": -27.40272820282203,
            "log_kdeg_err": 25036.830946792474,
            "log_kobs": 10.459846463207809,
            "log_kobs_err": 25039.12484268786,
            "metadata": {
              "base": "C",
              "fmod_run_ids": [
                148,
                149,
                150,
                151,
                152,
                153
              ],
              "site": 37,
              "valtype": "modrate"
            }
          },
          "valtype": "modrate"
        },
        {
          "diagnostics": {
            "chisq": 2.393963867999866e-07,
            "covariance": {
              "matrix": [
                [
                  187846.8442303203,
                  67378.541147352,
                  -11357660037.301842
                ],
                [
                  67378.541147352,
                  24168.2140749136,
                  -4073864872.3088126
                ],
                [
                  -11357660037.301842,
                  -4073864872.3088126,
                  686710724613388.2
                ]
              ],
              "params": [
                "log_kappa",
