{
  "artifacts": {},
  "engine": "python_baseline",
  "engine_version": "0.1.0",
  "metadata": {
    "buffer_pH": 6.4,
    "done_by": [
      "EKC"
    ],
    "experiment_id": "ekc.01.0xx",
    "fmod_run_id": 589,
    "initial_kdeg": 0.019705462789320123,
    "initial_kdeg_source": "arrhenius:nmr:deg:dms:Schwalbe_bistris",
    "initial_log_kdeg": -3.926859382728182,
    "notes": "Baseline python engine demo using examples/nerd.sqlite",
    "outlier_specs": [
      "101:017-HIV-UUCG-ES-70c-a-5-p:34_G:GAmodrate"
    ],
    "outliers_applied": 1,
    "rg_id": 101,
    "rg_label": "70_1_13",
    "rounds_requested": [
      "round1_free",
      "round2_global",
      "round3_constrained"
    ],
    "rt_protocol": [
      "MRT"
    ],
    "selected_site_bases": [
      "17_G",
      "18_G",
      "19_C",
      "1_U",
      "20_A",
      "21_G",
      "22_A",
      "23_U",
      "24_C",
      "25_U",
      "26_G",
      "27_A",
      "28_G",
      "29_C",
      "2_A",
      "30_C",
      "33_G",
      "34_G",
      "35_A",
      "36_G",
      "37_C",
      "38_U",
      "39_C",
      "3_A",
      "40_U",
      "41_C",
      "42_U",
      "43_G",
      "44_C",
      "45_C",
      "51_U",
      "52_U",
      "53_C",
      "54_G",
      "61_A",
      "62_A",
      "63_U"
    ],
    "temperature_c": 70.0,
    "valtypes": [
      "modrate",
      "GAmodrate"
    ]
  },
  "rounds": [
    {
      "global_params": {},
      "notes": null,
      "per_nt": [
        {
          "diagnostics": {
            "reason": "Non-zero fmod values are required for a fit.",
            "status": "failed"
          },
          "nt_id": 167,
          "params": {},
          "valtype": "modrate"
        },
        {
          "diagnostics": {
            "reason": "Non-zero fmod values are required for a fit.",
            "status": "failed"
          },
          "nt_id": 168,
          "params": {},
          "valtype": "modrate"
        },
        {
          "diagnostics": {
            "reason": "Non-zero fmod values are required for a fit.",
            "status": "failed"
          },
          "nt_id": 169,
          "params": {},
          "valtype": "modrate"
        },
        {
          "diagnostics": {
            "reason": "Non-zero fmod values are required for a fit.",
            "status": "failed"
          },
          "nt_id": 170,
          "params": {},
          "valtype": "modrate"
        },
        {
          "diagnostics": {
            "chisq": 5.393386083912126e-08,
            "covariance": {
              "matrix": [
                [
                  0.030492058355195476,
                  0.005670882186094142,
                  -0.05056617321053415
                ],
                [
                  0.005670882186094142,
                  0.16865458781454878,
                  -0.058423507211816134
                ],
                [
                  -0.05056617321053415,
                  -0.058423507211816134,
                  0.11565420949104464
                ]
              ],
              "params": [
                "log_kappa",
                "log_kdeg",
                "log_fmod_0"
              ]
            },
            "ndata": 7,
            "nfree": 4,
            "r2": 0.8919646073924306,
            "reduced_chisq": 1.3483465209780316e-08,
            "status": "completed",
            "success": true,
            "time_max": 300.0,
            "time_min": 0.0
          },
          "nt_id": 171,
          "params": {
            "fmod0": 0.00033212641150254555,
            "kdeg": 0.03216517572487109,
            "kobs": 0.0007257797687538498,
            "log_fmod0": -8.009994903979754,
            "log_fmod0_err": 0.34007971049600216,
            "log_kdeg": -3.4368709109016673,
            "log_kdeg_err": 0.41067576969496117,
            "log_kobs": -7.228263937982938,
            "log_kobs_err": 0.17461975362253687,
            "metadata": {
              "base": "G",
              "fmod_run_ids": [
                587,
                588,
                589,
                590,
                591,
                592,
                593
              ],
              "site": 18,
              "valtype": "modrate"
            }
          },
          "valtype": "modrate"
        },
        {
          "diagnostics": {
            "chisq": 2.3102592996244905e-05,
            "covariance": {
              "matrix": [
                [
                  0.00678946502493675,
                  -0.0004899272868443272,
                  -0.08025766189747487
                ],
                [
                  -0.0004899272868443272,
                  0.04408278750820677,
                  -0.1486970906286777
                ],
                [
                  -0.08025766189747487,
                  -0.1486970906286777,
                  1.79803547004216
                ]
              ],
              "params": [
                "log_kappa",
                "log_kdeg",
                "log_fmod_0"
              ]
            },
            "ndata": 7,
            "nfree": 4,
            "r2": 0.974441481594735,
            "reduced_chisq": 5.775648249061226e-06,
            "status": "completed",
            "success": true,
            "time_max": 300.0,
            "time_min": 0.0
          },
          "nt_id": 172,
          "params": {
            "fmod0": 0.0016381265857113832,
            "kdeg": 0.016440000379641273,
            "kobs": 0.03231603470219834,
            "log_fmod0": -6.414202015883175,
            "log_fmod0_err": 1.3409084495379093,
            "log_kdeg": -4.108037866261569,
            "log_kdeg_err": 0.2099590138770107,
            "log_kobs": -3.4321917415257186,
            "log_kobs_err": 0.082398210083331,
            "metadata": {
              "base": "C",
              "fmod_run_ids": [
                587,
                588,
                589,
                590,
                591,
                592,
                593
              ],
              "site": 19,
              "valtype": "modrate"
            }
          },
          "valtype": "modrate"
        },
        {
          "diagnostics": {
            "chisq": 8.002127862076405e-08,
            "covariance": {
              "matrix": [
                [
                  6.015276314085687e-05,
                  5.025300217452612e-06,
                  -0.001211507640798567
                ],
                [
                  5.025300217452612e-06,
                  0.00035812253564433824,
                  -0.0019247575495121552
                ],
                [
                  -0.001211507640798567,
                  -0.0019247575495121552,
                  0.0403558468838793
                ]
              ],
              "params": [
                "log_kappa",
                "log_kdeg",
                "log_fmod_0"
              ]
            },
            "ndata": 7,
            "nfree": 4,
            "r2": 0.9997647630357658,
            "reduced_chisq": 2.000531965519101e-08,
            "status": "completed",
            "success": true,
            "time_max": 300.0,
            "time_min": 0.0
          },
          "nt_id": 173,
          "params": {
            "fmod0": 0.0006550749243421015,
            "kdeg": 0.019444222469131262,
            "kobs": 0.0199612484405186,
            "log_fmod0": -7.330760940562314,
            "log_fmod0_err": 0.20088764741486545,
            "log_kdeg": -3.9402052983332534,
            "log_kdeg_err": 0.01892412575640783,
            "log_kobs": -3.9139624629346383,
            "log_kobs_err": 0.007755821242193303,
            "metadata": {
              "base": "A",
              "fmod_run_ids": [
                587,
                588,
                589,
                590,
                591,
                592,
                593
              ],
              "site": 20,
              "valtype": "modrate"
            }
          },
          "valtype": "modrate"
        },
        {
          "diagnostics": {
            "chisq": 1.5960095458288578e-08,
            "covariance": {
              "matrix": [
                [
                  0.006580803297491613,
                  -0.0014266219262760132,
                  -0.01064204298064278
                ],
                [
                  -0.0014266219262760132,
                  0.047244529614130365,
                  -0.022834565969003878
                ],
                [
                  -0.01064204298064278,
                  -0.022834565969003878,
                  0.03722279109709903
                ]
              ],
              "params": [
                "log_kappa",
                "log_kdeg",
                "log_fmod_0"
              ]
            },
            "ndata": 7,
            "nfree": 4,
            "r2": 0.9745356131843239,
            "reduced_chisq": 3.9900238645721445e-09,
            "status": "completed",
            "success": true,
            "time_max": 300.0,
            "time_min": 0.0
          },
          "nt_id": 174,
          "params": {
            "fmod0": 0.00029508929870750806,
            "kdeg": 0.014894421035648408,
            "kobs": 0.0008385781331629994,
            "log_fmod0": -8.128232539948042,
            "log_fmod0_err": 0.19293208934000333,
            "log_kdeg": -4.206768563283758,
            "log_kdeg_err": 0.21735806774566793,
            "log_kobs": -7.083802798975404,
            "log_kobs_err": 0.08112215047378621,
            "metadata": {
              "base": "G",
              "fmod_run_ids": [
                587,
                588,
                589,
                590,
                591,
                592,
                593
              ],
              "site": 21,
              "valtype": "modrate"
            }
          },
          "valtype": "modrate"
        },
        {
          "diagnostics": {
            "chisq": 1.8413699685379379e-06,
            "covariance": {
              "matrix": [
                [
                  0.0019421592335898546,
                  0.00032753533375357106,
                  -0.03827256010375381
                ],
                [
                  0.00032753533375357106,
                  0.010724281907055318,
                  -0.051678423315760114
                ],
                [
                  -0.03827256010375381,
                  -0.051678423315760114,
                  1.1233939171940437
                ]
              ],
              "params": [
                "log_kappa",
                "log_kdeg",
                "log_fmod_0"
              ]
            },
            "ndata": 7,
            "nfree": 4,
            "r2": 0.9924658430081853,
            "reduced_chisq": 4.6034249213448447e-07,
            "status": "completed",
            "success": true,
            "time_max": 300.0,
            "time_min": 0.0
          },
          "nt_id": 175,
          "params": {
            "fmod0": 0.0006086693557797907,
            "kdeg": 0.02418093272489058,
            "kobs": 0.016920588241953055,
            "log_fmod0": -7.404235367448143,
            "log_fmod0_err": 1.0599027866715154,
            "log_kdeg": -3.722190860309077,
            "log_kdeg_err": 0.10355810884259774,
            "log_kobs": -4.07922415933551,
            "log_kobs_err": 0.04406993571120628,
            "metadata": {
              "base": "A",
              "fmod_run_ids": [
                587,
                588,
                589,
                590,
                591,
                592,
                593
              ],
              "site": 22,
              "valtype": "modrate"
            }
          },
          "valtype": "modrate"
        },
        {
          "diagnostics": {
            "chisq": 8.796379988622108e-07,
            "covariance": {
              "matrix": [
                [
                  0.011723945338399967,
                  -0.0013363264071872061,
                  -0.035479899959928556
                ],
                [
                  -0.0013363264071872061,
                  0.11344476798656865,
                  -0.021557895337648167
                ],
                [
                  -0.035479899959928556,
                  -0.021557895337648167,
                  0.13203486253312285
                ]
              ],
              "params": [
                "log_kappa",
                "log_kdeg",
                "log_fmod_0"
              ]
            },
            "ndata": 7,
            "nfree": 4,
            "r2": 0.9554647031862447,
            "reduced_chisq": 2.199094997155527e-07,
            "status": "completed",
            "success": true,
            "time_max": 300.0,
            "time_min": 0.0
          },
          "nt_id": 176,
          "params": {
            "fmod0": 0.0012900009148961692,
            "kdeg": 0.08137596155135074,
            "kobs": 0.004793934404178306,
            "log_fmod0": -6.653112351386971,
            "log_fmod0_err": 0.3633660173064108,
            "log_kdeg": -2.5086753622239746,
            "log_kdeg_err": 0.3368156290711116,
            "log_kobs": -5.340403825963367,
            "log_kobs_err": 0.10827716905423769,
            "metadata": {
              "base": "U",
              "fmod_run_ids": [
                587,
                588,
                589,
                590,
                591,
                592,
                593
              ],
              "site": 23,
              "valtype": "modrate"
            }
          },
          "valtype": "modrate"
        },
        {
          "diagnostics": {
            "chisq": 4.289277323696933e-06,
            "covariance": {
              "matrix": [
                [
                  0.0017121937243977402,
                  0.0002905969718709663,
                  -0.02853082095657586
                ],
                [
                  0.0002905969718709663,
                  0.00929729527585762,
                  -0.03726409339797059
                ],
                [
                  -0.02853082095657586,
                  -0.03726409339797059,
                  0.6985947726550682
                ]
              ],
              "params": [
                "log_kappa",
                "log_kdeg",
                "log_fmod_0"
              ]
            },
            "ndata": 7,
            "nfree": 4,
            "r2": 0.9934292203515306,
            "reduced_chisq": 1.0723193309242333e-06,
            "status": "completed",
            "success": true,
            "time_max": 300.0,
            "time_min": 0.0
          },
          "nt_id": 177,
          "params": {
            "fmod0": 0.001182671444456956,
            "kdeg": 0.025088674157133766,
            "kobs": 0.027859695220868383,
            "log_fmod0": -6.739979463365846,
            "log_fmod0_err": 0.8358198206880884,
            "log_kdeg": -3.6853387634782,
            "log_kdeg_err": 0.09642248324876113,
            "log_kobs": -3.580574250357639,
            "log_kobs_err": 0.041378662670484415,
            "metadata": {
              "base": "C",
              "fmod_run_ids": [
                587,
                588,
                589,
                590,
                591,
                592,
                593
              ],
              "site": 24,
              "valtype": "modrate"
            }
          },
          "valtype": "modrate"
        },
        {
          "diagnostics": {
            "chisq": 5.609332440050131e-07,
            "covariance": {
              "matrix": [
                [
                  0.02047336463473783,
                  0.0008048099174908954,
                  -0.03213375681149743
                ],
                [
                  0.0008048099174908954,
                  0.14514155975149606,
                  -0.02533803450178886
                ],
                [
                  -0.03213375681149743,
                  -0.02533803450178886,
                  0.0635584015302243
                ]
              ],
              "params": [
                "log_kappa",
                "log_kdeg",
                "log_fmod_0"
              ]
            },
            "ndata": 7,
            "nfree": 4,
            "r2": 0.9245219382990182,
            "reduced_chisq": 1.4023331100125326e-07,
            "status": "completed",
            "success": true,
            "time_max": 300.0,
            "time_min": 0.0
          },
          "nt_id": 178,
          "params": {
            "fmod0": 0.0014813288016496363,
            "kdeg": 0.059776502288214205,
            "kobs": 0.002892767061644148,
            "log_fmod0": -6.514815755069957,
            "log_fmod0_err": 0.2521079164370375,
            "log_kdeg": -2.8171426335702208,
            "log_kdeg_err": 0.38097448700863956,
            "log_kobs": -5.8455417741544755,
            "log_kobs_err": 0.1430851656697431,
            "metadata": {
              "base": "U",
              "fmod_run_ids": [
                587,
                588,
                589,
                590,
                591,
                592,
                593
              ],
              "site": 25,
              "valtype": "modrate"
            }
          },
          "valtype": "modrate"
        },
        {
          "diagnostics": {
            "chisq": 5.227506048247232e-08,
            "covariance": {
              "matrix": [
                [
                  0.0498730831406816,
                  0.00930212089719238,
                  -0.051531697475469776
                ],
                [
                  0.00930212089719238,
                  0.2757074974027083,
                  -0.059737360805946056
                ],
                [
                  -0.051531697475469776,
                  -0.059737360805946056,
                  0.07352667033148202
                ]
              ],
              "params": [
                "log_kappa",
                "log_kdeg",
                "log_fmod_0"
              ]
            },
            "ndata": 7,
            "nfree": 4,
            "r2": 0.8346310556677945,
            "reduced_chisq": 1.306876512061808e-08,
            "status": "completed",
            "success": true,
            "time_max": 300.0,
            "time_min": 0.0
          },
          "nt_id": 179,
          "params": {
            "fmod0": 0.00040991994273886176,
            "kdeg": 0.03197720480663555,
            "kobs": 0.0005585056906852587,
            "log_fmod0": -7.7995486789444834,
            "log_fmod0_err": 0.27115801727310596,
            "log_kdeg": -3.4427319798167195,
            "log_kdeg_err": 0.5250785630767155,
            "log_kobs": -7.490245750276385,
            "log_kobs_err": 0.2233228227044464,
            "metadata": {
              "base": "G",
              "fmod_run_ids": [
                587,
                588,
                589,
                590,
                591,
                592,
                593
              ],
              "site": 26,
              "valtype": "modrate"
            }
          },
          "valtype": "modrate"
        },
        {
          "diagnostics": {
            "chisq": 5.119088945165681e-07,
            "covariance": {
              "matrix": [
                [
                  0.0003052029005581963,
                  4.15063392181931e-05,
                  -0.011100737892815635
                ],
                [
                  4.15063392181931e-05,
                  0.001730814528578549,
                  -0.016133095521633212
                ],
                [
                  -0.011100737892815635,
                  -0.016133095521633212,
                  0.6292060167735722
                ]
              ],
              "params": [
                "log_kappa",
                "log_kdeg",
                "log_fmod_0"
              ]
            },
            "ndata": 7,
            "nfree": 4,
            "r2": 0.998813369024321,
            "reduced_chisq": 1.2797722362914203e-07,
            "status": "completed",
            "success": true,
            "time_max": 300.0,
            "time_min": 0.0
          },
          "nt_id": 180,
          "params": {
            "fmod0": 0.0004243969198351948,
            "kdeg": 0.02165202867469947,
            "kobs": 0.022548282915822535,
            "log_fmod0": -7.764841408943538,
            "log_fmod0_err": 0.7932250732128758,
            "log_kdeg": -3.8326561257041356,
            "log_kdeg_err": 0.041603059125244014,
            "log_kobs": -3.792096361572475,
            "log_kobs_err": 0.01747005725686657,
            "metadata": {
              "base": "A",
              "fmod_run_ids": [
                587,
                588,
                589,
                590,
                591,
                592,
                593
              ],
              "site": 27,
              "valtype": "modrate"
            }
          },
          "valtype": "modrate"
        },
        {
          "diagnostics": {
            "chisq": 7.343001677197754e-08,
            "covariance": {
              "matrix": [
                [
                  0.06836857293474452,
                  0.010304847190103177,
                  -0.05505652713932842
                ],
                [
                  0.010304847190103177,
                  0.4001906731957494,
                  -0.0556693607942293
                ],
                [
                  -0.05505652713932842,
                  -0.0556693607942293,
                  0.05855986231302096
                ]
              ],
              "params": [
                "log_kappa",
                "log_kdeg",
                "log_fmod_0"
              ]
            },
            "ndata": 7,
            "nfree": 4,
            "r2": 0.7859955062422954,
            "reduced_chisq": 1.8357504192994385e-08,
            "status": "completed",
            "success": true,
            "time_max": 300.0,
            "time_min": 0.0
          },
          "nt_id": 181,
          "params": {
            "fmod0": 0.0005523768383939919,
            "kdeg": 0.041038037993571065,
            "kobs": 0.0005689596633671918,
            "log_fmod0": -7.50128006635599,
            "log_fmod0_err": 0.24199145090895455,
            "log_kdeg": -3.1932558864366167,
            "log_kdeg_err": 0.6326062544709382,
            "log_kobs": -7.471701016742364,
            "log_kobs_err": 0.26147384751585484,
            "metadata": {
              "base": "G",
              "fmod_run_ids": [
                587,
                588,
                589,
                590,
                591,
                592,
                593
              ],
              "site": 28,
              "valtype": "modrate"
            }
          },
          "valtype": "modrate"
        },
        {
          "diagnostics": {
            "chisq": 1.111397834329154e-06,
            "covariance": {
              "matrix": [
                [
                  0.00047008773266661304,
                  2.0900199536877482e-05,
                  -0.00691976024734992
                ],
                [
                  2.0900199536877482e-05,
                  0.0028578563807263855,
                  -0.011454192119249128
                ],
                [
                  -0.00691976024734992,
                  -0.011454192119249128,
                  0.17443391387069912
                ]
              ],
              "params": [
                "log_kappa",
                "log_kdeg",
                "log_fmod_0"
              ]
            },
            "ndata": 7,
            "nfree": 4,
            "r2": 0.998176140428734,
            "reduced_chisq": 2.778494585822885e-07,
            "status": "completed",
            "success": true,
            "time_max": 300.0,
            "time_min": 0.0
          },
          "nt_id": 182,
          "params": {
            "fmod0": 0.0011681738444551657,
            "kdeg": 0.018456872202493233,
            "kobs": 0.02677550374301159,
            "log_fmod0": -6.752313566220798,
            "log_fmod0_err": 0.41765286287861014,
            "log_kdeg": -3.9923185007480706,
            "log_kdeg_err": 0.053458922367799235,
            "log_kobs": -3.620267848893966,
            "log_kobs_err": 0.021681506697335706,
            "metadata": {
              "base": "C",
              "fmod_run_ids": [
                587,
                588,
                589,
                590,
                591,
                592,
                593
              ],
              "site": 29,
              "valtype": "modrate"
            }
          },
          "valtype": "modrate"
        },
        {
          "diagnostics": {
            "chisq": 2.1798135499716453e-06,
            "covariance": {
              "matrix": [
                [
                  0.0010430142291807181,
                  0.00010688068672606979,
                  -0.010348099269512906
                ],
                [
                  0.00010688068672606979,
                  0.006075629586746278,
                  -0.015884454575614725
                ],
                [
                  -0.010348099269512906,
                  -0.015884454575614725,
                  0.16608393743342245
                ]
              ],
              "params": [
                "log_kappa",
                "log_kdeg",
                "log_fmod_0"
              ]
            },
            "ndata": 7,
            "nfree": 4,
            "r2": 0.9959617317307741,
            "reduced_chisq": 5.449533874929113e-07,
            "status": "completed",
            "success": true,
            "time_max": 300.0,
            "time_min": 0.0
          },
          "nt_id": 183,
          "params": {
            "fmod0": 0.0016922925358340882,
            "kdeg": 0.0201461928320284,
            "kobs": 0.02518155759774452,
            "log_fmod0": -6.381671139223503,
            "log_fmod0_err": 0.40753397089497023,
            "log_kdeg": -3.9047399497796493,
            "log_kdeg_err": 0.0779463250368244,
            "log_kobs": -3.6816433937507194,
            "log_kobs_err": 0.032295730819734025,
            "metadata": {
              "base": "C",
              "fmod_run_ids": [
                587,
                588,
                589,
                590,
                591,
                592,
                593
              ],
              "site": 30,
              "valtype": "modrate"
            }
          },
          "valtype": "modrate"
        },
        {
          "diagnostics": {
            "chisq": 5.63492000217981e-07,
            "ndata": 7,
            "nfree": 4,
            "r2": 0.9416776964608162,
            "reduced_chisq": 1.4087300005449526e-07,
            "status": "completed",
            "success": true,
            "time_max": 300.0,
            "time_min": 0.0
          },
          "nt_id": 184,
          "params": {
            "fmod0": 0.0011950000000298183,
            "kdeg": 1.0215184203821885,
            "kobs": 0.0032633188383576193,
            "log_fmod0": -6.7296090935737105,
            "log_kdeg": 0.021290167792530568,
            "log_kobs": -5.725010552887574,
            "metadata": {
              "base": "U",
              "fmod_run_ids": [
                587,
                588,
                589,
                590,
                591,
                592,
                593
              ],
              "site": 51,
              "valtype": "modrate"
            }
          },
          "valtype": "modrate"
        },
        {
          "diagnostics": {
            "chisq": 1.5011854180380747e-06,
            "covariance": {
              "matrix": [
                [
                  0.02232714621710036,
                  -0.01280363629971394,
                  -0.05780696557107354
                ],
                [
                  -0.01280363629971394,
                  0.5947190721424983,
                  -0.022330003880662364
                ],
                [
                  -0.05780696557107354,
                  -0.022330003880662364,
                  0.1807258836095917
                ]
              ],
              "params": [
                "log_kappa",
                "log_kdeg",
                "log_fmod_0"
              ]
            },
            "ndata": 7,
            "nfree": 4,
            "r2": 0.9192737101036219,
            "reduced_chisq": 3.752963545095187e-07,
            "status": "completed",
            "success": true,
            "time_max": 300.0,
            "time_min": 0.0
          },
          "nt_id": 185,
          "params": {
            "fmod0": 0.0014409825808345455,
            "kdeg": 0.1296688520509408,
            "kobs": 0.004522242767972004,
            "log_fmod0": -6.542430050285875,
            "log_fmod0_err": 0.42511867003178266,
            "log_kdeg": -2.0427713703105286,
            "log_kdeg_err": 0.7711803110443746,
            "log_kobs": -5.398747220593935,
            "log_kobs_err": 0.14942270984392017,
            "metadata": {
              "base": "U",
              "fmod_run_ids": [
                587,
                588,
                589,
                590,
                591,
                592,
                593
              ],
              "site": 52,
              "valtype": "modrate"
            }
          },
          "valtype": "modrate"
        },
        {
          "diagnostics": {
            "chisq": 1.8010159581670964e-06,
            "covariance": {
              "matrix": [
                [
                  0.0005367957396107048,
                  8.3247985404725e-05,
                  -0.007977273207499249
                ],
                [
                  8.3247985404725e-05,
                  0.002946312874942268,
                  -0.010876507412590634
                ],
                [
                  -0.007977273207499249,
                  -0.010876507412590634,
                  0.1785684225559083
                ]
              ],
              "params": [
                "log_kappa",
                "log_kdeg",
                "log_fmod_0"
              ]
            },
            "ndata": 7,
            "nfree": 4,
            "r2": 0.9979386155027004,
            "reduced_chisq": 4.502539895417741e-07,
            "status": "completed",
            "success": true,
            "time_max": 300.0,
            "time_min": 0.0
          },
          "nt_id": 186,
          "params": {
            "fmod0": 0.0015064013096992173,
            "kdeg": 0.02338956426955576,
            "kobs": 0.032308957793187966,
            "log_fmod0": -6.498031711198437,
            "log_fmod0_err": 0.4225735705837604,
            "log_kdeg": -3.7554653274798024,
            "log_kdeg_err": 0.05427994910592923,
            "log_kobs": -3.4324107561442245,
            "log_kobs_err": 0.023168852790129785,
            "metadata": {
              "base": "C",
              "fmod_run_ids": [
                587,
                588,
                589,
                590,
                591,
                592,
                593
              ],
              "site": 53,
              "valtype": "modrate"
            }
          },
          "valtype": "modrate"
        },
        {
          "diagnostics": {
            "chisq": 3.128568396526951e-08,
            "covariance": {
              "matrix": [
                [
                  0.06367299340205972,
                  0.007239072784976429,
                  -0.034770346296830686
                ],
                [
                  0.007239072784976429,
                  0.3789392814683846,
                  -0.054287335577487515
                ],
                [
                  -0.034770346296830686,
                  -0.054287335577487515,
                  0.03072759189502871
                ]
              ],
              "params": [
                "log_kappa",
                "log_kdeg",
                "log_fmod_0"
              ]
            },
            "ndata": 7,
            "nfree": 4,
            "r2": 0.7974130005875153,
            "reduced_chisq": 7.821420991317377e-09,
            "status": "completed",
            "success": true,
            "time_max": 300.0,
            "time_min": 0.0
          },
          "nt_id": 187,
          "params": {
            "fmod0": 0.0004708408878553542,
            "kdeg": 0.02023524843032053,
            "kobs": 0.00037617310144370857,
            "log_fmod0": -7.660990338737985,
            "log_fmod0_err": 0.17529287462709003,
            "log_kdeg": -3.900329223471431,
            "log_kdeg_err": 0.6155804427273374,
            "log_kobs": -7.885461144334903,
            "log_kobs_err": 0.2523350815920365,
            "metadata": {
              "base": "G",
              "fmod_run_ids": [
                587,
                588,
                589,
                590,
                591,
                592,
                593
              ],
              "site": 54,
              "valtype": "modrate"
            }
          },
          "valtype": "modrate"
        },
        {
          "diagnostics": {
            "chisq": 6.125154334464674e-08,
            "covariance": {
              "matrix": [
                [
                  0.3036930256502988,
                  0.03708749645558157,
                  -0.10816251588314582
                ],
                [
                  0.03708749645558157,
                  1.8662129002326766,
                  -0.10165640959407235
                ],
                [
                  -0.10816251588314582,
                  -0.10165640959407235,
                  0.04998958760274067
                ]
              ],
              "params": [
                "log_kappa",
                "log_kdeg",
                "log_fmod_0"
              ]
            },
            "ndata": 7,
            "nfree": 4,
            "r2": 0.4521328860049486,
            "reduced_chisq": 1.5312885836161686e-08,
            "status": "completed",
            "success": true,
            "time_max": 300.0,
            "time_min": 0.0
          },
          "nt_id": 188,
          "params": {
            "fmod0": 0.000548734253008825,
            "kdeg": 0.04645979685211845,
            "kobs": 0.00024697966416538223,
            "log_fmod0": -7.507896290098115,
            "log_fmod0_err": 0.22358351370962187,
            "log_kdeg": -3.0691679241823984,
            "log_kdeg_err": 1.3660940305237692,
            "log_kobs": -8.306204556039948,
            "log_kobs_err": 0.5510835015224996,
            "metadata": {
              "base": "G",
              "fmod_run_ids": [
                587,
                588,
                589,
                590,
                591,
                592,
                593
              ],
              "site": 33,
              "valtype": "modrate"
            }
          },
          "valtype": "modrate"
        },
        {
          "diagnostics": {
            "chisq": 1.749652758136256e-08,
            "covariance": {
              "matrix": [
                [
                  0.017768433489239108,
                  0.0031026757822225437,
                  -0.01757427270451445
                ],
                [
                  0.0031026757822225437,
                  0.09969451884312289,
                  -0.024148302452981423
                ],
                [
                  -0.01757427270451445,
                  -0.024148302452981423,
                  0.02598005849279923
                ]
              ],
              "params": [
                "log_kappa",
                "log_kdeg",
                "log_fmod_0"
              ]
            },
            "ndata": 7,
            "nfree": 4,
            "r2": 0.9340096612490663,
            "reduced_chisq": 4.37413189534064e-09,
            "status": "completed",
            "success": true,
            "time_max": 300.0,
            "time_min": 0.0
          },
          "nt_id": 189,
          "params": {
            "fmod0": 0.00038960237334899,
            "kdeg": 0.024040534848382752,
            "kobs": 0.000535883564789607,
            "log_fmod0": -7.850383894456261,
            "log_fmod0_err": 0.16118330711584009,
            "log_kdeg": -3.728013921293786,
            "log_kdeg_err": 0.31574438845864367,
            "log_kobs": -7.531593650361434,
            "log_kobs_err": 0.13329828764556245,
            "metadata": {
              "base": "G",
              "fmod_run_ids": [
                587,
                588,
                589,
                590,
                591,
                592,
                593
              ],
              "site": 34,
              "valtype": "modrate"
            }
          },
          "valtype": "modrate"
        },
        {
          "diagnostics": {
            "chisq": 2.4513496487438176e-06,
            "covariance": {
              "matrix": [
                [
                  0.001699523296892417,
                  0.0002920423549099705,
                  -0.03656698032296856
                ],
                [
                  0.0002920423549099705,
                  0.009295566257962226,
                  -0.048245089105556506
                ],
                [
                  -0.03656698032296856,
                  -0.048245089105556506,
                  1.1593035655786623
                ]
              ],
              "params": [
                "log_kappa",
                "log_kdeg",
                "log_fmod_0"
              ]
            },
            "ndata": 7,
            "nfree": 4,
            "r2": 0.9934305374064752,
            "reduced_chisq": 6.128374121859544e-07,
            "status": "completed",
            "success": true,
            "time_max": 300.0,
            "time_min": 0.0
          },
          "nt_id": 190,
          "params": {
            "fmod0": 0.0006933625890381697,
            "kdeg": 0.024920218021260907,
            "kobs": 0.020982783183171438,
            "log_fmod0": -7.2739574790991055,
            "log_fmod0_err": 1.0767096013218524,
            "log_kdeg": -3.6920758362544097,
            "log_kdeg_err": 0.09641351698782814,
            "log_kobs": -3.8640530259386385,
            "log_kobs_err": 0.04122527497655312,
            "metadata": {
              "base": "A",
              "fmod_run_ids": [
                587,
                588,
                589,
                590,
                591,
                592,
                593
              ],
              "site": 35,
              "valtype": "modrate"
            }
          },
          "valtype": "modrate"
        },
        {
          "diagnostics": {
            "chisq": 1.890477022041156e-08,
            "covariance": {
              "matrix": [
                [
                  0.013682906631779693,
                  0.0023775035417879153,
                  -0.010243951942440311
                ],
                [
                  0.0023775035417879153,
                  0.07712943177352527,
                  -0.011151023865288741
                ],
                [
                  -0.010243951942440311,
                  -0.011151023865288741,
                  0.010355279736362997
                ]
              ],
              "params": [
                "log_kappa",
                "log_kdeg",
                "log_fmod_0"
              ]
            },
            "ndata": 7,
            "nfree": 4,
            "r2": 0.9484017179713692,
            "reduced_chisq": 4.72619255510289e-09,
            "status": "completed",
            "success": true,
