{
  "artifacts": {},
  "engine": "python_baseline",
  "engine_version": "0.1.0",
  "metadata": {
    "buffer_pH": 6.5,
    "done_by": [
      "EKC"
    ],
    "experiment_id": "ekc.01.0xx",
    "fmod_run_id": 537,
    "notes": "Baseline python engine demo using examples/nerd.sqlite",
    "rg_id": 17,
    "rg_label": "60_2",
    "rounds_requested": [
      "round1_free",
      "round2_global",
      "round3_constrained"
    ],
    "temperature_c": 60.0,
    "valtypes": [
      "modrate",
      "GAmodrate"
    ]
  },
  "rounds": [
    {
      "global_params": {},
      "notes": null,
      "per_nt": [
        {
          "diagnostics": {
            "reason": "Non-zero fmod values are required for a fit.",
            "status": "failed"
          },
          "nt_id": 390,
          "params": {},
          "valtype": "modrate"
        },
        {
          "diagnostics": {
            "reason": "Non-zero fmod values are required for a fit.",
            "status": "failed"
          },
          "nt_id": 391,
          "params": {},
          "valtype": "modrate"
        },
        {
          "diagnostics": {
            "reason": "Non-zero fmod values are required for a fit.",
            "status": "failed"
          },
          "nt_id": 392,
          "params": {},
          "valtype": "modrate"
        },
        {
          "diagnostics": {
            "reason": "Non-zero fmod values are required for a fit.",
            "status": "failed"
          },
          "nt_id": 393,
          "params": {},
          "valtype": "modrate"
        },
        {
          "diagnostics": {
            "chisq": 1.9819252289111984e-07,
            "covariance": {
              "matrix": [
                [
                  0.0984266833211754,
                  0.028013443287257408,
                  -0.08356272058352308
                ],
                [
                  0.028013443287257408,
                  0.5474686409051253,
                  -0.11230836824717942
                ],
                [
                  -0.08356272058352308,
                  -0.11230836824717942,
                  0.10110286349379169
                ]
              ],
              "params": [
                "log_kappa",
                "log_kdeg",
                "log_fmod_0"
              ]
            },
            "ndata": 7,
            "nfree": 4,
            "r2": 0.720642682946713,
            "reduced_chisq": 4.954813072277996e-08,
            "status": "completed",
            "success": true,
            "time_max": 540.0,
            "time_min": 0.0
          },
          "nt_id": 394,
          "params": {
            "fmod0": 0.0006728599458849766,
            "kdeg": 0.017622189852790484,
            "kobs": 0.0007675871017981999,
            "log_fmod0": -7.303973354159025,
            "log_fmod0_err": 0.3179667647629099,
            "log_kdeg": -4.038596383972295,
            "log_kdeg_err": 0.7399112385314371,
            "log_kobs": -7.172258597257211,
            "log_kobs_err": 0.31373027160472644,
            "metadata": {
              "base": "U",
              "fmod_run_ids": [
                531,
                532,
                533,
                534,
                535,
                536,
                537
              ],
              "site": 5,
              "valtype": "modrate"
            }
          },
          "valtype": "modrate"
        },
        {
          "diagnostics": {
            "chisq": 1.4616970275928263e-08,
            "covariance": {
              "matrix": [
                [
                  0.01878596362156876,
                  0.001142522709989986,
                  -0.01758414007502591
                ],
                [
                  0.001142522709989986,
                  0.13021748339160696,
                  -0.03389519391761999
                ],
                [
                  -0.01758414007502591,
                  -0.03389519391761999,
                  0.029880757593471297
                ]
              ],
              "params": [
                "log_kappa",
                "log_kdeg",
                "log_fmod_0"
              ]
            },
            "ndata": 7,
            "nfree": 4,
            "r2": 0.9301705954600129,
            "reduced_chisq": 3.654242568982066e-09,
            "status": "completed",
            "success": true,
            "time_max": 540.0,
            "time_min": 0.0
          },
          "nt_id": 395,
          "params": {
            "fmod0": 0.00031860127552708244,
            "kdeg": 0.011058666852736168,
            "kobs": 0.0004657534902010086,
            "log_fmod0": -8.05157015695873,
            "log_fmod0_err": 0.17286051484787177,
            "log_kdeg": -4.504540827880494,
            "log_kdeg_err": 0.36085659671344095,
            "log_kobs": -7.671854054788682,
            "log_kobs_err": 0.13706189704498023,
            "metadata": {
              "base": "G",
              "fmod_run_ids": [
                531,
                532,
                533,
                534,
                535,
                536,
                537
              ],
              "site": 6,
              "valtype": "modrate"
            }
          },
          "valtype": "modrate"
        },
        {
          "diagnostics": {
            "chisq": 1.3840445558530216e-06,
            "covariance": {
              "matrix": [
                [
                  0.00035200300059881205,
                  -0.00010947410191969683,
                  -0.012901963648793886
                ],
                [
                  -0.00010947410191969683,
                  0.002711516559002032,
                  -0.030949932220461343
                ],
                [
                  -0.012901963648793886,
                  -0.030949932220461343,
                  1.1379441773155192
                ]
              ],
              "params": [
                "log_kappa",
                "log_kdeg",
                "log_fmod_0"
              ]
            },
            "ndata": 7,
            "nfree": 4,
            "r2": 0.99866113847234,
            "reduced_chisq": 3.460111389632554e-07,
            "status": "completed",
            "success": true,
            "time_max": 540.0,
            "time_min": 0.0
          },
          "nt_id": 396,
          "params": {
            "fmod0": 0.00048686115035377245,
            "kdeg": 0.00877735795963184,
            "kobs": 0.0346373078898734,
            "log_fmod0": -7.62753158774381,
            "log_fmod0_err": 1.0667446635983324,
            "log_kdeg": -4.735579832378815,
            "log_kdeg_err": 0.05207222444837585,
            "log_kobs": -3.3628239151130503,
            "log_kobs_err": 0.018761743005350332,
            "metadata": {
              "base": "A",
              "fmod_run_ids": [
                531,
                532,
                533,
                534,
                535,
                536,
                537
              ],
              "site": 7,
              "valtype": "modrate"
            }
          },
          "valtype": "modrate"
        },
        {
          "diagnostics": {
            "chisq": 8.814607540507237e-07,
            "covariance": {
              "matrix": [
                [
                  0.0002050228923484359,
                  -4.380865956769141e-05,
                  -0.0041302066272568775
                ],
                [
                  -4.380865956769141e-05,
                  0.0015326231291325132,
                  -0.009327953034799852
                ],
                [
                  -0.0041302066272568775,
                  -0.009327953034799852,
                  0.18503056463323547
                ]
              ],
              "params": [
                "log_kappa",
                "log_kdeg",
                "log_fmod_0"
              ]
            },
            "ndata": 7,
            "nfree": 4,
            "r2": 0.9992159826382572,
            "reduced_chisq": 2.2036518851268093e-07,
            "status": "completed",
            "success": true,
            "time_max": 540.0,
            "time_min": 0.0
          },
          "nt_id": 397,
          "params": {
            "fmod0": 0.0009710014628396942,
            "kdeg": 0.009217778761686791,
            "kobs": 0.036103688622858836,
            "log_fmod0": -6.937182583145048,
            "log_fmod0_err": 0.4301517925491366,
            "log_kdeg": -4.68662118565672,
            "log_kdeg_err": 0.03914873087511923,
            "log_kobs": -3.3213602409445824,
            "log_kobs_err": 0.014318620476443809,
            "metadata": {
              "base": "A",
              "fmod_run_ids": [
                531,
                532,
                533,
                534,
                535,
                536,
                537
              ],
              "site": 8,
              "valtype": "modrate"
            }
          },
          "valtype": "modrate"
        },
        {
          "diagnostics": {
            "chisq": 6.1206342097184375e-06,
            "covariance": {
              "matrix": [
                [
                  0.0009415846092872408,
                  -0.00012802243535339406,
                  -0.019645067307802674
                ],
                [
                  -0.00012802243535339406,
                  0.006793687430635943,
                  -0.04190866185928466
                ],
                [
                  -0.019645067307802674,
                  -0.04190866185928466,
                  0.8551892888280905
                ]
              ],
              "params": [
                "log_kappa",
                "log_kdeg",
                "log_fmod_0"
              ]
            },
            "ndata": 7,
            "nfree": 4,
            "r2": 0.9964296464631968,
            "reduced_chisq": 1.5301585524296094e-06,
            "status": "completed",
            "success": true,
            "time_max": 540.0,
            "time_min": 0.0
          },
          "nt_id": 398,
          "params": {
            "fmod0": 0.001199027705153729,
            "kdeg": 0.009631730692407732,
            "kobs": 0.04467913985809764,
            "log_fmod0": -6.726244296319876,
            "log_fmod0_err": 0.9247644504564881,
            "log_kdeg": -4.642692350481828,
            "log_kdeg_err": 0.08242382805133443,
            "log_kobs": -3.1082485561280895,
            "log_kobs_err": 0.030685250679882686,
            "metadata": {
              "base": "C",
              "fmod_run_ids": [
                531,
                532,
                533,
                534,
                535,
                536,
                537
              ],
              "site": 9,
              "valtype": "modrate"
            }
          },
          "valtype": "modrate"
        },
        {
          "diagnostics": {
            "chisq": 2.0431690129021432e-07,
            "covariance": {
              "matrix": [
                [
                  1.7819868564357053,
                  0.26232244339322747,
                  -0.27607833930542097
                ],
                [
                  0.26232244339322747,
                  10.182459807021571,
                  -0.24963888624531086
                ],
                [
                  -0.27607833930542097,
                  -0.24963888624531086,
                  0.05505877847845152
                ]
              ],
              "params": [
                "log_kappa",
                "log_kdeg",
                "log_fmod_0"
              ]
            },
            "ndata": 7,
            "nfree": 4,
            "r2": 0.12345598028536664,
            "reduced_chisq": 5.107922532255358e-08,
            "status": "completed",
            "success": true,
            "time_max": 540.0,
            "time_min": 0.0
          },
          "nt_id": 399,
          "params": {
            "fmod0": 0.0009561787939365475,
            "kdeg": 0.031798370812457656,
            "kobs": 0.0001867850317594957,
            "log_fmod0": -6.952565639453304,
            "log_fmod0_err": 0.2346460706648452,
            "log_kdeg": -3.448340222821078,
            "log_kdeg_err": 3.190996679255804,
            "log_kobs": -8.585552165147247,
            "log_kobs_err": 1.3349108046741196,
            "metadata": {
              "base": "U",
              "fmod_run_ids": [
                531,
                532,
                533,
                534,
                535,
                536,
                537
              ],
              "site": 10,
              "valtype": "modrate"
            }
          },
          "valtype": "modrate"
        },
        {
          "diagnostics": {
            "chisq": 4.5680265548571417e-07,
            "covariance": {
              "matrix": [
                [
                  0.7941464254454483,
                  0.17315405277614437,
                  -0.3000157796402745
                ],
                [
                  0.17315405277614437,
                  4.299789325735737,
                  -0.3104266916916021
                ],
                [
                  -0.3000157796402745,
                  -0.3104266916916021,
                  0.1493664899521424
                ]
              ],
              "params": [
                "log_kappa",
                "log_kdeg",
                "log_fmod_0"
              ]
            },
            "ndata": 7,
            "nfree": 4,
            "r2": 0.2411303739741698,
            "reduced_chisq": 1.1420066387142854e-07,
            "status": "completed",
            "success": true,
            "time_max": 540.0,
            "time_min": 0.0
          },
          "nt_id": 400,
          "params": {
            "fmod0": 0.0008622801710298591,
            "kdeg": 0.026187030850406374,
            "kobs": 0.0004168138641534425,
            "log_fmod0": -7.055930315712979,
            "log_fmod0_err": 0.38647961130199665,
            "log_kdeg": -3.642490996480538,
            "log_kdeg_err": 2.0735933366346777,
            "log_kobs": -7.782870804754331,
            "log_kobs_err": 0.89114893561371,
            "metadata": {
              "base": "U",
              "fmod_run_ids": [
                531,
                532,
                533,
                534,
                535,
                536,
                537
              ],
              "site": 11,
              "valtype": "modrate"
            }
          },
          "valtype": "modrate"
        },
        {
          "diagnostics": {
            "chisq": 4.4783079802150505e-07,
            "covariance": {
              "matrix": [
                [
                  0.3254075812817107,
                  0.05651097864072265,
                  -0.1584360439563626
                ],
                [
                  0.05651097864072265,
                  1.813926311044023,
                  -0.15018837432747026
                ],
                [
                  -0.1584360439563626,
                  -0.15018837432747026,
                  0.1000381061184041
                ]
              ],
              "params": [
                "log_kappa",
                "log_kdeg",
                "log_fmod_0"
              ]
            },
            "ndata": 7,
            "nfree": 4,
            "r2": 0.43596674938131974,
            "reduced_chisq": 1.1195769950537626e-07,
            "status": "completed",
            "success": true,
            "time_max": 540.0,
            "time_min": 0.0
          },
          "nt_id": 401,
          "params": {
            "fmod0": 0.0010481756874644883,
            "kdeg": 0.029730703579339577,
            "kobs": 0.000646718895965113,
            "log_fmod0": -6.860704066423031,
            "log_fmod0_err": 0.31628801134156836,
            "log_kdeg": -3.5155749766167865,
            "log_kdeg_err": 1.3468208162350412,
            "log_kobs": -7.343598830880125,
            "log_kobs_err": 0.5704450729752258,
            "metadata": {
              "base": "U",
              "fmod_run_ids": [
                531,
                532,
                533,
                534,
                535,
                536,
                537
              ],
              "site": 12,
              "valtype": "modrate"
            }
          },
          "valtype": "modrate"
        },
        {
          "diagnostics": {
            "chisq": 1.8109335255200894e-07,
            "covariance": {
              "matrix": [
                [
                  0.0947307091524554,
                  0.02666291853252848,
                  -0.08663299507219764
                ],
                [
                  0.02666291853252848,
                  0.5157438054641954,
                  -0.10934854055032749
                ],
                [
                  -0.08663299507219764,
                  -0.10934854055032749,
                  0.11021010015334343
                ]
              ],
              "params": [
                "log_kappa",
                "log_kdeg",
                "log_fmod_0"
              ]
            },
            "ndata": 7,
            "nfree": 4,
            "r2": 0.7282682811262753,
            "reduced_chisq": 4.5273338138002234e-08,
            "status": "completed",
            "success": true,
            "time_max": 540.0,
            "time_min": 0.0
          },
          "nt_id": 402,
          "params": {
            "fmod0": 0.0006208373497695565,
            "kdeg": 0.019371841760797596,
            "kobs": 0.00075153061168205,
            "log_fmod0": -7.384441426972122,
            "log_fmod0_err": 0.3319790658360003,
            "log_kdeg": -3.9439347229239488,
            "log_kdeg_err": 0.7181530515594816,
            "log_kobs": -7.193398615493005,
            "log_kobs_err": 0.30778354269267777,
            "metadata": {
              "base": "U",
              "fmod_run_ids": [
                531,
                532,
                533,
                534,
                535,
                536,
                537
              ],
              "site": 13,
              "valtype": "modrate"
            }
          },
          "valtype": "modrate"
        },
        {
          "diagnostics": {
            "chisq": 2.7666857143643807e-08,
            "ndata": 7,
            "nfree": 4,
            "r2": -2.843369983906996e-11,
            "reduced_chisq": 6.916714285910952e-09,
            "status": "completed",
            "success": true,
            "time_max": 540.0,
            "time_min": 0.0
          },
          "nt_id": 403,
          "params": {
            "fmod0": 0.0015151428571416523,
            "kdeg": 1.1176135123504905e-11,
            "kobs": 6.545135346590613e-07,
            "log_fmod0": -6.492245549323307,
            "log_kdeg": -25.217240403540096,
            "log_kobs": -14.23937357242286,
            "metadata": {
              "base": "G",
              "fmod_run_ids": [
                531,
                532,
                533,
                534,
                535,
                536,
                537
              ],
              "site": 14,
              "valtype": "modrate"
            }
          },
          "valtype": "modrate"
        },
        {
          "diagnostics": {
            "chisq": 3.4375646219892847e-06,
            "covariance": {
              "matrix": [
                [
                  0.0008141196304900845,
                  -3.9838922475055626e-05,
                  -0.04293627142515938
                ],
                [
                  -3.9838922475055626e-05,
                  0.005725305058459168,
                  -0.0869839097214413
                ],
                [
                  -0.04293627142515938,
                  -0.0869839097214413,
                  4.426237756766069
                ]
              ],
              "params": [
                "log_kappa",
                "log_kdeg",
                "log_fmod_0"
              ]
            },
            "ndata": 7,
            "nfree": 4,
            "r2": 0.9968754020156948,
            "reduced_chisq": 8.593911554973212e-07,
            "status": "completed",
            "success": true,
            "time_max": 540.0,
            "time_min": 0.0
          },
          "nt_id": 404,
          "params": {
            "fmod0": 0.0003979500759988549,
            "kdeg": 0.01019025022307756,
            "kobs": 0.03560720361112154,
            "log_fmod0": -7.829183997736545,
            "log_fmod0_err": 2.103862580295127,
            "log_kdeg": -4.586323876300457,
            "log_kdeg_err": 0.0756657456082947,
            "log_kobs": -3.335207312966865,
            "log_kobs_err": 0.028532781681604134,
            "metadata": {
              "base": "A",
              "fmod_run_ids": [
                531,
                532,
                533,
                534,
                535,
                536,
                537
              ],
              "site": 15,
              "valtype": "modrate"
            }
          },
          "valtype": "modrate"
        },
        {
          "diagnostics": {
            "chisq": 1.0018650833345473e-06,
            "covariance": {
              "matrix": [
                [
                  0.0003244967124294777,
                  -1.5518230863327597e-05,
                  -0.009656616437587032
                ],
                [
                  -1.5518230863327597e-05,
                  0.0022939485427020266,
                  -0.019644207618602975
                ],
                [
                  -0.009656616437587032,
                  -0.019644207618602975,
                  0.5621842968252825
                ]
              ],
              "params": [
                "log_kappa",
                "log_kdeg",
                "log_fmod_0"
              ]
            },
            "ndata": 7,
            "nfree": 4,
            "r2": 0.9987451005151003,
            "reduced_chisq": 2.504662708336368e-07,
            "status": "completed",
            "success": true,
            "time_max": 540.0,
            "time_min": 0.0
          },
          "nt_id": 405,
          "params": {
            "fmod0": 0.0006025849036689607,
            "kdeg": 0.0101947884431081,
            "kobs": 0.030275671399642014,
            "log_fmod0": -7.414281983574975,
            "log_fmod0_err": 0.7497895016771591,
            "log_kdeg": -4.58587862621486,
            "log_kdeg_err": 0.04789518287575512,
            "log_kobs": -3.497410813087245,
            "log_kobs_err": 0.018013792283399898,
            "metadata": {
              "base": "A",
              "fmod_run_ids": [
                531,
                532,
                533,
                534,
                535,
                536,
                537
              ],
              "site": 16,
              "valtype": "modrate"
            }
          },
          "valtype": "modrate"
        },
        {
          "diagnostics": {
            "chisq": 1.386937705084908e-07,
            "covariance": {
              "matrix": [
                [
                  0.060218973627290465,
                  0.017142917542421768,
                  -0.06898381424849083
                ],
                [
                  0.017142917542421768,
                  0.3345024496806163,
                  -0.09241550093825476
                ],
                [
                  -0.06898381424849083,
                  -0.09241550093825476,
                  0.1124693791768774
                ]
              ],
              "params": [
                "log_kappa",
                "log_kdeg",
                "log_fmod_0"
              ]
            },
            "ndata": 7,
            "nfree": 4,
            "r2": 0.8082986778038174,
            "reduced_chisq": 3.46734426271227e-08,
            "status": "completed",
            "success": true,
            "time_max": 540.0,
            "time_min": 0.0
          },
          "nt_id": 406,
          "params": {
            "fmod0": 0.0005339106147037285,
            "kdeg": 0.017706230925950642,
            "kobs": 0.0008211581602419186,
            "log_fmod0": -7.535282121210312,
            "log_fmod0_err": 0.3353645466904297,
            "log_kdeg": -4.03383867163555,
            "log_kdeg_err": 0.578361867415735,
            "log_kobs": -7.1047948236523935,
            "log_kobs_err": 0.24539554524744425,
            "metadata": {
              "base": "U",
              "fmod_run_ids": [
                531,
                532,
                533,
                534,
                535,
                536,
                537
              ],
              "site": 17,
              "valtype": "modrate"
            }
          },
          "valtype": "modrate"
        },
        {
          "diagnostics": {
            "chisq": 2.327383886906736e-06,
            "covariance": {
              "matrix": [
                [
                  0.0006499022861556046,
                  -0.00011020291655998874,
                  -0.013063402969118898
                ],
                [
                  -0.00011020291655998874,
                  0.004803524146924969,
                  -0.028774541708487644
                ],
                [
                  -0.013063402969118898,
                  -0.028774541708487644,
                  0.5644439752251744
                ]
              ],
              "params": [
                "log_kappa",
                "log_kdeg",
                "log_fmod_0"
              ]
            },
            "ndata": 7,
            "nfree": 4,
            "r2": 0.9975049476988086,
            "reduced_chisq": 5.81845971726684e-07,
            "status": "completed",
            "success": true,
            "time_max": 540.0,
            "time_min": 0.0
          },
          "nt_id": 407,
          "params": {
            "fmod0": 0.000906449580079579,
            "kdeg": 0.00944553054496518,
            "kobs": 0.03278089561674351,
            "log_fmod0": -7.0059751497469325,
            "log_fmod0_err": 0.7512948656986645,
            "log_kdeg": -4.662213607561238,
            "log_kdeg_err": 0.06930746097589327,
            "log_kobs": -3.4179093839913866,
            "log_kobs_err": 0.025493181169787434,
            "metadata": {
              "base": "A",
              "fmod_run_ids": [
                531,
                532,
                533,
                534,
                535,
                536,
                537
              ],
              "site": 18,
              "valtype": "modrate"
            }
          },
          "valtype": "modrate"
        },
        {
          "diagnostics": {
            "chisq": 4.877422768965103e-08,
            "covariance": {
              "matrix": [
                [
                  0.034123296492617076,
                  -0.010396620520373028,
                  -0.02583522633927504
                ],
                [
                  -0.010396620520373028,
                  0.2709760657790297,
                  -0.0633696643116721
                ],
                [
                  -0.02583522633927504,
                  -0.0633696643116721,
                  0.04719939919258513
                ]
              ],
              "params": [
                "log_kappa",
                "log_kdeg",
                "log_fmod_0"
              ]
            },
            "ndata": 7,
            "nfree": 4,
            "r2": 0.8812004007681664,
            "reduced_chisq": 1.2193556922412757e-08,
            "status": "completed",
            "success": true,
            "time_max": 540.0,
            "time_min": 0.0
          },
          "nt_id": 408,
          "params": {
            "fmod0": 0.0004477625944772574,
            "kdeg": 0.008830113075386328,
            "kobs": 0.00063683923335273,
            "log_fmod0": -7.711247389049964,
            "log_fmod0_err": 0.2172542270994632,
            "log_kdeg": -4.729587458628746,
            "log_kdeg_err": 0.5205536147017228,
            "log_kobs": -7.358993315167466,
            "log_kobs_err": 0.1847249211465986,
            "metadata": {
              "base": "G",
              "fmod_run_ids": [
                531,
                532,
                533,
                534,
                535,
                536,
                537
              ],
              "site": 19,
              "valtype": "modrate"
            }
          },
          "valtype": "modrate"
        },
        {
          "diagnostics": {
            "chisq": 6.814779591852009e-07,
            "covariance": {
              "matrix": [
                [
                  0.34213607449906186,
                  0.09547356967780224,
                  -0.2362693674365298
                ],
                [
                  0.09547356967780224,
                  1.8550615990588821,
                  -0.2934419666866596
                ],
                [
                  -0.2362693674365298,
                  -0.2934419666866596,
                  0.2257051698075917
                ]
              ],
              "params": [
                "log_kappa",
                "log_kdeg",
                "log_fmod_0"
              ]
            },
            "ndata": 7,
            "nfree": 4,
            "r2": 0.4259649931052917,
            "reduced_chisq": 1.7036948979630024e-07,
            "status": "completed",
            "success": true,
            "time_max": 540.0,
            "time_min": 0.0
          },
          "nt_id": 409,
          "params": {
            "fmod0": 0.0008430635410312147,
            "kdeg": 0.019856642544539498,
            "kobs": 0.0007681074516336765,
            "log_fmod0": -7.078468227914215,
            "log_fmod0_err": 0.47508438177611323,
            "log_kdeg": -3.9192166908229034,
            "log_kdeg_err": 1.3620064607258227,
            "log_kobs": -7.171580923621881,
            "log_kobs_err": 0.5849239903603389,
            "metadata": {
              "base": "U",
              "fmod_run_ids": [
                531,
                532,
                533,
                534,
                535,
                536,
                537
              ],
              "site": 20,
              "valtype": "modrate"
            }
          },
          "valtype": "modrate"
        },
        {
          "diagnostics": {
            "chisq": 1.4931030424912215e-08,
            "covariance": {
              "matrix": [
                [
                  0.007692119245587529,
                  0.0014164095291032536,
                  -0.006656202721553225
                ],
                [
                  0.0014164095291032536,
                  0.04917892256211537,
                  -0.01138225892638868
                ],
                [
                  -0.006656202721553225,
                  -0.01138225892638868,
                  0.009433741907493609
                ]
              ],
              "params": [
                "log_kappa",
                "log_kdeg",
                "log_fmod_0"
              ]
            },
            "ndata": 7,
            "nfree": 4,
            "r2": 0.9703244036402168,
            "reduced_chisq": 3.732757606228054e-09,
            "status": "completed",
            "success": true,
            "time_max": 540.0,
            "time_min": 0.0
          },
          "nt_id": 410,
          "params": {
            "fmod0": 0.0005836628815637475,
            "kdeg": 0.012685032566965635,
            "kobs": 0.0007395841928061578,
            "log_fmod0": -7.446186999409683,
            "log_fmod0_err": 0.09712745187378082,
            "log_kdeg": -4.367332518573869,
            "log_kdeg_err": 0.22176321282420888,
            "log_kobs": -7.209422431305232,
            "log_kobs_err": 0.08770472761252684,
            "metadata": {
              "base": "G",
              "fmod_run_ids": [
                531,
                532,
                533,
                534,
                535,
                536,
                537
              ],
              "site": 21,
              "valtype": "modrate"
            }
          },
          "valtype": "modrate"
        },
        {
          "diagnostics": {
            "chisq": 3.399891582227772e-06,
            "covariance": {
              "matrix": [
                [
                  0.0006738500042293154,
                  -4.41766783095787e-05,
                  -0.012616262839090096
                ],
                [
                  -4.41766783095787e-05,
                  0.004755366749869153,
                  -0.02578063385246618
                ],
                [
                  -0.012616262839090096,
                  -0.02578063385246618,
                  0.46722714549958855
                ]
              ],
              "params": [
                "log_kappa",
                "log_kdeg",
                "log_fmod_0"
              ]
            },
            "ndata": 7,
            "nfree": 4,
            "r2": 0.9974224599954904,
            "reduced_chisq": 8.49972895556943e-07,
            "status": "completed",
            "success": true,
            "time_max": 540.0,
            "time_min": 0.0
          },
          "nt_id": 411,
          "params": {
            "fmod0": 0.001216479628382002,
            "kdeg": 0.01007555696340857,
            "kobs": 0.039073932359113876,
            "log_fmod0": -6.711794141970514,
            "log_fmod0_err": 0.6835401564645551,
            "log_kdeg": -4.597642890949471,
            "log_kdeg_err": 0.06895916726490506,
            "log_kobs": -3.2422997259112414,
            "log_kobs_err": 0.02595862100014782,
            "metadata": {
              "base": "A",
              "fmod_run_ids": [
                531,
                532,
                533,
                534,
                535,
                536,
                537
              ],
              "site": 22,
              "valtype": "modrate"
            }
          },
          "valtype": "modrate"
        },
        {
          "diagnostics": {
            "chisq": 5.937979932386656e-07,
            "covariance": {
              "matrix": [
                [
                  0.6273858113276939,
                  0.17751275407863837,
                  -0.19119528928002283
                ],
                [
                  0.17751275407863837,
                  3.4278735681535593,
                  -0.24422614807324924
                ],
                [
                  -0.19119528928002283,
                  -0.24422614807324924,
                  0.08139549532066243
                ]
              ],
              "params": [
                "log_kappa",
                "log_kdeg",
                "log_fmod_0"
              ]
            },
            "ndata": 7,
            "nfree": 4,
            "r2": 0.2880559005147578,
            "reduced_chisq": 1.484494983096664e-07,
            "status": "completed",
            "success": true,
            "time_max": 540.0,
            "time_min": 0.0
          },
          "nt_id": 412,
          "params": {
            "fmod0": 0.0013063293245226795,
            "kdeg": 0.01902974072269327,
            "kobs": 0.0005282148959271598,
            "log_fmod0": -6.640534117187642,
            "log_fmod0_err": 0.28529895779806563,
            "log_kdeg": -3.9617522224283106,
            "log_kdeg_err": 1.8514517461045426,
            "log_kobs": -7.546007357197945,
            "log_kobs_err": 0.7920768973576328,
            "metadata": {
              "base": "U",
              "fmod_run_ids": [
                531,
                532,
                533,
                534,
                535,
                536,
                537
              ],
              "site": 23,
              "valtype": "modrate"
            }
          },
          "valtype": "modrate"
        },
        {
          "diagnostics": {
            "chisq": 8.457076842566741e-07,
            "covariance": {
              "matrix": [
                [
                  0.4189736513331968,
                  0.11767083606672328,
                  -0.22857056384500876
                ],
                [
                  0.11767083606672328,
                  2.2783022775386415,
                  -0.28723163496468607
                ],
                [
                  -0.22857056384500876,
                  -0.28723163496468607,
                  0.17319243068524787
                ]
              ],
              "params": [
                "log_kappa",
                "log_kdeg",
                "log_fmod_0"
              ]
            },
            "ndata": 7,
            "nfree": 4,
            "r2": 0.3773078927475243,
            "reduced_chisq": 2.1142692106416853e-07,
            "status": "completed",
            "success": true,
            "time_max": 540.0,
            "time_min": 0.0
          },
          "nt_id": 413,
          "params": {
            "fmod0": 0.0010707939820599377,
            "kdeg": 0.0195017461070038,
            "kobs": 0.0007725158429104204,
            "log_fmod0": -6.839354866375018,
            "log_fmod0_err": 0.4161639468830137,
            "log_kdeg": -3.9372512734723433,
            "log_kdeg_err": 1.5094046102813656,
            "log_kobs": -7.165858040780769,
            "log_kobs_err": 0.6472817403057164,
            "metadata": {
              "base": "U",
              "fmod_run_ids": [
                531,
                532,
                533,
                534,
                535,
                536,
                537
              ],
              "site": 24,
              "valtype": "modrate"
            }
          },
          "valtype": "modrate"
        },
        {
          "diagnostics": {
            "chisq": 4.457596794480961e-06,
            "covariance": {
              "matrix": [
                [
                  0.0006855730364652958,
                  -5.563011692227916e-05,
                  -0.02023837940863382
                ],
                [
                  -5.563011692227916e-05,
                  0.004841325479345077,
                  -0.041599253687194825
                ],
                [
                  -0.02023837940863382,
                  -0.041599253687194825,
                  1.1941578700693933
                ]
              ],
              "params": [
                "log_kappa",
                "log_kdeg",
                "log_fmod_0"
              ]
            },
            "ndata": 7,
            "nfree": 4,
            "r2": 0.9973940899150975,
            "reduced_chisq": 1.1143991986202402e-06,
            "status": "completed",
            "success": true,
            "time_max": 540.0,
            "time_min": 0.0
          },
          "nt_id": 414,
          "params": {
            "fmod0": 0.0008703230240102969,
            "kdeg": 0.009972662961145348,
            "kobs": 0.04462903459975201,
            "log_fmod0": -7.046646123261591,
            "log_fmod0_err": 1.0927753063047285,
            "log_kdeg": -4.607907633265797,
            "log_kdeg_err": 0.06957963408458741,
            "log_kobs": -3.1093706317702554,
            "log_kobs_err": 0.026183449667018587,
            "metadata": {
              "base": "C",
              "fmod_run_ids": [
                531,
                532,
                533,
                534,
                535,
                536,
                537
              ],
              "site": 25,
              "valtype": "modrate"
            }
          },
          "valtype": "modrate"
        },
        {
