{
  "artifacts": {},
  "engine": "python_baseline",
  "engine_version": "0.1.0",
  "metadata": {
    "buffer_pH": 8.0,
    "done_by": [
      "EKC"
    ],
    "experiment_id": "ekc.01.0xx",
    "fmod_run_id": 43,
    "notes": "Baseline python engine demo using examples/nerd.sqlite",
    "rg_id": 130,
    "rg_label": "14",
    "rounds_requested": [
      "round1_free",
      "round2_global",
      "round3_constrained"
    ],
    "temperature_c": 23.0,
    "valtypes": [
      "modrate",
      "GAmodrate"
    ]
  },
  "rounds": [
    {
      "global_params": {},
      "notes": null,
      "per_nt": [
        {
          "diagnostics": {
            "reason": "Non-zero fmod values are required for a fit.",
            "status": "failed"
          },
          "nt_id": 796,
          "params": {},
          "valtype": "modrate"
        },
        {
          "diagnostics": {
            "chisq": 1.6936479672266269e-07,
            "covariance": {
              "matrix": [
                [
                  0.07717181703961956,
                  0.018104489866953295,
                  -0.15637132899780204
                ],
                [
                  0.018104489866953295,
                  0.49836622529328883,
                  -0.17695201189486767
                ],
                [
                  -0.15637132899780204,
                  -0.17695201189486767,
                  0.41865952611931745
                ]
              ],
              "params": [
                "log_kappa",
                "log_kdeg",
                "log_fmod_0"
              ]
            },
            "ndata": 7,
            "nfree": 4,
            "r2": 0.765800755911088,
            "reduced_chisq": 4.234119918066567e-08,
            "status": "completed",
            "success": true,
            "time_max": 34890.0,
            "time_min": 0.0
          },
          "nt_id": 797,
          "params": {
            "fmod0": 0.0003123556833923417,
            "kdeg": 0.00032101906195679166,
            "kobs": 0.0008040718227336764,
            "log_fmod0": -8.071368008600857,
            "log_fmod0_err": 0.6470390452819037,
            "log_kdeg": -8.044010053554397,
            "log_kdeg_err": 0.7059505827558249,
            "log_kobs": -7.125821961016848,
            "log_kobs_err": 0.27779815881250824,
            "metadata": {
              "base": "G",
              "fmod_run_ids": [
                37,
                38,
                39,
                40,
                41,
                42,
                43
              ],
              "site": 103,
              "valtype": "modrate"
            }
          },
          "valtype": "modrate"
        },
        {
          "diagnostics": {
            "chisq": 4.291882265414861e-06,
            "covariance": {
              "matrix": [
                [
                  0.002682770540548184,
                  0.0005851360515406434,
                  -0.06846321319948427
                ],
                [
                  0.0005851360515406434,
                  0.0167904762781727,
                  -0.08074411244738312
                ],
                [
                  -0.06846321319948427,
                  -0.08074411244738312,
                  2.361631002221709
                ]
              ],
              "params": [
                "log_kappa",
                "log_kdeg",
                "log_fmod_0"
              ]
            },
            "ndata": 7,
            "nfree": 4,
            "r2": 0.989702006461168,
            "reduced_chisq": 1.0729705663537153e-06,
            "status": "completed",
            "success": true,
            "time_max": 34890.0,
            "time_min": 0.0
          },
          "nt_id": 798,
          "params": {
            "fmod0": 0.000657458092426568,
            "kdeg": 0.00028603880700434753,
            "kobs": 0.022098953740670255,
            "log_fmod0": -7.327129533697961,
            "log_fmod0_err": 1.5367599038957611,
            "log_kdeg": -8.159383067522928,
            "log_kdeg_err": 0.12957807020546608,
            "log_kobs": -3.81222501363022,
            "log_kobs_err": 0.05179546833988649,
            "metadata": {
              "base": "A",
              "fmod_run_ids": [
                37,
                38,
                39,
                40,
                41,
                42,
                43
              ],
              "site": 104,
              "valtype": "modrate"
            }
          },
          "valtype": "modrate"
        },
        {
          "diagnostics": {
            "chisq": 1.5355572060372044e-06,
            "covariance": {
              "matrix": [
                [
                  0.0026378563045668206,
                  0.0005964853078847083,
                  -0.04527186958471009
                ],
                [
                  0.0005964853078847083,
                  0.016708785414179375,
                  -0.052573561513364786
                ],
                [
                  -0.04527186958471009,
                  -0.052573561513364786,
                  1.0404323123537822
                ]
              ],
              "params": [
                "log_kappa",
                "log_kdeg",
                "log_fmod_0"
              ]
            },
            "ndata": 7,
            "nfree": 4,
            "r2": 0.9897830958803651,
            "reduced_chisq": 3.838893015093011e-07,
            "status": "completed",
            "success": true,
            "time_max": 34890.0,
            "time_min": 0.0
          },
          "nt_id": 799,
          "params": {
            "fmod0": 0.0005942272241937822,
            "kdeg": 0.00029923972449193343,
            "kobs": 0.013231072731972366,
            "log_fmod0": -7.428248779435696,
            "log_fmod0_err": 1.0200158392661274,
            "log_kdeg": -8.114265551653137,
            "log_kdeg_err": 0.1292624671518356,
            "log_kobs": -4.3251872208488935,
            "log_kobs_err": 0.05136006527027415,
            "metadata": {
              "base": "A",
              "fmod_run_ids": [
                37,
                38,
                39,
                40,
                41,
                42,
                43
              ],
              "site": 105,
              "valtype": "modrate"
            }
          },
          "valtype": "modrate"
        },
        {
          "diagnostics": {
            "chisq": 5.839726890622251e-07,
            "covariance": {
              "matrix": [
                [
                  0.02464716008050463,
                  0.005538629977343457,
                  -0.048460006901633025
                ],
                [
                  0.005538629977343457,
                  0.15652610578926215,
                  -0.05877793320061832
                ],
                [
                  -0.048460006901633025,
                  -0.05877793320061832,
                  0.12959665108458931
                ]
              ],
              "params": [
                "log_kappa",
                "log_kdeg",
                "log_fmod_0"
              ]
            },
            "ndata": 7,
            "nfree": 4,
            "r2": 0.911126870424753,
            "reduced_chisq": 1.4599317226555628e-07,
            "status": "completed",
            "success": true,
            "time_max": 34890.0,
            "time_min": 0.0
          },
          "nt_id": 800,
          "params": {
            "fmod0": 0.0010328977122805191,
            "kdeg": 0.00027953534834579863,
            "kobs": 0.0026331249946294397,
            "log_fmod0": -6.875387113805026,
            "log_fmod0_err": 0.3599953486985482,
            "log_kdeg": -8.182381803434467,
            "log_kdeg_err": 0.3956338026373153,
            "log_kobs": -5.939583927270608,
            "log_kobs_err": 0.15699414027442116,
            "metadata": {
              "base": "U",
              "fmod_run_ids": [
                37,
                38,
                39,
                40,
                41,
                42,
                43
              ],
              "site": 106,
              "valtype": "modrate"
            }
          },
          "valtype": "modrate"
        },
        {
          "diagnostics": {
            "chisq": 2.8973829042024903e-07,
            "covariance": {
              "matrix": [
                [
                  0.08517935294387179,
                  0.01671781751634081,
                  -0.05653438116969991
                ],
                [
                  0.01671781751634081,
                  0.5394275754796786,
                  -0.073757095350216
                ],
                [
                  -0.05653438116969991,
                  -0.073757095350216,
                  0.05303823862405456
                ]
              ],
              "params": [
                "log_kappa",
                "log_kdeg",
                "log_fmod_0"
              ]
            },
            "ndata": 7,
            "nfree": 4,
            "r2": 0.7472023762825497,
            "reduced_chisq": 7.243457260506226e-08,
            "status": "completed",
            "success": true,
            "time_max": 34890.0,
            "time_min": 0.0
          },
          "nt_id": 801,
          "params": {
            "fmod0": 0.0011238177577396278,
            "kdeg": 0.00024259963631032748,
            "kobs": 0.0009902984338459784,
            "log_fmod0": -6.791023677898625,
            "log_fmod0_err": 0.23030032267466444,
            "log_kdeg": -8.324098060588476,
            "log_kdeg_err": 0.7344573340090482,
            "log_kobs": -6.917504211932786,
            "log_kobs_err": 0.29185502041916594,
            "metadata": {
              "base": "U",
              "fmod_run_ids": [
                37,
                38,
                39,
                40,
                41,
                42,
                43
              ],
              "site": 107,
              "valtype": "modrate"
            }
          },
          "valtype": "modrate"
        },
        {
          "diagnostics": {
            "chisq": 2.575781231616052e-08,
            "covariance": {
              "matrix": [
                [
                  0.04975439403117606,
                  -0.003563559128415442,
                  -0.11027979444008915
                ],
                [
                  -0.003563559128415442,
                  0.5234644018210597,
                  -0.06457315555796785
                ],
                [
                  -0.11027979444008915,
                  -0.06457315555796785,
                  0.29689650223924663
                ]
              ],
              "params": [
                "log_kappa",
                "log_kdeg",
                "log_fmod_0"
              ]
            },
            "ndata": 7,
            "nfree": 4,
            "r2": 0.8341275444034233,
            "reduced_chisq": 6.43945307904013e-09,
            "status": "completed",
            "success": true,
            "time_max": 34890.0,
            "time_min": 0.0
          },
          "nt_id": 802,
          "params": {
            "fmod0": 0.00014725007938770022,
            "kdeg": 0.0007534454794988166,
            "kobs": 0.00039519436585256073,
            "log_fmod0": -8.823378196297238,
            "log_fmod0_err": 0.5448820993932969,
            "log_kdeg": -7.190853898854234,
            "log_kdeg_err": 0.7235083978925605,
            "log_kobs": -7.836132848638135,
            "log_kobs_err": 0.22305693002275465,
            "metadata": {
              "base": "G",
              "fmod_run_ids": [
                37,
                38,
                39,
                40,
                41,
                42,
                43
              ],
              "site": 108,
              "valtype": "modrate"
            }
          },
          "valtype": "modrate"
        },
        {
          "diagnostics": {
            "chisq": 1.184492926705606e-06,
            "covariance": {
              "matrix": [
                [
                  0.002747539854432698,
                  0.0006262974789755302,
                  -0.025549776912618623
                ],
                [
                  0.0006262974789755302,
                  0.017730815455235034,
                  -0.027866283749986828
                ],
                [
                  -0.025549776912618623,
                  -0.027866283749986828,
                  0.31097707355619136
                ]
              ],
              "params": [
                "log_kappa",
                "log_kdeg",
                "log_fmod_0"
              ]
            },
            "ndata": 7,
            "nfree": 4,
            "r2": 0.9893417924126642,
            "reduced_chisq": 2.961232316764015e-07,
            "status": "completed",
            "success": true,
            "time_max": 34890.0,
            "time_min": 0.0
          },
          "nt_id": 803,
          "params": {
            "fmod0": 0.0009614400946254435,
            "kdeg": 0.0003376623123677805,
            "kobs": 0.011413713257650003,
            "log_fmod0": -6.947078298958122,
            "log_fmod0_err": 0.5576531839380022,
            "log_kdeg": -7.993464237725146,
            "log_kdeg_err": 0.13315710816638754,
            "log_kobs": -4.47293972916934,
            "log_kobs_err": 0.05241698059248261,
            "metadata": {
              "base": "C",
              "fmod_run_ids": [
                37,
                38,
                39,
                40,
                41,
                42,
                43
              ],
              "site": 109,
              "valtype": "modrate"
            }
          },
          "valtype": "modrate"
        },
        {
          "diagnostics": {
            "chisq": 3.476457301175055e-08,
            "covariance": {
              "matrix": [
                [
                  0.0177727874495342,
                  0.00010224016553137527,
                  -0.027887266348966128
                ],
                [
                  0.00010224016553137527,
                  0.11888453274606908,
                  -0.04475991632063663
                ],
                [
                  -0.027887266348966128,
                  -0.04475991632063663,
                  0.07250489605398079
                ]
              ],
              "params": [
                "log_kappa",
                "log_kdeg",
                "log_fmod_0"
              ]
            },
            "ndata": 7,
            "nfree": 4,
            "r2": 0.9336720312565404,
            "reduced_chisq": 8.691143252937638e-09,
            "status": "completed",
            "success": true,
            "time_max": 34890.0,
            "time_min": 0.0
          },
          "nt_id": 804,
          "params": {
            "fmod0": 0.0003214343063412634,
            "kdeg": 0.00017252120512318243,
            "kobs": 0.0007437631640734593,
            "log_fmod0": -8.04271737002969,
            "log_fmod0_err": 0.26926733194723196,
            "log_kdeg": -8.664990400797585,
            "log_kdeg_err": 0.344796364171766,
            "log_kobs": -7.203787901666503,
            "log_kobs_err": 0.1333146182889716,
            "metadata": {
              "base": "G",
              "fmod_run_ids": [
                37,
                38,
                39,
                40,
                41,
                42,
                43
              ],
              "site": 110,
              "valtype": "modrate"
            }
          },
          "valtype": "modrate"
        },
        {
          "diagnostics": {
            "chisq": 5.5338373661613986e-08,
            "covariance": {
              "matrix": [
                [
                  0.5046726569593638,
                  0.00027850251857939993,
                  -0.44177085222750767
                ],
                [
                  0.00027850251857939993,
                  4.6414941764758755,
                  -0.2869769683872661
                ],
                [
                  -0.44177085222750767,
                  -0.2869769683872661,
                  0.47187673068656
                ]
              ],
              "params": [
                "log_kappa",
                "log_kdeg",
                "log_fmod_0"
              ]
            },
            "ndata": 7,
            "nfree": 4,
            "r2": 0.3312906486500472,
            "reduced_chisq": 1.3834593415403497e-08,
            "status": "completed",
            "success": true,
            "time_max": 34890.0,
            "time_min": 0.0
          },
          "nt_id": 805,
          "params": {
            "fmod0": 0.00017115938746333704,
            "kdeg": 0.0006771436477961189,
            "kobs": 0.00018186117146183481,
            "log_fmod0": -8.672915345159284,
            "log_fmod0_err": 0.6869328429232074,
            "log_kdeg": -7.297627124699748,
            "log_kdeg_err": 2.154412721944399,
            "log_kobs": -8.612266956128721,
            "log_kobs_err": 0.7104031650825915,
            "metadata": {
              "base": "G",
              "fmod_run_ids": [
                37,
                38,
                39,
                40,
                41,
                42,
                43
              ],
              "site": 111,
              "valtype": "modrate"
            }
          },
          "valtype": "modrate"
        },
        {
          "diagnostics": {
            "chisq": 1.4729640784381178e-07,
            "covariance": {
              "matrix": [
                [
                  0.20679140915366173,
                  0.03919841742173034,
                  -0.33534680758043006
                ],
                [
                  0.03919841742173034,
                  1.3110039559176847,
                  -0.44296000883492403
                ],
                [
                  -0.33534680758043006,
                  -0.44296000883492403,
                  0.7743593287322169
                ]
              ],
              "params": [
                "log_kappa",
                "log_kdeg",
                "log_fmod_0"
              ]
            },
            "ndata": 7,
            "nfree": 4,
            "r2": 0.5488194214514084,
            "reduced_chisq": 3.6824101960952945e-08,
            "status": "completed",
            "success": true,
            "time_max": 34890.0,
            "time_min": 0.0
          },
          "nt_id": 806,
          "params": {
            "fmod0": 0.00020925742394833495,
            "kdeg": 0.00023703710583417235,
            "kobs": 0.00045250424944337264,
            "log_fmod0": -8.47194537037896,
            "log_fmod0_err": 0.8799768910217001,
            "log_kdeg": -8.347293864382967,
            "log_kdeg_err": 1.1449908104075266,
            "log_kobs": -7.700713403833311,
            "log_kobs_err": 0.454743234313235,
            "metadata": {
              "base": "G",
              "fmod_run_ids": [
                37,
                38,
                39,
                40,
                41,
                42,
                43
              ],
              "site": 112,
              "valtype": "modrate"
            }
          },
          "valtype": "modrate"
        },
        {
          "diagnostics": {
            "chisq": 4.608423955253e-06,
            "covariance": {
              "matrix": [
                [
                  0.01777347830005906,
                  0.004021543051503201,
                  -0.20329577776516575
                ],
                [
                  0.004021543051503201,
                  0.11268351219579285,
                  -0.2402812668804844
                ],
                [
                  -0.20329577776516575,
                  -0.2402812668804844,
                  3.1325190142558355
                ]
              ],
              "params": [
                "log_kappa",
                "log_kdeg",
                "log_fmod_0"
              ]
            },
            "ndata": 7,
            "nfree": 4,
            "r2": 0.9346876038560138,
            "reduced_chisq": 1.15210598881325e-06,
            "status": "completed",
            "success": true,
            "time_max": 34890.0,
            "time_min": 0.0
          },
          "nt_id": 807,
          "params": {
            "fmod0": 0.0005921484533497669,
            "kdeg": 0.00029124118665386047,
            "kobs": 0.008780589169447755,
            "log_fmod0": -7.4317531887232295,
            "log_fmod0_err": 1.7698923736362715,
            "log_kdeg": -8.14135881395815,
            "log_kdeg_err": 0.3356836489848632,
            "log_kobs": -4.735211770004708,
            "log_kobs_err": 0.1333172093169485,
            "metadata": {
              "base": "A",
              "fmod_run_ids": [
                37,
                38,
                39,
                40,
                41,
                42,
                43
              ],
              "site": 113,
              "valtype": "modrate"
            }
          },
          "valtype": "modrate"
        },
        {
          "diagnostics": {
            "chisq": 9.661288775558119e-06,
            "covariance": {
              "matrix": [
                [
                  0.0032300760148906062,
                  0.0006373033597966018,
                  -0.07170414737638063
                ],
                [
                  0.0006373033597966018,
                  0.01994765206226554,
                  -0.08877033088022676
                ],
                [
                  -0.07170414737638063,
                  -0.08877033088022676,
                  2.2099010682341325
                ]
              ],
              "params": [
                "log_kappa",
                "log_kdeg",
                "log_fmod_0"
              ]
            },
            "ndata": 7,
            "nfree": 4,
            "r2": 0.987716713888995,
            "reduced_chisq": 2.4153221938895298e-06,
            "status": "completed",
            "success": true,
            "time_max": 34890.0,
            "time_min": 0.0
          },
          "nt_id": 808,
          "params": {
            "fmod0": 0.0010116140139047407,
            "kdeg": 0.0002563632419636795,
            "kobs": 0.03034751745954417,
            "log_fmod0": -6.8962081900568855,
            "log_fmod0_err": 1.4865736000057759,
            "log_kdeg": -8.268915205271217,
            "log_kdeg_err": 0.14123615706420767,
            "log_kobs": -3.4950405618718063,
            "log_kobs_err": 0.0568337577051756,
            "metadata": {
              "base": "A",
              "fmod_run_ids": [
                37,
                38,
                39,
                40,
                41,
                42,
                43
              ],
              "site": 114,
              "valtype": "modrate"
            }
          },
          "valtype": "modrate"
        },
        {
          "diagnostics": {
            "chisq": 2.628282795874888e-06,
            "covariance": {
              "matrix": [
                [
                  0.0006935684860027383,
                  0.00014723253350493862,
                  -0.13772572720141363
                ],
                [
                  0.00014723253350493862,
                  0.004296155144498784,
                  -0.16061979256938955
                ],
                [
                  -0.13772572720141363,
                  -0.16061979256938955,
                  36.9358348947675
                ]
              ],
              "params": [
                "log_kappa",
                "log_kdeg",
                "log_fmod_0"
              ]
            },
            "ndata": 7,
            "nfree": 4,
            "r2": 0.9973514134948875,
            "reduced_chisq": 6.57070698968722e-07,
            "status": "completed",
            "success": true,
            "time_max": 34890.0,
            "time_min": 0.0
          },
          "nt_id": 809,
          "params": {
            "fmod0": 0.00013016698932009582,
            "kdeg": 0.00028638851180508404,
            "kobs": 0.0344527241173844,
            "log_fmod0": -8.946692398584172,
            "log_fmod0_err": 6.077485902473777,
            "log_kdeg": -8.158161236094724,
            "log_kdeg_err": 0.06554506193832442,
            "log_kobs": -3.3681672101237488,
            "log_kobs_err": 0.02633568844748013,
            "metadata": {
              "base": "A",
              "fmod_run_ids": [
                37,
                38,
                39,
                40,
                41,
                42,
                43
              ],
              "site": 115,
              "valtype": "modrate"
            }
          },
          "valtype": "modrate"
        },
        {
          "diagnostics": {
            "chisq": 6.862933333333334e-08,
            "ndata": 7,
            "nfree": 4,
            "r2": 0.38876462440316983,
            "reduced_chisq": 1.7157333333333335e-08,
            "status": "completed",
            "success": true,
            "time_max": 34890.0,
            "time_min": 0.0
          },
          "nt_id": 810,
          "params": {
            "fmod0": 0.0005350000001254155,
            "kdeg": 8565793670116.59,
            "kobs": 0.00022569213322170918,
            "log_fmod0": -7.533243810833846,
            "log_kdeg": 29.77879790775675,
            "log_kobs": -8.396338729769461,
            "metadata": {
              "base": "G",
              "fmod_run_ids": [
                37,
                38,
                39,
                40,
                41,
                42,
                43
              ],
              "site": 116,
              "valtype": "modrate"
            }
          },
          "valtype": "modrate"
        },
        {
          "diagnostics": {
            "chisq": 4.631533333333336e-08,
            "ndata": 7,
            "nfree": 4,
            "r2": 0.4270031753886756,
            "reduced_chisq": 1.157883333333334e-08,
            "status": "completed",
            "success": true,
            "time_max": 34890.0,
            "time_min": 0.0
          },
          "nt_id": 811,
          "params": {
            "fmod0": 0.00023900000001737064,
            "kdeg": 5.613109948932586e+46,
            "kobs": 0.0002006868031679965,
            "log_fmod0": -8.339047005960083,
            "log_kdeg": 107.64401920175952,
            "log_kobs": -8.513765058344816,
            "metadata": {
              "base": "G",
              "fmod_run_ids": [
                37,
                38,
                39,
                40,
                41,
                42,
                43
              ],
              "site": 117,
              "valtype": "modrate"
            }
          },
          "valtype": "modrate"
        },
        {
          "diagnostics": {
            "chisq": 1.361365660811282e-07,
            "covariance": {
              "matrix": [
                [
                  0.7473155081146411,
                  -0.1666068206631648,
                  -0.23924420515022418
                ],
                [
                  -0.1666068206631648,
                  5.368892649024329,
                  -0.4526648313416894
                ],
                [
                  -0.23924420515022418,
                  -0.4526648313416894,
                  0.15071652405262195
                ]
              ],
              "params": [
                "log_kappa",
                "log_kdeg",
                "log_fmod_0"
              ]
            },
            "ndata": 7,
            "nfree": 4,
            "r2": 0.25207438274221383,
            "reduced_chisq": 3.403414152028205e-08,
            "status": "completed",
            "success": true,
            "time_max": 34890.0,
            "time_min": 0.0
          },
          "nt_id": 812,
          "params": {
            "fmod0": 0.0004315574545237131,
            "kdeg": 0.00014286778329865052,
            "kobs": 0.0002282434265750045,
            "log_fmod0": -7.748109905612291,
            "log_fmod0_err": 0.38822226115026165,
            "log_kdeg": -8.853590947720624,
            "log_kdeg_err": 2.317087104323946,
            "log_kobs": -8.38509783813718,
            "log_kobs_err": 0.8644741222932246,
            "metadata": {
              "base": "G",
              "fmod_run_ids": [
                37,
                38,
                39,
                40,
                41,
                42,
                43
              ],
              "site": 118,
              "valtype": "modrate"
            }
          },
          "valtype": "modrate"
        },
        {
          "diagnostics": {
            "chisq": 1.5628552477985857e-08,
            "covariance": {
              "matrix": [
                [
                  0.02999209819712402,
                  0.006690092510369801,
                  -0.022394166232092925
                ],
                [
                  0.006690092510369801,
                  0.19973035718526977,
                  -0.02308551182840257
                ],
                [
                  -0.022394166232092925,
                  -0.02308551182840257,
                  0.02150455172482822
                ]
              ],
              "params": [
                "log_kappa",
                "log_kdeg",
                "log_fmod_0"
              ]
            },
            "ndata": 7,
            "nfree": 4,
            "r2": 0.8936293558579755,
            "reduced_chisq": 3.907138119496464e-09,
            "status": "completed",
            "success": true,
            "time_max": 34890.0,
            "time_min": 0.0
          },
          "nt_id": 813,
          "params": {
            "fmod0": 0.0004220944050507295,
            "kdeg": 0.0003783358440990745,
            "kobs": 0.00039370421494457964,
            "log_fmod0": -7.770281560296294,
            "log_fmod0_err": 0.14664430341758325,
            "log_kdeg": -7.879728280353683,
            "log_kdeg_err": 0.4469120239882451,
            "log_kobs": -7.839910654091247,
            "log_kobs_err": 0.17318226871456563,
            "metadata": {
              "base": "G",
              "fmod_run_ids": [
                37,
                38,
                39,
                40,
                41,
                42,
                43
              ],
              "site": 119,
              "valtype": "modrate"
            }
          },
          "valtype": "modrate"
        },
        {
          "diagnostics": {
            "chisq": 8.96415147779092e-08,
            "covariance": {
              "matrix": [
                [
                  9.254249292739626,
                  -12.905472734439565,
                  0.1401293896313785
                ],
                [
                  -12.905472734439565,
                  18.299830188805103,
                  -0.23028519071871356
                ],
                [
                  0.1401293896313785,
                  -0.23028519071871356,
                  0.00813573423700862
                ]
              ],
              "params": [
                "log_kappa",
                "log_kdeg",
                "log_fmod_0"
              ]
            },
            "ndata": 7,
            "nfree": 4,
            "r2": 0.6204204150664414,
            "reduced_chisq": 2.24103786944773e-08,
            "status": "completed",
            "success": true,
            "time_max": 34890.0,
            "time_min": 0.0
          },
          "nt_id": 814,
          "params": {
            "fmod0": 0.0012665992345961856,
            "kdeg": 1.96951597258057e-05,
            "kobs": 0.0008412259347519552,
            "log_fmod0": -6.671419738180101,
            "log_fmod0_err": 0.09019830506727175,
            "log_kdeg": -10.835137651607004,
            "log_kdeg_err": 4.2778300794684565,
            "log_kobs": -7.080650283950077,
            "log_kobs_err": 3.0420797643618136,
            "metadata": {
              "base": "U",
              "fmod_run_ids": [
                37,
                38,
                39,
                40,
                41,
                42,
                43
              ],
              "site": 120,
              "valtype": "modrate"
            }
          },
          "valtype": "modrate"
        },
        {
          "diagnostics": {
            "chisq": 8.309885917855452e-07,
            "covariance": {
              "matrix": [
                [
                  0.012294887917351408,
                  0.0026570665799385282,
                  -0.04437357217077791
                ],
                [
                  0.0026570665799385282,
                  0.07772984953220144,
                  -0.055101428182738665
                ],
                [
                  -0.04437357217077791,
                  -0.055101428182738665,
                  0.22051368330586316
                ]
              ],
              "params": [
                "log_kappa",
                "log_kdeg",
                "log_fmod_0"
              ]
            },
            "ndata": 7,
            "nfree": 4,
            "r2": 0.9536603058090666,
            "reduced_chisq": 2.077471479463863e-07,
            "status": "completed",
            "success": true,
            "time_max": 34890.0,
            "time_min": 0.0
          },
          "nt_id": 815,
          "params": {
            "fmod0": 0.0009409476038216204,
            "kdeg": 0.00026593184421560363,
            "kobs": 0.004446786593179016,
            "log_fmod0": -6.968623101308947,
            "log_fmod0_err": 0.4695888449546722,
            "log_kdeg": -8.232270506767115,
            "log_kdeg_err": 0.27880073445420017,
            "log_kobs": -5.415573557546164,
            "log_kobs_err": 0.11088231562044241,
            "metadata": {
              "base": "C",
              "fmod_run_ids": [
                37,
                38,
                39,
                40,
                41,
                42,
                43
              ],
              "site": 121,
              "valtype": "modrate"
            }
          },
          "valtype": "modrate"
        },
        {
          "diagnostics": {
            "chisq": 1.5504925987294354e-06,
            "covariance": {
              "matrix": [
                [
                  0.0009851669628253837,
                  0.00019725539412700427,
                  -0.025510529949794452
                ],
                [
                  0.00019725539412700427,
                  0.006128279065298199,
                  -0.031871928682020614
                ],
                [
                  -0.025510529949794452,
                  -0.031871928682020614,
                  0.9185964266699286
                ]
              ],
              "params": [
                "log_kappa",
                "log_kdeg",
                "log_fmod_0"
              ]
            },
            "ndata": 7,
            "nfree": 4,
            "r2": 0.9961881959099598,
            "reduced_chisq": 3.8762314968235885e-07,
            "status": "completed",
            "success": true,
            "time_max": 34890.0,
            "time_min": 0.0
          },
          "nt_id": 816,
          "params": {
            "fmod0": 0.0006280719714959587,
            "kdeg": 0.00025534832845133364,
            "kobs": 0.021815033662784363,
            "log_fmod0": -7.372855793769718,
            "log_fmod0_err": 0.9584343622126288,
            "log_kdeg": -8.272881951000002,
            "log_kdeg_err": 0.0782833255891585,
            "log_kobs": -3.8251559293051023,
            "log_kobs_err": 0.03138736947922498,
            "metadata": {
              "base": "A",
              "fmod_run_ids": [
                37,
                38,
                39,
                40,
                41,
                42,
                43
              ],
              "site": 122,
              "valtype": "modrate"
            }
          },
          "valtype": "modrate"
        },
        {
          "diagnostics": {
            "chisq": 1.9113429453281186e-06,
            "covariance": {
              "matrix": [
                [
                  0.005807286571479548,
                  0.0013228814060872909,
                  -0.1357925235912738
                ],
                [
                  0.0013228814060872909,
                  0.036889164298168145,
                  -0.15809902876609286
                ],
                [
                  -0.1357925235912738,
                  -0.15809902876609286,
                  4.252066838977091
                ]
              ],
              "params": [
                "log_kappa",
                "log_kdeg",
                "log_fmod_0"
              ]
            },
            "ndata": 7,
            "nfree": 4,
            "r2": 0.9777077094707747,
            "reduced_chisq": 4.778357363320296e-07,
            "status": "completed",
            "success": true,
            "time_max": 34890.0,
            "time_min": 0.0
          },
          "nt_id": 817,
          "params": {
            "fmod0": 0.00032790194098115754,
            "kdeg": 0.0002994081086431287,
            "kobs": 0.009914848046164491,
            "log_fmod0": -8.022795954701007,
            "log_fmod0_err": 2.0620540339615476,
            "log_kdeg": -8.113703003369102,
            "log_kdeg_err": 0.19206552084684056,
            "log_kobs": -4.613721842779406,
            "log_kobs_err": 0.07620555472850747,
            "metadata": {
              "base": "A",
              "fmod_run_ids": [
                37,
                38,
                39,
                40,
                41,
                42,
                43
              ],
              "site": 123,
              "valtype": "modrate"
            }
          },
          "valtype": "modrate"
        },
        {
          "diagnostics": {
            "chisq": 7.537856500694173e-07,
            "covariance": {
              "matrix": [
                [
                  0.0003525891186994107,
                  7.550036539293022e-05,
                  -0.0072732484192613595
                ],
                [
                  7.550036539293022e-05,
                  0.002196354592936355,
                  -0.008642245843239011
                ],
                [
                  -0.0072732484192613595,
                  -0.008642245843239011,
                  0.2037256141816692
                ]
              ],
              "params": [
                "log_kappa",
                "log_kdeg",
                "log_fmod_0"
              ]
            },
            "ndata": 7,
            "nfree": 4,
            "r2": 0.9986390928738529,
            "reduced_chisq": 1.8844641251735433e-07,
            "status": "completed",
            "success": true,
            "time_max": 34890.0,
            "time_min": 0.0
          },
          "nt_id": 818,
          "params": {
            "fmod0": 0.0009368691548152911,
            "kdeg": 0.0002802011979900579,
            "kobs": 0.025619645467453038,
            "log_fmod0": -6.972966928149913,
            "log_fmod0_err": 0.45135973921216016,
            "log_kdeg": -8.180002648588502,
            "log_kdeg_err": 0.04686528131715796,
            "log_kobs": -3.6643958207258835,
            "log_kobs_err": 0.01877735654184078,
            "metadata": {
              "base": "C",
              "fmod_run_ids": [
                37,
                38,
                39,
                40,
