{
  "artifacts": {},
  "engine": "python_baseline",
  "engine_version": "0.1.0",
  "metadata": {
    "buffer_pH": 6.5,
    "done_by": [
      "EKC"
    ],
    "experiment_id": "ekc.01.0xx",
    "fmod_run_id": 471,
    "notes": "Baseline python engine demo using examples/nerd.sqlite",
    "rg_id": 11,
    "rg_label": "45_2",
    "rounds_requested": [
      "round1_free",
      "round2_global",
      "round3_constrained"
    ],
    "temperature_c": 45.0,
    "valtypes": [
      "modrate",
      "GAmodrate"
    ]
  },
  "rounds": [
    {
      "global_params": {},
      "notes": null,
      "per_nt": [
        {
          "diagnostics": {
            "reason": "Non-zero fmod values are required for a fit.",
            "status": "failed"
          },
          "nt_id": 390,
          "params": {},
          "valtype": "modrate"
        },
        {
          "diagnostics": {
            "reason": "Non-zero fmod values are required for a fit.",
            "status": "failed"
          },
          "nt_id": 391,
          "params": {},
          "valtype": "modrate"
        },
        {
          "diagnostics": {
            "reason": "Non-zero fmod values are required for a fit.",
            "status": "failed"
          },
          "nt_id": 392,
          "params": {},
          "valtype": "modrate"
        },
        {
          "diagnostics": {
            "reason": "Non-zero fmod values are required for a fit.",
            "status": "failed"
          },
          "nt_id": 393,
          "params": {},
          "valtype": "modrate"
        },
        {
          "diagnostics": {
            "chisq": 6.157580388292e-08,
            "covariance": {
              "matrix": [
                [
                  0.014577164713600297,
                  -0.019295240654445687,
                  -0.0022741215099318837
                ],
                [
                  -0.019295240654445687,
                  0.135137057210764,
                  -0.003923388560773966
                ],
                [
                  -0.0022741215099318837,
                  -0.003923388560773966,
                  0.00162507147028983
                ]
              ],
              "params": [
                "log_kappa",
                "log_kdeg",
                "log_fmod_0"
              ]
            },
            "ndata": 12,
            "nfree": 9,
            "r2": 0.9038693672666472,
            "reduced_chisq": 6.84175598699111e-09,
            "status": "completed",
            "success": true,
            "time_max": 2700.0,
            "time_min": 0.0
          },
          "nt_id": 394,
          "params": {
            "fmod0": 0.0008279584569119984,
            "kdeg": 0.002173172905876123,
            "kobs": 0.00052562487767825,
            "log_fmod0": -7.096547577649308,
            "log_fmod0_err": 0.040312175211588745,
            "log_kdeg": -6.131567010750911,
            "log_kdeg_err": 0.36760992534310605,
            "log_kobs": -7.550922759953854,
            "log_kobs_err": 0.1207359296713298,
            "metadata": {
              "base": "U",
              "fmod_run_ids": [
                455,
                456,
                458,
                459,
                461,
                462,
                464,
                465,
                467,
                468,
                470,
                471
              ],
              "site": 5,
              "valtype": "modrate"
            }
          },
          "valtype": "modrate"
        },
        {
          "diagnostics": {
            "chisq": 7.931098320699854e-08,
            "covariance": {
              "matrix": [
                [
                  0.026050029260338576,
                  -0.03355578349182506,
                  -0.006340752217877963
                ],
                [
                  -0.03355578349182506,
                  0.2422526073986064,
                  -0.01049382114889444
                ],
                [
                  -0.006340752217877963,
                  -0.01049382114889444,
                  0.006735615230518366
                ]
              ],
              "params": [
                "log_kappa",
                "log_kdeg",
                "log_fmod_0"
              ]
            },
            "ndata": 12,
            "nfree": 9,
            "r2": 0.8385372307127006,
            "reduced_chisq": 8.812331467444282e-09,
            "status": "completed",
            "success": true,
            "time_max": 2700.0,
            "time_min": 0.0
          },
          "nt_id": 395,
          "params": {
            "fmod0": 0.0004618542997595974,
            "kdeg": 0.0022575859130159696,
            "kobs": 0.0004409573982491983,
            "log_fmod0": -7.680261085107354,
            "log_fmod0_err": 0.08207079401661938,
            "log_kdeg": -6.0934592166903085,
            "log_kdeg_err": 0.4921916368637387,
            "log_kobs": -7.726562289793288,
            "log_kobs_err": 0.1614002145610054,
            "metadata": {
              "base": "G",
              "fmod_run_ids": [
                455,
                456,
                458,
                459,
                461,
                462,
                464,
                465,
                467,
                468,
                470,
                471
              ],
              "site": 6,
              "valtype": "modrate"
            }
          },
          "valtype": "modrate"
        },
        {
          "diagnostics": {
            "chisq": 1.0215488150450118e-06,
            "covariance": {
              "matrix": [
                [
                  3.923470789771341e-05,
                  -4.553542885090294e-05,
                  -0.0012211526527874013
                ],
                [
                  -4.553542885090294e-05,
                  0.00036842973606724733,
                  -0.001581775623017954
                ],
                [
                  -0.0012211526527874013,
                  -0.001581775623017954,
                  0.13496357353073102
                ]
              ],
              "params": [
                "log_kappa",
                "log_kdeg",
                "log_fmod_0"
              ]
            },
            "ndata": 12,
            "nfree": 9,
            "r2": 0.9997089081851204,
            "reduced_chisq": 1.135054238938902e-07,
            "status": "completed",
            "success": true,
            "time_max": 2700.0,
            "time_min": 0.0
          },
          "nt_id": 396,
          "params": {
            "fmod0": 0.00037170280457493414,
            "kdeg": 0.0028299949668117758,
            "kobs": 0.04027788419864615,
            "log_fmod0": -7.8974159354247115,
            "log_fmod0_err": 0.3673738879271784,
            "log_kdeg": -5.867480345840312,
            "log_kdeg_err": 0.01919452359573551,
            "log_kobs": -3.211952739853834,
            "log_kobs_err": 0.006263761481547123,
            "metadata": {
              "base": "A",
              "fmod_run_ids": [
                455,
                456,
                458,
                459,
                461,
                462,
                464,
                465,
                467,
                468,
                470,
                471
              ],
              "site": 7,
              "valtype": "modrate"
            }
          },
          "valtype": "modrate"
        },
        {
          "diagnostics": {
            "chisq": 1.0531309609370058e-05,
            "covariance": {
              "matrix": [
                [
                  0.0004948254928919891,
                  -0.0005745031807938577,
                  -0.0015798083038805685
                ],
                [
                  -0.0005745031807938577,
                  0.004656826586477952,
                  -0.002056128022292005
                ],
                [
                  -0.0015798083038805685,
                  -0.002056128022292005,
                  0.01793494035396058
                ]
              ],
              "params": [
                "log_kappa",
                "log_kdeg",
                "log_fmod_0"
              ]
            },
            "ndata": 12,
            "nfree": 9,
            "r2": 0.9963264151456345,
            "reduced_chisq": 1.1701455121522287e-06,
            "status": "completed",
            "success": true,
            "time_max": 2700.0,
            "time_min": 0.0
          },
          "nt_id": 397,
          "params": {
            "fmod0": 0.0032737121927342706,
            "kdeg": 0.0028256527458474083,
            "kobs": 0.036281115765221805,
            "log_fmod0": -5.721830710820181,
            "log_fmod0_err": 0.13392139617686405,
            "log_kdeg": -5.869015880597135,
            "log_kdeg_err": 0.06824094508781331,
            "log_kobs": -3.3164578999296643,
            "log_kobs_err": 0.02224467335997517,
            "metadata": {
              "base": "A",
              "fmod_run_ids": [
                455,
                456,
                458,
                459,
                461,
                462,
                464,
                465,
                467,
                468,
                470,
                471
              ],
              "site": 8,
              "valtype": "modrate"
            }
          },
          "valtype": "modrate"
        },
        {
          "diagnostics": {
            "chisq": 3.0566223988362306e-06,
            "covariance": {
              "matrix": [
                [
                  0.0001272866257225838,
                  -0.0001469648736097566,
                  -0.0012960043100742817
                ],
                [
                  -0.0001469648736097566,
                  0.0012068797003366312,
                  -0.0016424078784027655
                ],
                [
                  -0.0012960043100742817,
                  -0.0016424078784027655,
                  0.04601713080347585
                ]
              ],
              "params": [
                "log_kappa",
                "log_kdeg",
                "log_fmod_0"
              ]
            },
            "ndata": 12,
            "nfree": 9,
            "r2": 0.9990514607305854,
            "reduced_chisq": 3.396247109818034e-07,
            "status": "completed",
            "success": true,
            "time_max": 2700.0,
            "time_min": 0.0
          },
          "nt_id": 398,
          "params": {
            "fmod0": 0.0011014980784652686,
            "kdeg": 0.002914911435806456,
            "kobs": 0.03841440239073252,
            "log_fmod0": -6.81108413619433,
            "log_fmod0_err": 0.21451603856932436,
            "log_kdeg": -5.8379158418688615,
            "log_kdeg_err": 0.034740174155243254,
            "log_kobs": -3.2593228274480635,
            "log_kobs_err": 0.011282137462492814,
            "metadata": {
              "base": "C",
              "fmod_run_ids": [
                455,
                456,
                458,
                459,
                461,
                462,
                464,
                465,
                467,
                468,
                470,
                471
              ],
              "site": 9,
              "valtype": "modrate"
            }
          },
          "valtype": "modrate"
        },
        {
          "diagnostics": {
            "chisq": 4.150299999999999e-08,
            "ndata": 12,
            "nfree": 9,
            "r2": 0.003529411764705559,
            "reduced_chisq": 4.611444444444443e-09,
            "status": "completed",
            "success": true,
            "time_max": 2700.0,
            "time_min": 0.0
          },
          "nt_id": 399,
          "params": {
            "fmod0": 0.0009794999999999997,
            "kdeg": 0.2689564198357205,
            "kobs": 7.000025100011952e-06,
            "log_fmod0": -6.928468320579679,
            "log_kdeg": -1.3132059205506676,
            "log_kobs": -11.869596823199396,
            "metadata": {
              "base": "U",
              "fmod_run_ids": [
                455,
                456,
                458,
                459,
                461,
                462,
                464,
                465,
                467,
                468,
                470,
                471
              ],
              "site": 10,
              "valtype": "modrate"
            }
          },
          "valtype": "modrate"
        },
        {
          "diagnostics": {
            "chisq": 3.179945404320901e-08,
            "covariance": {
              "matrix": [
                [
                  0.049625466694582676,
                  -0.06740914830842062,
                  -0.0023826319282893096
                ],
                [
                  -0.06740914830842062,
                  0.45901346322735503,
                  -0.004272894215248215
                ],
                [
                  -0.0023826319282893096,
                  -0.004272894215248215,
                  0.0005493288935658015
                ]
              ],
              "params": [
                "log_kappa",
                "log_kdeg",
                "log_fmod_0"
              ]
            },
            "ndata": 12,
            "nfree": 9,
            "r2": 0.7366510293501751,
            "reduced_chisq": 3.5332726714676676e-09,
            "status": "completed",
            "success": true,
            "time_max": 2700.0,
            "time_min": 0.0
          },
          "nt_id": 400,
          "params": {
            "fmod0": 0.0010227484617055856,
            "kdeg": 0.002101255399032239,
            "kobs": 0.0002070025562674832,
            "log_fmod0": -6.885261705232567,
            "log_fmod0_err": 0.02343776639455649,
            "log_kdeg": -6.165220303806445,
            "log_kdeg_err": 0.6775053233941081,
            "log_kobs": -8.482779415656879,
            "log_kobs_err": 0.22276774159330762,
            "metadata": {
              "base": "U",
              "fmod_run_ids": [
                455,
                456,
                458,
                459,
                461,
                462,
                464,
                465,
                467,
                468,
                470,
                471
              ],
              "site": 11,
              "valtype": "modrate"
            }
          },
          "valtype": "modrate"
        },
        {
          "diagnostics": {
            "chisq": 7.006085472478355e-08,
            "covariance": {
              "matrix": [
                [
                  1.1155322543147168,
                  -1.7452731541105833,
                  0.0064312679319164946
                ],
                [
                  -1.7452731541105833,
                  2.8351087774491543,
                  -0.01511776795013577
                ],
                [
                  0.0064312679319164946,
                  -0.01511776795013577,
                  0.000640660890977464
                ]
              ],
              "params": [
                "log_kappa",
                "log_kdeg",
                "log_fmod_0"
              ]
            },
            "ndata": 12,
            "nfree": 9,
            "r2": 0.7297683919475992,
            "reduced_chisq": 7.78453941386484e-09,
            "status": "completed",
            "success": true,
            "time_max": 2700.0,
            "time_min": 0.0
          },
          "nt_id": 401,
          "params": {
            "fmod0": 0.0013438524192660316,
            "kdeg": 0.00041190138743005716,
            "kobs": 0.0005407866189119525,
            "log_fmod0": -6.612214850004146,
            "log_fmod0_err": 0.025311279915829307,
            "log_kdeg": -7.794726588161665,
            "log_kdeg_err": 1.6837781259563727,
            "log_kobs": -7.522485776677819,
            "log_kobs_err": 1.0561876037497868,
            "metadata": {
              "base": "U",
              "fmod_run_ids": [
                455,
                456,
                458,
                459,
                461,
                462,
                464,
                465,
                467,
                468,
                470,
                471
              ],
              "site": 12,
              "valtype": "modrate"
            }
          },
          "valtype": "modrate"
        },
        {
          "diagnostics": {
            "chisq": 4.4621593663268104e-08,
            "covariance": {
              "matrix": [
                [
                  0.009479107522725395,
                  -0.014873552613615336,
                  -0.0014277836692984873
                ],
                [
                  -0.014873552613615336,
                  0.08619556528164575,
                  -0.003189001612206661
                ],
                [
                  -0.0014277836692984873,
                  -0.003189001612206661,
                  0.0014127998901479898
                ]
              ],
              "params": [
                "log_kappa",
                "log_kdeg",
                "log_fmod_0"
              ]
            },
            "ndata": 12,
            "nfree": 9,
            "r2": 0.9414573750413993,
            "reduced_chisq": 4.957954851474234e-09,
            "status": "completed",
            "success": true,
            "time_max": 2700.0,
            "time_min": 0.0
          },
          "nt_id": 402,
          "params": {
            "fmod0": 0.0007529152510718485,
            "kdeg": 0.001776014291231659,
            "kobs": 0.0006039850662309288,
            "log_fmod0": -7.191557884875784,
            "log_fmod0_err": 0.03758723041337297,
            "log_kdeg": -6.333383587579862,
            "log_kdeg_err": 0.2935908126655971,
            "log_kobs": -7.411961085118352,
            "log_kobs_err": 0.09736070831051608,
            "metadata": {
              "base": "U",
              "fmod_run_ids": [
                455,
                456,
                458,
                459,
                461,
                462,
                464,
                465,
                467,
                468,
                470,
                471
              ],
              "site": 13,
              "valtype": "modrate"
            }
          },
          "valtype": "modrate"
        },
        {
          "diagnostics": {
            "chisq": 3.669080470684822e-07,
            "covariance": {
              "matrix": [
                [
                  0.6860219397993816,
                  -1.1898128619657524,
                  -0.04640312020472378
                ],
                [
                  -1.1898128619657524,
                  6.085035275123105,
                  -0.12496622358204869
                ],
                [
                  -0.04640312020472378,
                  -0.12496622358204869,
                  0.028325764762970614
                ]
              ],
              "params": [
                "log_kappa",
                "log_kdeg",
                "log_fmod_0"
              ]
            },
            "ndata": 12,
            "nfree": 9,
            "r2": 0.19680381981900075,
            "reduced_chisq": 4.076756078538691e-08,
            "status": "completed",
            "success": true,
            "time_max": 2700.0,
            "time_min": 0.0
          },
          "nt_id": 403,
          "params": {
            "fmod0": 0.0004808780520403217,
            "kdeg": 0.0015802608390231693,
            "kobs": 0.00021837957322434973,
            "log_fmod0": -7.639896850064393,
            "log_fmod0_err": 0.16830259880040657,
            "log_kdeg": -6.450165357579436,
            "log_kdeg_err": 2.4667864267348127,
            "log_kobs": -8.42927584766019,
            "log_kobs_err": 0.8282644141814748,
            "metadata": {
              "base": "G",
              "fmod_run_ids": [
                455,
                456,
                458,
                459,
                461,
                462,
                464,
                465,
                467,
                468,
                470,
                471
              ],
              "site": 14,
              "valtype": "modrate"
            }
          },
          "valtype": "modrate"
        },
        {
          "diagnostics": {
            "chisq": 9.625528727980295e-08,
            "covariance": {
              "matrix": [
                [
                  4.2997443962220575e-06,
                  -5.017664517320128e-06,
                  -8.169156288943644e-05
                ],
                [
                  -5.017664517320128e-06,
                  4.020796406678106e-05,
                  -0.00010815569534440307
                ],
                [
                  -8.169156288943644e-05,
                  -0.00010815569534440307,
                  0.005599595233095635
                ]
              ],
              "params": [
                "log_kappa",
                "log_kdeg",
                "log_fmod_0"
              ]
            },
            "ndata": 12,
            "nfree": 9,
            "r2": 0.9999680847781882,
            "reduced_chisq": 1.0695031919978105e-08,
            "status": "completed",
            "success": true,
            "time_max": 2700.0,
            "time_min": 0.0
          },
          "nt_id": 404,
          "params": {
            "fmod0": 0.0005599630247210052,
            "kdeg": 0.002764061276656046,
            "kobs": 0.0374002929986458,
            "log_fmod0": -7.487639803698896,
            "log_fmod0_err": 0.07483044322396891,
            "log_kdeg": -5.891054203765274,
            "log_kdeg_err": 0.006340975009159164,
            "log_kobs": -3.2860767404039475,
            "log_kobs_err": 0.0020735825028732418,
            "metadata": {
              "base": "A",
              "fmod_run_ids": [
                455,
                456,
                458,
                459,
                461,
                462,
                464,
                465,
                467,
                468,
                470,
                471
              ],
              "site": 15,
              "valtype": "modrate"
            }
          },
          "valtype": "modrate"
        },
        {
          "diagnostics": {
            "chisq": 7.271820081021172e-07,
            "covariance": {
              "matrix": [
                [
                  4.780963434677863e-05,
                  -5.5233042322253935e-05,
                  -0.0007622810772501296
                ],
                [
                  -5.5233042322253935e-05,
                  0.0004551741523309066,
                  -0.0009757049850156897
                ],
                [
                  -0.0007622810772501296,
                  -0.0009757049850156897,
                  0.04250833729903283
                ]
              ],
              "params": [
                "log_kappa",
                "log_kdeg",
                "log_fmod_0"
              ]
            },
            "ndata": 12,
            "nfree": 9,
            "r2": 0.9996406069005246,
            "reduced_chisq": 8.079800090023524e-08,
            "status": "completed",
            "success": true,
            "time_max": 2700.0,
            "time_min": 0.0
          },
          "nt_id": 405,
          "params": {
            "fmod0": 0.0005589545534798167,
            "kdeg": 0.002904240146195943,
            "kobs": 0.030346730971883982,
            "log_fmod0": -7.489442387792497,
            "log_fmod0_err": 0.20617550120960743,
            "log_kdeg": -5.841583490467573,
            "log_kdeg_err": 0.021334810810759646,
            "log_kobs": -3.4950664782536895,
            "log_kobs_err": 0.006914451124042937,
            "metadata": {
              "base": "A",
              "fmod_run_ids": [
                455,
                456,
                458,
                459,
                461,
                462,
                464,
                465,
                467,
                468,
                470,
                471
              ],
              "site": 16,
              "valtype": "modrate"
            }
          },
          "valtype": "modrate"
        },
        {
          "diagnostics": {
            "chisq": 4.8102413608170773e-08,
            "covariance": {
              "matrix": [
                [
                  0.015325939103491382,
                  -0.017837437366455856,
                  -0.003107885725691986
                ],
                [
                  -0.017837437366455856,
                  0.14734756278344818,
                  -0.004201428400864345
                ],
                [
                  -0.003107885725691986,
                  -0.004201428400864345,
                  0.0022610413617363064
                ]
              ],
              "params": [
                "log_kappa",
                "log_kdeg",
                "log_fmod_0"
              ]
            },
            "ndata": 12,
            "nfree": 9,
            "r2": 0.8940853404552324,
            "reduced_chisq": 5.344712623130086e-09,
            "status": "completed",
            "success": true,
            "time_max": 2700.0,
            "time_min": 0.0
          },
          "nt_id": 406,
          "params": {
            "fmod0": 0.0006228802336033977,
            "kdeg": 0.002802637265544312,
            "kobs": 0.0004257849332789013,
            "log_fmod0": -7.381156299064635,
            "log_fmod0_err": 0.04755040863900442,
            "log_kdeg": -5.877194424540596,
            "log_kdeg_err": 0.3838587797399562,
            "log_kobs": -7.761576190633287,
            "log_kobs_err": 0.1237979769765701,
            "metadata": {
              "base": "U",
              "fmod_run_ids": [
                455,
                456,
                458,
                459,
                461,
                462,
                464,
                465,
                467,
                468,
                470,
                471
              ],
              "site": 17,
              "valtype": "modrate"
            }
          },
          "valtype": "modrate"
        },
        {
          "diagnostics": {
            "chisq": 1.0737142331273754e-07,
            "covariance": {
              "matrix": [
                [
                  5.450180884759015e-06,
                  -6.343050427152158e-06,
                  -8.431542752303796e-05
                ],
                [
                  -6.343050427152158e-06,
                  5.1192808947194496e-05,
                  -0.0001108386441093054
                ],
                [
                  -8.431542752303796e-05,
                  -0.0001108386441093054,
                  0.004671626322503787
                ]
              ],
              "params": [
                "log_kappa",
                "log_kdeg",
                "log_fmod_0"
              ]
            },
            "ndata": 12,
            "nfree": 9,
            "r2": 0.9999593836743913,
            "reduced_chisq": 1.1930158145859726e-08,
            "status": "completed",
            "success": true,
            "time_max": 2700.0,
            "time_min": 0.0
          },
          "nt_id": 407,
          "params": {
            "fmod0": 0.00064758151262882,
            "kdeg": 0.002795333750463271,
            "kobs": 0.03492688644730785,
            "log_fmod0": -7.342265884084002,
            "log_fmod0_err": 0.0683492964302032,
            "log_kdeg": -5.879803769678003,
            "log_kdeg_err": 0.0071549150202636575,
            "log_kobs": -3.3544983610585195,
            "log_kobs_err": 0.0023345622469231816,
            "metadata": {
              "base": "A",
              "fmod_run_ids": [
                455,
                456,
                458,
                459,
                461,
                462,
                464,
                465,
                467,
                468,
                470,
                471
              ],
              "site": 18,
              "valtype": "modrate"
            }
          },
          "valtype": "modrate"
        },
        {
          "diagnostics": {
            "chisq": 2.2406507548485414e-08,
            "covariance": {
              "matrix": [
                [
                  0.00834917969993703,
                  -0.00996827638091855,
                  -0.0015148318684054462
                ],
                [
                  -0.00996827638091855,
                  0.07897141095597489,
                  -0.0021904177840410487
                ],
                [
                  -0.0015148318684054462,
                  -0.0021904177840410487,
                  0.001045036567911996
                ]
              ],
              "params": [
                "log_kappa",
                "log_kdeg",
                "log_fmod_0"
              ]
            },
            "ndata": 12,
            "nfree": 9,
            "r2": 0.9400268394330736,
            "reduced_chisq": 2.4896119498317124e-09,
            "status": "completed",
            "success": true,
            "time_max": 2700.0,
            "time_min": 0.0
          },
          "nt_id": 408,
          "params": {
            "fmod0": 0.0006246016487124678,
            "kdeg": 0.0025914490683411713,
            "kobs": 0.0003998262265253544,
            "log_fmod0": -7.3783964734894685,
            "log_fmod0_err": 0.03232702534895526,
            "log_kdeg": -5.9555380738785315,
            "log_kdeg_err": 0.28101852422211404,
            "log_kobs": -7.82448053893656,
            "log_kobs_err": 0.09137384581999945,
            "metadata": {
              "base": "G",
              "fmod_run_ids": [
                455,
                456,
                458,
                459,
                461,
                462,
                464,
                465,
                467,
                468,
                470,
                471
              ],
              "site": 19,
              "valtype": "modrate"
            }
          },
          "valtype": "modrate"
        },
        {
          "diagnostics": {
            "chisq": 5.189728767861328e-08,
            "covariance": {
              "matrix": [
                [
                  0.014203240130705489,
                  -0.01792771761383261,
                  -0.0021236786708394365
                ],
                [
                  -0.01792771761383261,
                  0.1324562631576272,
                  -0.003402453398113558
                ],
                [
                  -0.0021236786708394365,
                  -0.003402453398113558,
                  0.0013371302467833856
                ]
              ],
              "params": [
                "log_kappa",
                "log_kdeg",
                "log_fmod_0"
              ]
            },
            "ndata": 12,
            "nfree": 9,
            "r2": 0.904199217564001,
            "reduced_chisq": 5.766365297623698e-09,
            "status": "completed",
            "success": true,
            "time_max": 2700.0,
            "time_min": 0.0
          },
          "nt_id": 409,
          "params": {
            "fmod0": 0.0008389554172795862,
            "kdeg": 0.002328703133511621,
            "kobs": 0.00047883818346289856,
            "log_fmod0": -7.083352990835533,
            "log_fmod0_err": 0.03656679158448804,
            "log_kdeg": -6.062443761420449,
            "log_kdeg_err": 0.3639454123321617,
            "log_kobs": -7.644147839208511,
            "log_kobs_err": 0.11917734738911372,
            "metadata": {
              "base": "U",
              "fmod_run_ids": [
                455,
                456,
                458,
                459,
                461,
                462,
                464,
                465,
                467,
                468,
                470,
                471
              ],
              "site": 20,
              "valtype": "modrate"
            }
          },
          "valtype": "modrate"
        },
        {
          "diagnostics": {
            "chisq": 5.123353343325406e-07,
            "covariance": {
              "matrix": [
                [
                  0.1680203281676994,
                  -0.3188497857582945,
                  -0.013168554407400173
                ],
                [
                  -0.3188497857582945,
                  1.4201975289853013,
                  -0.04524265094532749
                ],
                [
                  -0.013168554407400173,
                  -0.04524265094532749,
                  0.01481947299072062
                ]
              ],
              "params": [
                "log_kappa",
                "log_kdeg",
                "log_fmod_0"
              ]
            },
            "ndata": 12,
            "nfree": 9,
            "r2": 0.5354219005560039,
            "reduced_chisq": 5.6926148259171175e-08,
            "status": "completed",
            "success": true,
            "time_max": 2700.0,
            "time_min": 0.0
          },
          "nt_id": 410,
          "params": {
            "fmod0": 0.0007830723290904562,
            "kdeg": 0.001397235297156312,
            "kobs": 0.0005743828102080479,
            "log_fmod0": -7.152285491922402,
            "log_fmod0_err": 0.12173525779625483,
            "log_kdeg": -6.573259782570627,
            "log_kdeg_err": 1.1917204072202932,
            "log_kobs": -7.462214467196089,
            "log_kobs_err": 0.40990282771371483,
            "metadata": {
              "base": "G",
              "fmod_run_ids": [
                455,
                456,
                458,
                459,
                461,
                462,
                464,
                465,
                467,
                468,
                470,
                471
              ],
              "site": 21,
              "valtype": "modrate"
            }
          },
          "valtype": "modrate"
        },
        {
          "diagnostics": {
            "chisq": 6.020590111371993e-07,
            "covariance": {
              "matrix": [
                [
                  2.6908992633305268e-05,
                  -3.0961556662018724e-05,
                  -0.0003315702469519648
                ],
                [
                  -3.0961556662018724e-05,
                  0.00025782027866734877,
                  -0.0004112780618219376
                ],
                [
                  -0.0003315702469519648,
                  -0.0004112780618219376,
                  0.014009176675420065
                ]
              ],
              "params": [
                "log_kappa",
                "log_kdeg",
                "log_fmod_0"
              ]
            },
            "ndata": 12,
            "nfree": 9,
            "r2": 0.9997984637270984,
            "reduced_chisq": 6.689544568191104e-08,
            "status": "completed",
            "success": true,
            "time_max": 2700.0,
            "time_min": 0.0
          },
          "nt_id": 411,
          "params": {
            "fmod0": 0.0008863732900946666,
            "kdeg": 0.003002658910772309,
            "kobs": 0.036844312586160756,
            "log_fmod0": -7.028372375441208,
            "log_fmod0_err": 0.11836036784084471,
            "log_kdeg": -5.808257079258365,
            "log_kdeg_err": 0.01605678294887705,
            "log_kobs": -3.3010540118469534,
            "log_kobs_err": 0.0051873878429615486,
            "metadata": {
              "base": "A",
              "fmod_run_ids": [
                455,
                456,
                458,
                459,
                461,
                462,
                464,
                465,
                467,
                468,
                470,
                471
              ],
              "site": 22,
              "valtype": "modrate"
            }
          },
          "valtype": "modrate"
        },
        {
          "diagnostics": {
            "chisq": 9.297930078460011e-08,
            "covariance": {
              "matrix": [
                [
                  3072528394918.846,
                  -3072278564539.3267,
                  -1157.2629520535847
                ],
                [
                  -3072278564539.3267,
                  3072028754473.9556,
                  1157.1631098072212
                ],
                [
                  -1157.2629520535847,
                  1157.1631098072212,
                  0.0005477205941871002
                ]
              ],
              "params": [
                "log_kappa",
                "log_kdeg",
                "log_fmod_0"
              ]
            },
            "ndata": 12,
            "nfree": 9,
            "r2": 0.3705408407885552,
            "reduced_chisq": 1.0331033420511124e-08,
            "status": "completed",
            "success": true,
            "time_max": 2700.0,
            "time_min": 0.0
          },
          "nt_id": 412,
          "params": {
            "fmod0": 0.0015202365294886455,
            "kdeg": 5.622900015781836e-10,
            "kobs": 138.2872773487722,
            "log_fmod0": -6.488889344724479,
            "log_fmod0_err": 0.02340343124815462,
            "log_kdeg": -21.299003382082837,
            "log_kdeg_err": 1752720.386848386,
            "log_kobs": 4.929333241299331,
            "log_kobs_err": 1752862.9138979597,
            "metadata": {
              "base": "U",
              "fmod_run_ids": [
                455,
                456,
                458,
                459,
                461,
                462,
                464,
                465,
                467,
                468,
                470,
                471
              ],
              "site": 23,
              "valtype": "modrate"
            }
          },
          "valtype": "modrate"
        },
        {
          "diagnostics": {
            "chisq": 4.171895295835689e-08,
            "covariance": {
              "matrix": [
                [
                  0.02659450744263455,
                  -0.03864399636644101,
                  -0.00169420424483679
                ],
                [
                  -0.03864399636644101,
                  0.24438193800460067,
                  -0.00335646034127325
                ],
                [
                  -0.00169420424483679,
                  -0.00335646034127325,
                  0.0005920974057664648
                ]
              ],
              "params": [
                "log_kappa",
                "log_kdeg",
                "log_fmod_0"
              ]
            },
            "ndata": 12,
            "nfree": 9,
            "r2": 0.8443729139465181,
            "reduced_chisq": 4.6354392175952095e-09,
            "status": "completed",
            "success": true,
            "time_max": 2700.0,
            "time_min": 0.0
          },
          "nt_id": 413,
          "params": {
            "fmod0": 0.001126612950326817,
            "kdeg": 0.0019375353016789175,
            "kobs": 0.0003343368248025129,
            "log_fmod0": -6.788539536516633,
            "log_fmod0_err": 0.024333051715032885,
            "log_kdeg": -6.2463385766813815,
            "log_kdeg_err": 0.4943500156818048,
            "log_kobs": -8.003361615646673,
            "log_kobs_err": 0.16307822491870136,
            "metadata": {
              "base": "U",
              "fmod_run_ids": [
