{
  "artifacts": {},
  "engine": "python_baseline",
  "engine_version": "0.1.0",
  "metadata": {
    "buffer_pH": 6.4,
    "done_by": [
      "EKC"
    ],
    "experiment_id": "ekc.01.0xx",
    "fmod_run_id": 127,
    "notes": "Baseline python engine demo using examples/nerd.sqlite",
    "rg_id": 116,
    "rg_label": "25_2_12",
    "rounds_requested": [
      "round1_free",
      "round2_global",
      "round3_constrained"
    ],
    "temperature_c": 25.0,
    "valtypes": [
      "modrate",
      "GAmodrate"
    ]
  },
  "rounds": [
    {
      "global_params": {},
      "notes": null,
      "per_nt": [
        {
          "diagnostics": {
            "reason": "Non-zero fmod values are required for a fit.",
            "status": "failed"
          },
          "nt_id": 93,
          "params": {},
          "valtype": "modrate"
        },
        {
          "diagnostics": {
            "reason": "Non-zero fmod values are required for a fit.",
            "status": "failed"
          },
          "nt_id": 94,
          "params": {},
          "valtype": "modrate"
        },
        {
          "diagnostics": {
            "reason": "Non-zero fmod values are required for a fit.",
            "status": "failed"
          },
          "nt_id": 95,
          "params": {},
          "valtype": "modrate"
        },
        {
          "diagnostics": {
            "reason": "Non-zero fmod values are required for a fit.",
            "status": "failed"
          },
          "nt_id": 96,
          "params": {},
          "valtype": "modrate"
        },
        {
          "diagnostics": {
            "chisq": 0.003947224668202041,
            "covariance": {
              "matrix": [
                [
                  1.134963251455076e+20,
                  -1.1363870183579651e+20,
                  -6564692028.923127
                ],
                [
                  -1.1363870183579651e+20,
                  1.1378262839487388e+20,
                  6540988913.07903
                ],
                [
                  -6564692028.923127,
                  6540988913.07903,
                  1.8889085688501557
                ]
              ],
              "params": [
                "log_kappa",
                "log_kdeg",
                "log_fmod_0"
              ]
            },
            "ndata": 7,
            "nfree": 4,
            "r2": -1.716008002361491e-09,
            "reduced_chisq": 0.0009868061670505102,
            "status": "completed",
            "success": true,
            "time_max": 27000.0,
            "time_min": 0.0
          },
          "nt_id": 97,
          "params": {
            "fmod0": 0.013571714330423135,
            "kdeg": 1.3951183706377237e-13,
            "kobs": 0.07781355942622768,
            "log_fmod0": -4.299767480732667,
            "log_fmod0_err": 1.3743757014914646,
            "log_kdeg": -29.600626943745375,
            "log_kdeg_err": 10666894036.919739,
            "log_kobs": -2.553439577299616,
            "log_kobs_err": 10653465405.468195,
            "metadata": {
              "base": "G",
              "fmod_run_ids": [
                121,
                122,
                123,
                124,
                125,
                126,
                127
              ],
              "site": 18,
              "valtype": "modrate"
            }
          },
          "valtype": "modrate"
        },
        {
          "diagnostics": {
            "chisq": 0.003201233774343252,
            "covariance": {
              "matrix": [
                [
                  3.8595620520012e+20,
                  -3.846661677656056e+20,
                  -21054118106.342796
                ],
                [
                  -3.846661677656056e+20,
                  3.8338177192423955e+20,
                  20958002529.475704
                ],
                [
                  -21054118106.342796,
                  20958002529.475704,
                  2.159783070574648
                ]
              ],
              "params": [
                "log_kappa",
                "log_kdeg",
                "log_fmod_0"
              ]
            },
            "ndata": 7,
            "nfree": 4,
            "r2": -1.0889891211007807e-09,
            "reduced_chisq": 0.000800308443585813,
            "status": "completed",
            "success": true,
            "time_max": 27000.0,
            "time_min": 0.0
          },
          "nt_id": 98,
          "params": {
            "fmod0": 0.014930142963822512,
            "kdeg": 5.484607207264416e-13,
            "kobs": 0.014416514053472487,
            "log_fmod0": -4.204373091869214,
            "log_fmod0_err": 1.4696200429276431,
            "log_kdeg": -28.2316607299266,
            "log_kdeg_err": 19580137178.381554,
            "log_kobs": -4.239380920214691,
            "log_kobs_err": 19645768124.46182,
            "metadata": {
              "base": "C",
              "fmod_run_ids": [
                121,
                122,
                123,
                124,
                125,
                126,
                127
              ],
              "site": 19,
              "valtype": "modrate"
            }
          },
          "valtype": "modrate"
        },
        {
          "diagnostics": {
            "chisq": 8.17205293172812e-06,
            "covariance": {
              "matrix": [
                [
                  0.34882810581138335,
                  -0.7077751457908834,
                  0.029881673512941444
                ],
                [
                  -0.7077751457908834,
                  1.8913286988534517,
                  -0.2097374522233942
                ],
                [
                  0.029881673512941444,
                  -0.2097374522233942,
                  0.06987130214180015
                ]
              ],
              "params": [
                "log_kappa",
                "log_kdeg",
                "log_fmod_0"
              ]
            },
            "ndata": 7,
            "nfree": 4,
            "r2": 0.7495669172961666,
            "reduced_chisq": 2.04301323293203e-06,
            "status": "completed",
            "success": true,
            "time_max": 27000.0,
            "time_min": 0.0
          },
          "nt_id": 99,
          "params": {
            "fmod0": 0.0039744583397635985,
            "kdeg": 6.74733774658237e-05,
            "kobs": 0.006245646048535168,
            "log_fmod0": -5.527866806887134,
            "log_fmod0_err": 0.2643318031221369,
            "log_kdeg": -9.603777445798771,
            "log_kdeg_err": 1.3752558666857058,
            "log_kobs": -5.075870690229185,
            "log_kobs_err": 0.5906167165018134,
            "metadata": {
              "base": "A",
              "fmod_run_ids": [
                121,
                122,
                123,
                124,
                125,
                126,
                127
              ],
              "site": 20,
              "valtype": "modrate"
            }
          },
          "valtype": "modrate"
        },
        {
          "diagnostics": {
            "chisq": 0.001123357201046205,
            "covariance": {
              "matrix": [
                [
                  2.2676754815908404e+20,
                  -2.269397835117409e+20,
                  17851881675.280163
                ],
                [
                  -2.269397835117409e+20,
                  2.2711226765393402e+20,
                  -17873674745.148262
                ],
                [
                  17851881675.280163,
                  -17873674745.148262,
                  2.5718802764225797
                ]
              ],
              "params": [
                "log_kappa",
                "log_kdeg",
                "log_fmod_0"
              ]
            },
            "ndata": 7,
            "nfree": 4,
            "r2": -2.9660371936302e-09,
            "reduced_chisq": 0.00028083930026155126,
            "status": "completed",
            "success": true,
            "time_max": 27000.0,
            "time_min": 0.0
          },
          "nt_id": 100,
          "params": {
            "fmod0": 0.008233428688723262,
            "kdeg": 2.070751261653965e-12,
            "kobs": 0.008951245039771525,
            "log_fmod0": -4.799552742457075,
            "log_fmod0_err": 1.603708289067117,
            "log_kdeg": -26.90310964615858,
            "log_kdeg_err": 15070244445.725956,
            "log_kobs": -4.715962645781357,
            "log_kobs_err": 15058803012.161493,
            "metadata": {
              "base": "G",
              "fmod_run_ids": [
                121,
                122,
                123,
                124,
                125,
                126,
                127
              ],
              "site": 21,
              "valtype": "modrate"
            }
          },
          "valtype": "modrate"
        },
        {
          "diagnostics": {
            "chisq": 7.966851667434066e-05,
            "covariance": {
              "matrix": [
                [
                  0.06635030550956757,
                  -0.06846776302172032,
                  -0.03064181395348578
                ],
                [
                  -0.06846776302172032,
                  0.5201461321331797,
                  -0.1033570180390876
                ],
                [
                  -0.03064181395348578,
                  -0.1033570180390876,
                  0.0710739055434041
                ]
              ],
              "params": [
                "log_kappa",
                "log_kdeg",
                "log_fmod_0"
              ]
            },
            "ndata": 7,
            "nfree": 4,
            "r2": 0.8165070094750964,
            "reduced_chisq": 1.9917129168585166e-05,
            "status": "completed",
            "success": true,
            "time_max": 27000.0,
            "time_min": 0.0
          },
          "nt_id": 101,
          "params": {
            "fmod0": 0.01317478820596959,
            "kdeg": 0.00013196586986283487,
            "kobs": 0.02030504362959134,
            "log_fmod0": -4.329450260132151,
            "log_fmod0_err": 0.26659689710010526,
            "log_kdeg": -8.932967230455919,
            "log_kdeg_err": 0.7212115723788546,
            "log_kobs": -3.896885969134471,
            "log_kobs_err": 0.2575855304739914,
            "metadata": {
              "base": "A",
              "fmod_run_ids": [
                121,
                122,
                123,
                124,
                125,
                126,
                127
              ],
              "site": 22,
              "valtype": "modrate"
            }
          },
          "valtype": "modrate"
        },
        {
          "diagnostics": {
            "chisq": 0.00011658333542858998,
            "covariance": {
              "matrix": [
                [
                  1.0601416415510524e+19,
                  -1.5047921433746272e+19,
                  2.495373214800667e-07
                ],
                [
                  -1.5047921433746272e+19,
                  1.7087523447873028e+20,
                  -7990958971.681309
                ],
                [
                  2.495373214800667e-07,
                  -7990958971.681309,
                  0.7473923940117073
                ]
              ],
              "params": [
                "log_kappa",
                "log_kdeg",
                "log_fmod_0"
              ]
            },
            "ndata": 7,
            "nfree": 4,
            "r2": -1.5942802633617248e-13,
            "reduced_chisq": 2.9145833857147495e-05,
            "status": "completed",
            "success": true,
            "time_max": 27000.0,
            "time_min": 0.0
          },
          "nt_id": 102,
          "params": {
            "fmod0": 0.0036052857153714016,
            "kdeg": 6.543278564498668e-17,
            "kobs": 0.0025643909605092157,
            "log_fmod0": -5.625354256081627,
            "log_fmod0_err": 0.8645185908999917,
            "log_kdeg": -37.265508231486955,
            "log_kdeg_err": 13071925431.195293,
            "log_kobs": -5.9660342708498915,
            "log_kobs_err": 3255981636.2366858,
            "metadata": {
              "base": "U",
              "fmod_run_ids": [
                121,
                122,
                123,
                124,
                125,
                126,
                127
              ],
              "site": 23,
              "valtype": "modrate"
            }
          },
          "valtype": "modrate"
        },
        {
          "diagnostics": {
            "chisq": 0.00035760701102687843,
            "covariance": {
              "matrix": [
                [
                  0.11796725034558189,
                  -0.1917093868829913,
                  -0.022427059889217633
                ],
                [
                  -0.1917093868829913,
                  0.9068699445907866,
                  -0.15562582656340884
                ],
                [
                  -0.022427059889217633,
                  -0.15562582656340884,
                  0.08746618655688916
                ]
              ],
              "params": [
                "log_kappa",
                "log_kdeg",
                "log_fmod_0"
              ]
            },
            "ndata": 7,
            "nfree": 4,
            "r2": 0.7702491502407892,
            "reduced_chisq": 8.940175275671961e-05,
            "status": "completed",
            "success": true,
            "time_max": 27000.0,
            "time_min": 0.0
          },
          "nt_id": 103,
          "params": {
            "fmod0": 0.024524593878179863,
            "kdeg": 0.00010334692247313637,
            "kobs": 0.03924620879048145,
            "log_fmod0": -3.70807883317119,
            "log_fmod0_err": 0.29574682848153955,
            "log_kdeg": -9.17741904999504,
            "log_kdeg_err": 0.9522971934174681,
            "log_kobs": -3.2379004307442756,
            "log_kobs_err": 0.3434636084734188,
            "metadata": {
              "base": "C",
              "fmod_run_ids": [
                121,
                122,
                123,
                124,
                125,
                126,
                127
              ],
              "site": 24,
              "valtype": "modrate"
            }
          },
          "valtype": "modrate"
        },
        {
          "diagnostics": {
            "chisq": 3.761597371449069e-05,
            "covariance": {
              "matrix": [
                [
                  3.48206132696041e+18,
                  -3.4769158236432947e+18,
                  -114111395.992849
                ],
                [
                  -3.4769158236432947e+18,
                  3.4807438218799785e+18,
                  80403744.59364113
                ],
                [
                  -114111395.992849,
                  80403744.59364113,
                  0.2605148509169924
                ]
              ],
              "params": [
                "log_kappa",
                "log_kdeg",
                "log_fmod_0"
              ]
            },
            "ndata": 7,
            "nfree": 4,
            "r2": -5.448752560255343e-12,
            "reduced_chisq": 9.403993428622672e-06,
            "status": "completed",
            "success": true,
            "time_max": 27000.0,
            "time_min": 0.0
          },
          "nt_id": 104,
          "params": {
            "fmod0": 0.003198428621608432,
            "kdeg": 3.4119151853566642e-15,
            "kobs": 0.002142888346665026,
            "log_fmod0": -5.74509564553118,
            "log_fmod0_err": 0.5104065545396066,
            "log_kdeg": -33.31150262334031,
            "log_kdeg_err": 1865675165.1560297,
            "log_kobs": -6.14560066526425,
            "log_kobs_err": 1866028222.4447758,
            "metadata": {
              "base": "U",
              "fmod_run_ids": [
                121,
                122,
                123,
                124,
                125,
                126,
                127
              ],
              "site": 25,
              "valtype": "modrate"
            }
          },
          "valtype": "modrate"
        },
        {
          "diagnostics": {
            "chisq": 0.0015367985196616104,
            "covariance": {
              "matrix": [
                [
                  1.076041181043785e+20,
                  -1.0773287723830926e+20,
                  9351875385.011925
                ],
                [
                  -1.0773287723830926e+20,
                  1.0786219015556352e+20,
                  -9378784577.450623
                ],
                [
                  9351875385.011925,
                  -9378784577.450623,
                  2.0672734396383934
                ]
              ],
              "params": [
                "log_kappa",
                "log_kdeg",
                "log_fmod_0"
              ]
            },
            "ndata": 7,
            "nfree": 4,
            "r2": -1.8248766942008388e-09,
            "reduced_chisq": 0.0003841996299154026,
            "status": "completed",
            "success": true,
            "time_max": 27000.0,
            "time_min": 0.0
          },
          "nt_id": 105,
          "params": {
            "fmod0": 0.009286857243513875,
            "kdeg": 1.1085269321667439e-12,
            "kobs": 0.009894646234315031,
            "log_fmod0": -4.679155077953458,
            "log_fmod0_err": 1.437801599539517,
            "log_kdeg": -27.527989070103686,
            "log_kdeg_err": 10385672349.711573,
            "log_kobs": -4.615761452530845,
            "log_kobs_err": 10373240482.336197,
            "metadata": {
              "base": "G",
              "fmod_run_ids": [
                121,
                122,
                123,
                124,
                125,
                126,
                127
              ],
              "site": 26,
              "valtype": "modrate"
            }
          },
          "valtype": "modrate"
        },
        {
          "diagnostics": {
            "chisq": 1.4052315314178546e-05,
            "covariance": {
              "matrix": [
                [
                  8432362634519.167,
                  -8431670837989.403,
                  205907.7064377973
                ],
                [
                  -8431670837989.403,
                  8430979098216.64,
                  -205891.03457118408
                ],
                [
                  205907.7064377973,
                  -205891.03457118408,
                  0.06846615384933799
                ]
              ],
              "params": [
                "log_kappa",
                "log_kdeg",
                "log_fmod_0"
              ]
            },
            "ndata": 7,
            "nfree": 4,
            "r2": 0.13822461223036686,
            "reduced_chisq": 3.5130788285446364e-06,
            "status": "completed",
            "success": true,
            "time_max": 27000.0,
            "time_min": 0.0
          },
          "nt_id": 106,
          "params": {
            "fmod0": 0.003949811811963575,
            "kdeg": 6.639301277885558e-11,
            "kobs": 906.3607570270016,
            "log_fmod0": -5.534087343744916,
            "log_fmod0_err": 0.26166037882976856,
            "log_kdeg": -23.435429294217247,
            "log_kdeg_err": 2903614.8329653917,
            "log_kobs": 6.809437413351767,
            "log_kobs_err": 2903853.0669645057,
            "metadata": {
              "base": "A",
              "fmod_run_ids": [
                121,
                122,
                123,
                124,
                125,
                126,
                127
              ],
              "site": 27,
              "valtype": "modrate"
            }
          },
          "valtype": "modrate"
        },
        {
          "diagnostics": {
            "chisq": 0.00040441812288406623,
            "covariance": {
              "matrix": [
                [
                  4.027773234554773e+19,
                  -3.946206578587359e+19,
                  -2768722976.35829
                ],
                [
                  -3.946206578587359e+19,
                  3.870559171052574e+19,
                  2565391512.00989
                ],
                [
                  -2768722976.35829,
                  2565391512.00989,
                  1.2140479770763832
                ]
              ],
              "params": [
                "log_kappa",
                "log_kdeg",
                "log_fmod_0"
              ]
            },
            "ndata": 7,
            "nfree": 4,
            "r2": -6.657319140401796e-11,
            "reduced_chisq": 0.00010110453072101656,
            "status": "completed",
            "success": true,
            "time_max": 27000.0,
            "time_min": 0.0
          },
          "nt_id": 107,
          "params": {
            "fmod0": 0.005292857167814221,
            "kdeg": 3.521268179764615e-14,
            "kobs": 0.005232322185641792,
            "log_fmod0": -5.241397071580117,
            "log_fmod0_err": 1.1018384532572745,
            "log_kdeg": -30.97737009884907,
            "log_kdeg_err": 6221381816.809329,
            "log_kobs": -5.2529000868986975,
            "log_kobs_err": 6346474008.892475,
            "metadata": {
              "base": "G",
              "fmod_run_ids": [
                121,
                122,
                123,
                124,
                125,
                126,
                127
              ],
              "site": 28,
              "valtype": "modrate"
            }
          },
          "valtype": "modrate"
        },
        {
          "diagnostics": {
            "chisq": 0.00021324589094458404,
            "covariance": {
              "matrix": [
                [
                  1.755087869224186e+19,
                  -1.750375803483806e+19,
                  -1628535133.603274
                ],
                [
                  -1.750375803483806e+19,
                  1.7457513036647856e+19,
                  1608682153.1628194
                ],
                [
                  -1628535133.603274,
                  1608682153.1628194,
                  0.8004247492876897
                ]
              ],
              "params": [
                "log_kappa",
                "log_kdeg",
                "log_fmod_0"
              ]
            },
            "ndata": 7,
            "nfree": 4,
            "r2": -4.100488837366356e-10,
            "reduced_chisq": 5.331147273614601e-05,
            "status": "completed",
            "success": true,
            "time_max": 27000.0,
            "time_min": 0.0
          },
          "nt_id": 108,
          "params": {
            "fmod0": 0.004808143003776111,
            "kdeg": 1.97971049048198e-13,
            "kobs": 0.004541311693942441,
            "log_fmod0": -5.337444339309655,
            "log_fmod0_err": 0.8946646015617751,
            "log_kdeg": -29.25065559183518,
            "log_kdeg_err": 4178218883.2860174,
            "log_kobs": -5.394539389287463,
            "log_kobs_err": 4189376885.9153576,
            "metadata": {
              "base": "C",
              "fmod_run_ids": [
                121,
                122,
                123,
                124,
                125,
                126,
                127
              ],
              "site": 29,
              "valtype": "modrate"
            }
          },
          "valtype": "modrate"
        },
        {
          "diagnostics": {
            "chisq": 5.2041453442670014e-05,
            "covariance": {
              "matrix": [
                [
                  5.98852479550598e+18,
                  -6.204072563254818e+18,
                  1166302381.402301
                ],
                [
                  -6.204072563254818e+18,
                  6.437336584135679e+18,
                  -1250232146.4505997
                ],
                [
                  1166302381.402301,
                  -1250232146.4505997,
                  0.5865405048606485
                ]
              ],
              "params": [
                "log_kappa",
                "log_kdeg",
                "log_fmod_0"
              ]
            },
            "ndata": 7,
            "nfree": 4,
            "r2": -2.709104052200928e-10,
            "reduced_chisq": 1.3010363360667504e-05,
            "status": "completed",
            "success": true,
            "time_max": 27000.0,
            "time_min": 0.0
          },
          "nt_id": 109,
          "params": {
            "fmod0": 0.0031897142978545815,
            "kdeg": 9.683905603897146e-14,
            "kobs": 0.0022234155243200386,
            "log_fmod0": -5.747823927997353,
            "log_fmod0_err": 0.7658593244589038,
            "log_kdeg": -29.965726010523905,
            "log_kdeg_err": 2537190687.381553,
            "log_kobs": -6.108710740945707,
            "log_kobs_err": 2447146255.438359,
            "metadata": {
              "base": "U",
              "fmod_run_ids": [
                121,
                122,
                123,
                124,
                125,
                126,
                127
              ],
              "site": 30,
              "valtype": "modrate"
            }
          },
          "valtype": "modrate"
        },
        {
          "diagnostics": {
            "chisq": 2.7015932858336616e-05,
            "covariance": {
              "matrix": [
                [
                  1.6823436427113636e+18,
                  -1.6466292834263926e+18,
                  -144736323.61200488
                ],
                [
                  -1.6466292834263926e+18,
                  1.6137687070756524e+18,
                  125154101.95285599
                ],
                [
                  -144736323.61200488,
                  125154101.95285599,
                  0.276831694306881
                ]
              ],
              "params": [
                "log_kappa",
                "log_kdeg",
                "log_fmod_0"
              ]
            },
            "ndata": 7,
            "nfree": 4,
            "r2": -4.418687638008123e-11,
            "reduced_chisq": 6.753983214584154e-06,
            "status": "completed",
            "success": true,
            "time_max": 27000.0,
            "time_min": 0.0
          },
          "nt_id": 110,
          "params": {
            "fmod0": 0.0026801429216930755,
            "kdeg": 2.128730071381473e-14,
            "kobs": 0.0018538444744717363,
            "log_fmod0": -5.921885156891358,
            "log_fmod0_err": 0.5261479775755875,
            "log_kdeg": -31.48066571061856,
            "log_kdeg_err": 1270341964.6204138,
            "log_kobs": -6.29049370183409,
            "log_kobs_err": 1297051904.4014251,
            "metadata": {
              "base": "U",
              "fmod_run_ids": [
                121,
                122,
                123,
                124,
                125,
                126,
                127
              ],
              "site": 31,
              "valtype": "modrate"
            }
          },
          "valtype": "modrate"
        },
        {
          "diagnostics": {
            "chisq": 0.000279135109715894,
            "covariance": {
              "matrix": [
                [
                  3.567531725813172e+19,
                  -3.593603095382523e+19,
                  -1329935554.000876
                ],
                [
                  -3.593603095382523e+19,
                  3.6287432397566513e+19,
                  1152273655.3799696
                ],
                [
                  -1329935554.000876,
                  1152273655.3799696,
                  0.857766749645424
                ]
              ],
              "params": [
                "log_kappa",
                "log_kdeg",
                "log_fmod_0"
              ]
            },
            "ndata": 7,
            "nfree": 4,
            "r2": -5.761613408594712e-12,
            "reduced_chisq": 6.97837774289735e-05,
            "status": "completed",
            "success": true,
            "time_max": 27000.0,
            "time_min": 0.0
          },
          "nt_id": 111,
          "params": {
            "fmod0": 0.004914571460141985,
            "kdeg": 4.8485876060340284e-15,
            "kobs": 0.00585992254382921,
            "log_fmod0": -5.315550719389384,
            "log_fmod0_err": 0.9261569789433236,
            "log_kdeg": -32.960088947623404,
            "log_kdeg_err": 6023905078.731446,
            "log_kobs": -5.139618893257157,
            "log_kobs_err": 5972881821.878926,
            "metadata": {
              "base": "G",
              "fmod_run_ids": [
                121,
                122,
                123,
                124,
                125,
                126,
                127
              ],
              "site": 32,
              "valtype": "modrate"
            }
          },
          "valtype": "modrate"
        },
        {
          "diagnostics": {
            "chisq": 0.0004453385126271999,
            "covariance": {
              "matrix": [
                [
                  7.482936276001073e+19,
                  -7.462403085500437e+19,
                  -8965014170.292791
                ],
                [
                  -7.462403085500437e+19,
                  7.441959871733655e+19,
                  8927085779.641346
                ],
                [
                  -8965014170.292791,
                  8927085779.641346,
                  2.1463831065015055
                ]
              ],
              "params": [
                "log_kappa",
                "log_kdeg",
                "log_fmod_0"
              ]
            },
            "ndata": 7,
            "nfree": 4,
            "r2": -2.6914996897886567e-09,
            "reduced_chisq": 0.00011133462815679997,
            "status": "completed",
            "success": true,
            "time_max": 27000.0,
            "time_min": 0.0
          },
          "nt_id": 112,
          "params": {
            "fmod0": 0.005406285769558383,
            "kdeg": 1.153305205951324e-12,
            "kobs": 0.0056768822807725695,
            "log_fmod0": -5.220192970971474,
            "log_fmod0_err": 1.4650539602695545,
            "log_kdeg": -27.48838920372789,
            "log_kdeg_err": 8626679472.27301,
            "log_kobs": -5.171353091176844,
            "log_kobs_err": 8650396682.234331,
            "metadata": {
              "base": "G",
              "fmod_run_ids": [
                121,
                122,
                123,
                124,
                125,
                126,
                127
              ],
              "site": 33,
              "valtype": "modrate"
            }
          },
          "valtype": "modrate"
        },
        {
          "diagnostics": {
            "chisq": 0.0006083203388583807,
            "covariance": {
              "matrix": [
                [
                  8.095445185838427e+19,
                  -8.013788810252829e+19,
                  4560060901.442171
                ],
                [
                  -8.013788810252829e+19,
                  8.039740721915327e+19,
                  -5230724957.982909
                ],
                [
                  4560060901.442171,
                  -5230724957.982909,
                  1.2292064903513393
                ]
              ],
              "params": [
                "log_kappa",
                "log_kdeg",
                "log_fmod_0"
              ]
            },
            "ndata": 7,
            "nfree": 4,
            "r2": -2.034816759532987e-12,
            "reduced_chisq": 0.00015208008471459517,
            "status": "completed",
            "success": true,
            "time_max": 27000.0,
            "time_min": 0.0
          },
          "nt_id": 113,
          "params": {
            "fmod0": 0.006649142871766011,
            "kdeg": 1.200338496919624e-15,
            "kobs": 0.008586399365693099,
            "log_fmod0": -5.0132673240853505,
            "log_fmod0_err": 1.1086958511473466,
            "log_kdeg": -34.35617279712768,
            "log_kdeg_err": 8966460127.561672,
            "log_kobs": -4.757575796670402,
            "log_kobs_err": 8997469191.855246,
            "metadata": {
              "base": "G",
              "fmod_run_ids": [
                121,
                122,
                123,
                124,
                125,
                126,
                127
              ],
              "site": 34,
              "valtype": "modrate"
            }
          },
          "valtype": "modrate"
        },
        {
          "diagnostics": {
            "chisq": 9.719660958571101e-06,
            "covariance": {
              "matrix": [
                [
                  0.02996002331370989,
                  -0.01848384835581764,
                  -0.01825465218350095
                ],
                [
                  -0.01848384835581764,
                  0.22329052138695363,
                  -0.045569170361250556
                ],
                [
                  -0.01825465218350095,
                  -0.045569170361250556,
                  0.03383054183307465
                ]
              ],
              "params": [
                "log_kappa",
                "log_kdeg",
                "log_fmod_0"
              ]
            },
            "ndata": 7,
            "nfree": 4,
            "r2": 0.8988087965345294,
            "reduced_chisq": 2.4299152396427753e-06,
            "status": "completed",
            "success": true,
            "time_max": 27000.0,
            "time_min": 0.0
          },
          "nt_id": 114,
          "params": {
            "fmod0": 0.006818949475480653,
            "kdeg": 0.00015931318962730874,
            "kobs": 0.009773041259800457,
            "log_fmod0": -4.988049854844784,
            "log_fmod0_err": 0.18393080718866714,
            "log_kdeg": -8.744638547066442,
            "log_kdeg_err": 0.4725362646262757,
            "log_kobs": -4.628127575819098,
            "log_kobs_err": 0.17308963953313292,
            "metadata": {
              "base": "A",
              "fmod_run_ids": [
                121,
                122,
                123,
                124,
                125,
                126,
                127
              ],
              "site": 35,
              "valtype": "modrate"
            }
          },
          "valtype": "modrate"
        },
        {
          "diagnostics": {
            "chisq": 0.0011571797097186143,
            "covariance": {
              "matrix": [
                [
                  7.941334285223369e+19,
                  -8.237957473936397e+19,
                  2024245194.133255
                ],
                [
                  -8.237957473936397e+19,
                  8.570052560666852e+19,
                  -2433070682.1521406
                ],
                [
                  2024245194.133255,
                  -2433070682.1521406,
                  0.9769311766571054
                ]
              ],
              "params": [
                "log_kappa",
                "log_kdeg",
                "log_fmod_0"
              ]
            },
            "ndata": 7,
            "nfree": 4,
            "r2": -3.7405634145670774e-12,
            "reduced_chisq": 0.0002892949274296536,
            "status": "completed",
            "success": true,
            "time_max": 27000.0,
            "time_min": 0.0
          },
          "nt_id": 115,
          "params": {
            "fmod0": 0.00937542861105672,
            "kdeg": 2.7815060126520573e-15,
            "kobs": 0.011828215301387864,
            "log_fmod0": -4.669662989658005,
            "log_fmod0_err": 0.9883982884733792,
            "log_kdeg": -33.51578388272169,
            "log_kdeg_err": 9257457837.153162,
            "log_kobs": -4.4372674744700635,
            "log_kobs_err": 8911416433.554976,
            "metadata": {
              "base": "G",
              "fmod_run_ids": [
                121,
                122,
                123,
                124,
                125,
                126,
                127
              ],
              "site": 36,
              "valtype": "modrate"
            }
          },
          "valtype": "modrate"
        },
        {
          "diagnostics": {
            "chisq": 0.001076881741068963,
            "covariance": {
              "matrix": [
                [
                  2.638343561671938e+20,
                  -2.6387447287249047e+20,
                  -8392062323.469412
                ],
                [
                  -2.6387447287249047e+20,
                  2.6391523635962485e+20,
                  8374022355.914743
                ],
                [
                  -8392062323.469412,
                  8374022355.914743,
                  1.4492407994681853
                ]
              ],
              "params": [
                "log_kappa",
                "log_kdeg",
                "log_fmod_0"
              ]
            },
            "ndata": 7,
            "nfree": 4,
            "r2": -1.2579628450026803e-09,
            "reduced_chisq": 0.00026922043526724074,
            "status": "completed",
            "success": true,
            "time_max": 27000.0,
            "time_min": 0.0
          },
          "nt_id": 116,
          "params": {
            "fmod0": 0.00800642861467532,
            "kdeg": 9.115074330363979e-13,
            "kobs": 0.008757794072155673,
            "log_fmod0": -4.8275104831628886,
            "log_fmod0_err": 1.203844175742104,
            "log_kdeg": -27.723676646095214,
            "log_kdeg_err": 16245468179.145372,
            "log_kobs": -4.737811223992445,
            "log_kobs_err": 16242978672.866432,
            "metadata": {
              "base": "C",
              "fmod_run_ids": [
                121,
                122,
                123,
                124,
                125,
                126,
                127
              ],
              "site": 37,
              "valtype": "modrate"
            }
          },
          "valtype": "modrate"
        },
        {
          "diagnostics": {
            "chisq": 0.00032711328134421455,
            "covariance": {
              "matrix": [
                [
                  4.037013091461969e+19,
                  -4.041412007317646e+19,
                  -466424570.01406866
                ],
                [
                  -4.041412007317646e+19,
                  4.045885491851279e+19,
                  447998197.0227072
                ],
                [
                  -466424570.01406866,
                  447998197.0227072,
                  1.048301549755825
                ]
              ],
              "params": [
                "log_kappa",
                "log_kdeg",
                "log_fmod_0"
              ]
            },
            "ndata": 7,
            "nfree": 4,
            "r2": -1.4890000343825704e-09,
            "reduced_chisq": 8.177832033605364e-05,
            "status": "completed",
            "success": true,
            "time_max": 27000.0,
            "time_min": 0.0
          },
          "nt_id": 117,
          "params": {
