{
  "artifacts": {},
  "engine": "python_baseline",
  "engine_version": "0.1.0",
  "metadata": {
    "buffer_pH": 6.5,
    "done_by": [
      "EKC"
    ],
    "experiment_id": "ekc.01.0xx",
    "fmod_run_id": 847,
    "notes": "Baseline python engine demo using examples/nerd.sqlite",
    "rg_id": 29,
    "rg_label": "75_2_A8C",
    "rounds_requested": [
      "round1_free",
      "round2_global",
      "round3_constrained"
    ],
    "temperature_c": 75.0,
    "valtypes": [
      "modrate",
      "GAmodrate"
    ]
  },
  "rounds": [
    {
      "global_params": {},
      "notes": null,
      "per_nt": [
        {
          "diagnostics": {
            "reason": "Non-zero fmod values are required for a fit.",
            "status": "failed"
          },
          "nt_id": 470,
          "params": {},
          "valtype": "modrate"
        },
        {
          "diagnostics": {
            "reason": "Non-zero fmod values are required for a fit.",
            "status": "failed"
          },
          "nt_id": 471,
          "params": {},
          "valtype": "modrate"
        },
        {
          "diagnostics": {
            "reason": "Non-zero fmod values are required for a fit.",
            "status": "failed"
          },
          "nt_id": 472,
          "params": {},
          "valtype": "modrate"
        },
        {
          "diagnostics": {
            "reason": "Non-zero fmod values are required for a fit.",
            "status": "failed"
          },
          "nt_id": 473,
          "params": {},
          "valtype": "modrate"
        },
        {
          "diagnostics": {
            "chisq": 6.694297571641298e-08,
            "covariance": {
              "matrix": [
                [
                  0.025295300076129734,
                  0.004463898299479692,
                  -0.023861652834814187
                ],
                [
                  0.004463898299479692,
                  0.14313702848778245,
                  -0.028349837560126948
                ],
                [
                  -0.023861652834814187,
                  -0.028349837560126948,
                  0.03126373961715904
                ]
              ],
              "params": [
                "log_kappa",
                "log_kdeg",
                "log_fmod_0"
              ]
            },
            "ndata": 7,
            "nfree": 4,
            "r2": 0.9086461543891116,
            "reduced_chisq": 1.6735743929103246e-08,
            "status": "completed",
            "success": true,
            "time_max": 200.0,
            "time_min": 0.0
          },
          "nt_id": 474,
          "params": {
            "fmod0": 0.0007161588336660666,
            "kdeg": 0.04497210065368658,
            "kobs": 0.0008906981075566283,
            "log_fmod0": -7.2416085808761705,
            "log_fmod0_err": 0.1768155525318942,
            "log_kdeg": -3.1017129669559167,
            "log_kdeg_err": 0.3783345457234674,
            "log_kobs": -7.023505012198486,
            "log_kobs_err": 0.1590449624355633,
            "metadata": {
              "base": "U",
              "fmod_run_ids": [
                842,
                843,
                844,
                845,
                846,
                847,
                848
              ],
              "site": 5,
              "valtype": "modrate"
            }
          },
          "valtype": "modrate"
        },
        {
          "diagnostics": {
            "chisq": 1.338794132329119e-08,
            "covariance": {
              "matrix": [
                [
                  0.004897456953310282,
                  -0.0019888169800404806,
                  -0.008212266672195576
                ],
                [
                  -0.0019888169800404806,
                  0.035201353772411424,
                  -0.017997883088098545
                ],
                [
                  -0.008212266672195576,
                  -0.017997883088098545,
                  0.03266595602064655
                ]
              ],
              "params": [
                "log_kappa",
                "log_kdeg",
                "log_fmod_0"
              ]
            },
            "ndata": 7,
            "nfree": 4,
            "r2": 0.9812351599685719,
            "reduced_chisq": 3.3469853308227973e-09,
            "status": "completed",
            "success": true,
            "time_max": 200.0,
            "time_min": 0.0
          },
          "nt_id": 475,
          "params": {
            "fmod0": 0.00029055251636950116,
            "kdeg": 0.021874556045399177,
            "kobs": 0.0009125106320283223,
            "log_fmod0": -8.143726218769938,
            "log_fmod0_err": 0.18073725686931996,
            "log_kdeg": -3.822431142011873,
            "log_kdeg_err": 0.18762023817384793,
            "log_kobs": -6.999310821037619,
            "log_kobs_err": 0.06998183302336601,
            "metadata": {
              "base": "G",
              "fmod_run_ids": [
                842,
                843,
                844,
                845,
                846,
                847,
                848
              ],
              "site": 6,
              "valtype": "modrate"
            }
          },
          "valtype": "modrate"
        },
        {
          "diagnostics": {
            "chisq": 2.5013077915545204e-06,
            "covariance": {
              "matrix": [
                [
                  0.0008850610487989866,
                  4.1292760300293023e-05,
                  -0.021352856006309987
                ],
                [
                  4.1292760300293023e-05,
                  0.005314761048790039,
                  -0.032122193637448844
                ],
                [
                  -0.021352856006309987,
                  -0.032122193637448844,
                  0.8281641965678738
                ]
              ],
              "params": [
                "log_kappa",
                "log_kdeg",
                "log_fmod_0"
              ]
            },
            "ndata": 7,
            "nfree": 4,
            "r2": 0.9965819338826429,
            "reduced_chisq": 6.253269478886301e-07,
            "status": "completed",
            "success": true,
            "time_max": 200.0,
            "time_min": 0.0
          },
          "nt_id": 476,
          "params": {
            "fmod0": 0.0008268568139884215,
            "kdeg": 0.031599757114564794,
            "kobs": 0.02968539008646697,
            "log_fmod0": -7.0978790170017145,
            "log_fmod0_err": 0.910035272155906,
            "log_kdeg": -3.4546058446667596,
            "log_kdeg_err": 0.07290240770228401,
            "log_kobs": -3.517100270484563,
            "log_kobs_err": 0.029749975610057003,
            "metadata": {
              "base": "A",
              "fmod_run_ids": [
                842,
                843,
                844,
                845,
                846,
                847,
                848
              ],
              "site": 7,
              "valtype": "modrate"
            }
          },
          "valtype": "modrate"
        },
        {
          "diagnostics": {
            "chisq": 0.001087617217333327,
            "ndata": 7,
            "nfree": 4,
            "r2": 0.6609782427039832,
            "reduced_chisq": 0.00027190430433333176,
            "status": "completed",
            "success": true,
            "time_max": 200.0,
            "time_min": 0.0
          },
          "nt_id": 477,
          "params": {
            "fmod0": 0.016326000000002144,
            "kdeg": 2.3480634953838346,
            "kobs": 0.05101789371730553,
            "log_fmod0": -4.1149963499528415,
            "log_kdeg": 0.8535909439272293,
            "log_kobs": -2.975578850591737,
            "metadata": {
              "base": "C",
              "fmod_run_ids": [
                842,
                843,
                844,
                845,
                846,
                847,
                848
              ],
              "site": 8,
              "valtype": "modrate"
            }
          },
          "valtype": "modrate"
        },
        {
          "diagnostics": {
            "chisq": 1.666641580629375e-06,
            "covariance": {
              "matrix": [
                [
                  0.0007608421730195573,
                  1.3106955826994042e-05,
                  -0.01267110675315642
                ],
                [
                  1.3106955826994042e-05,
                  0.004653214283638494,
                  -0.019765278180422542
                ],
                [
                  -0.01267110675315642,
                  -0.019765278180422542,
                  0.348673023361328
                ]
              ],
              "params": [
                "log_kappa",
                "log_kdeg",
                "log_fmod_0"
              ]
            },
            "ndata": 7,
            "nfree": 4,
            "r2": 0.9970478935430852,
            "reduced_chisq": 4.1666039515734376e-07,
            "status": "completed",
            "success": true,
            "time_max": 200.0,
            "time_min": 0.0
          },
          "nt_id": 478,
          "params": {
            "fmod0": 0.0010352774016951516,
            "kdeg": 0.03030619276401175,
            "kobs": 0.026022142508374556,
            "log_fmod0": -6.873085867214507,
            "log_fmod0_err": 0.5904854133349341,
            "log_kdeg": -3.496403205699345,
            "log_kdeg_err": 0.06821447268460333,
            "log_kobs": -3.648807468458445,
            "log_kobs_err": 0.02758336768814782,
            "metadata": {
              "base": "C",
              "fmod_run_ids": [
                842,
                843,
                844,
                845,
                846,
                847,
                848
              ],
              "site": 9,
              "valtype": "modrate"
            }
          },
          "valtype": "modrate"
        },
        {
          "diagnostics": {
            "chisq": 1.3197907986836558e-08,
            "covariance": {
              "matrix": [
                [
                  0.021324536350415233,
                  0.003778941439476616,
                  -0.0105594485198634
                ],
                [
                  0.003778941439476616,
                  0.12009199916464708,
                  -0.01205539635108634
                ],
                [
                  -0.0105594485198634,
                  -0.01205539635108634,
                  0.007157891507123618
                ]
              ],
              "params": [
                "log_kappa",
                "log_kdeg",
                "log_fmod_0"
              ]
            },
            "ndata": 7,
            "nfree": 4,
            "r2": 0.9218371553116383,
            "reduced_chisq": 3.2994769967091394e-09,
            "status": "completed",
            "success": true,
            "time_max": 200.0,
            "time_min": 0.0
          },
          "nt_id": 479,
          "params": {
            "fmod0": 0.0006666232586684755,
            "kdeg": 0.04749425526053585,
            "kobs": 0.0004312803245416727,
            "log_fmod0": -7.313285501207466,
            "log_fmod0_err": 0.08460432321769153,
            "log_kdeg": -3.0471465171390566,
            "log_kdeg_err": 0.3465429254286503,
            "log_kobs": -7.748752274313092,
            "log_kobs_err": 0.14602923115053107,
            "metadata": {
              "base": "U",
              "fmod_run_ids": [
                842,
                843,
                844,
                845,
                846,
                847,
                848
              ],
              "site": 10,
              "valtype": "modrate"
            }
          },
          "valtype": "modrate"
        },
        {
          "diagnostics": {
            "chisq": 3.175750489268045e-09,
            "covariance": {
              "matrix": [
                [
                  0.002483201339283245,
                  0.0003150930906590848,
                  -0.0013937414999275683
                ],
                [
                  0.0003150930906590848,
                  0.014416453204759294,
                  -0.001285424998767461
                ],
                [
                  -0.0013937414999275683,
                  -0.001285424998767461,
                  0.0010148760393888956
                ]
              ],
              "params": [
                "log_kappa",
                "log_kdeg",
                "log_fmod_0"
              ]
            },
            "ndata": 7,
            "nfree": 4,
            "r2": 0.9901974365354633,
            "reduced_chisq": 7.939376223170113e-10,
            "status": "completed",
            "success": true,
            "time_max": 200.0,
            "time_min": 0.0
          },
          "nt_id": 480,
          "params": {
            "fmod0": 0.0008779640725955236,
            "kdeg": 0.06297142906287968,
            "kobs": 0.0006241283050486158,
            "log_fmod0": -7.0379048847614625,
            "log_fmod0_err": 0.03185711913197575,
            "log_kdeg": -2.765074162394395,
            "log_kdeg_err": 0.12006853544854827,
            "log_kobs": -7.3791545936660485,
            "log_kobs_err": 0.049831730245730434,
            "metadata": {
              "base": "U",
              "fmod_run_ids": [
                842,
                843,
                844,
                845,
                846,
                847,
                848
              ],
              "site": 11,
              "valtype": "modrate"
            }
          },
          "valtype": "modrate"
        },
        {
          "diagnostics": {
            "chisq": 5.5519433480398715e-09,
            "covariance": {
              "matrix": [
                [
                  0.0017646940905273515,
                  0.0002766294935065404,
                  -0.0014523999942492292
                ],
                [
                  0.0002766294935065404,
                  0.009980443025837853,
                  -0.0014629652032551147
                ],
                [
                  -0.0014523999942492292,
                  -0.0014629652032551147,
                  0.0015795620337108172
                ]
              ],
              "params": [
                "log_kappa",
                "log_kdeg",
                "log_fmod_0"
              ]
            },
            "ndata": 7,
            "nfree": 4,
            "r2": 0.9930274717552171,
            "reduced_chisq": 1.3879858370099679e-09,
            "status": "completed",
            "success": true,
            "time_max": 200.0,
            "time_min": 0.0
          },
          "nt_id": 481,
          "params": {
            "fmod0": 0.0009271917124704604,
            "kdeg": 0.056084241819125885,
            "kobs": 0.000977214928912201,
            "log_fmod0": -6.983350204211573,
            "log_fmod0_err": 0.03974370432799159,
            "log_kdeg": -2.8809004004014676,
            "log_kdeg_err": 0.09990216727297688,
            "log_kobs": -6.930803941464268,
            "log_kobs_err": 0.04200826216980835,
            "metadata": {
              "base": "U",
              "fmod_run_ids": [
                842,
                843,
                844,
                845,
                846,
                847,
                848
              ],
              "site": 12,
              "valtype": "modrate"
            }
          },
          "valtype": "modrate"
        },
        {
          "diagnostics": {
            "chisq": 1.4044799999999994e-07,
            "ndata": 7,
            "nfree": 4,
            "r2": 0.8263400261778718,
            "reduced_chisq": 3.5111999999999984e-08,
            "status": "completed",
            "success": true,
            "time_max": 200.0,
            "time_min": 0.0
          },
          "nt_id": 482,
          "params": {
            "fmod0": 0.00047500000003451845,
            "kdeg": 2.232279786180531,
            "kobs": 0.0008833900741410449,
            "log_fmod0": -7.6521957538569625,
            "log_kdeg": 0.8030233888945508,
            "log_kobs": -7.031743694838433,
            "metadata": {
              "base": "U",
              "fmod_run_ids": [
                842,
                843,
                844,
                845,
                846,
                847,
                848
              ],
              "site": 13,
              "valtype": "modrate"
            }
          },
          "valtype": "modrate"
        },
        {
          "diagnostics": {
            "chisq": 1.9421056850979992e-08,
            "covariance": {
              "matrix": [
                [
                  0.05651784795098315,
                  -0.1047131300656417,
                  -0.00630013371952706
                ],
                [
                  -0.1047131300656417,
                  0.4049131335034989,
                  -0.10355910013097548
                ],
                [
                  -0.00630013371952706,
                  -0.10355910013097548,
                  0.07975842800332862
                ]
              ],
              "params": [
                "log_kappa",
                "log_kdeg",
                "log_fmod_0"
              ]
            },
            "ndata": 7,
            "nfree": 4,
            "r2": 0.8946870779409091,
            "reduced_chisq": 4.855264212744998e-09,
            "status": "completed",
            "success": true,
            "time_max": 200.0,
            "time_min": 0.0
          },
          "nt_id": 483,
          "params": {
            "fmod0": 0.0002075725326916715,
            "kdeg": 0.011856923841566355,
            "kobs": 0.0004853575992554875,
            "log_fmod0": -8.4800297242331,
            "log_fmod0_err": 0.28241534661439455,
            "log_kdeg": -4.434843291604646,
            "log_kdeg_err": 0.6363278506426533,
            "log_kobs": -7.630624620659657,
            "log_kobs_err": 0.2377348269626963,
            "metadata": {
              "base": "G",
              "fmod_run_ids": [
                842,
                843,
                844,
                845,
                846,
                847,
                848
              ],
              "site": 14,
              "valtype": "modrate"
            }
          },
          "valtype": "modrate"
        },
        {
          "diagnostics": {
            "chisq": 1.5406895134213115e-06,
            "covariance": {
              "matrix": [
                [
                  0.0005042630366691708,
                  4.271071435187478e-05,
                  -0.015063750918948626
                ],
                [
                  4.271071435187478e-05,
                  0.0029619397194293896,
                  -0.02155523672740789
                ],
                [
                  -0.015063750918948626,
                  -0.02155523672740789,
                  0.6976350921798128
                ]
              ],
              "params": [
                "log_kappa",
                "log_kdeg",
                "log_fmod_0"
              ]
            },
            "ndata": 7,
            "nfree": 4,
            "r2": 0.9980540242618317,
            "reduced_chisq": 3.851723783553279e-07,
            "status": "completed",
            "success": true,
            "time_max": 200.0,
            "time_min": 0.0
          },
          "nt_id": 484,
          "params": {
            "fmod0": 0.0007116987733407675,
            "kdeg": 0.03368201548543711,
            "kobs": 0.03094529730869361,
            "log_fmod0": -7.247855807222755,
            "log_fmod0_err": 0.8352455280813018,
            "log_kdeg": -3.3907912491942946,
            "log_kdeg_err": 0.05442370549153548,
            "log_kobs": -3.475534236188117,
            "log_kobs_err": 0.022455801848724324,
            "metadata": {
              "base": "A",
              "fmod_run_ids": [
                842,
                843,
                844,
                845,
                846,
                847,
                848
              ],
              "site": 15,
              "valtype": "modrate"
            }
          },
          "valtype": "modrate"
        },
        {
          "diagnostics": {
            "chisq": 1.0120884408273793e-06,
            "covariance": {
              "matrix": [
                [
                  0.0004796891457694024,
                  1.3699587776030268e-05,
                  -0.010699013132425914
                ],
                [
                  1.3699587776030268e-05,
                  0.0029196121511751924,
                  -0.016502313169245247
                ],
                [
                  -0.010699013132425914,
                  -0.016502313169245247,
                  0.39049143552348564
                ]
              ],
              "params": [
                "log_kappa",
                "log_kdeg",
                "log_fmod_0"
              ]
            },
            "ndata": 7,
            "nfree": 4,
            "r2": 0.998135952794064,
            "reduced_chisq": 2.530221102068448e-07,
            "status": "completed",
            "success": true,
            "time_max": 200.0,
            "time_min": 0.0
          },
          "nt_id": 485,
          "params": {
            "fmod0": 0.0007635457692830936,
            "kdeg": 0.030752697080757854,
            "kobs": 0.02552846647842711,
            "log_fmod0": -7.177537488431598,
            "log_fmod0_err": 0.6248931392834183,
            "log_kdeg": -3.4817775786325575,
            "log_kdeg_err": 0.05403343549299075,
            "log_kobs": -3.667961116966194,
            "log_kobs_err": 0.021901806906495236,
            "metadata": {
              "base": "A",
              "fmod_run_ids": [
                842,
                843,
                844,
                845,
                846,
                847,
                848
              ],
              "site": 16,
              "valtype": "modrate"
            }
          },
          "valtype": "modrate"
        },
        {
          "diagnostics": {
            "chisq": 1.7785000747252605e-08,
            "covariance": {
              "matrix": [
                [
                  0.004867141816222123,
                  0.0008500350490273575,
                  -0.007210521728215719
                ],
                [
                  0.0008500350490273575,
                  0.027342488309169646,
                  -0.007969618061841193
                ],
                [
                  -0.007210521728215719,
                  -0.007969618061841193,
                  0.01447309109342488
                ]
              ],
              "params": [
                "log_kappa",
                "log_kdeg",
                "log_fmod_0"
              ]
            },
            "ndata": 7,
            "nfree": 4,
            "r2": 0.9810240583088132,
            "reduced_chisq": 4.446250186813151e-09,
            "status": "completed",
            "success": true,
            "time_max": 200.0,
            "time_min": 0.0
          },
          "nt_id": 486,
          "params": {
            "fmod0": 0.000545405651024913,
            "kdeg": 0.04956931147981641,
            "kobs": 0.0010499527747118234,
            "log_fmod0": -7.513980726357998,
            "log_fmod0_err": 0.12030416074859955,
            "log_kdeg": -3.0043833569025566,
            "log_kdeg_err": 0.16535564190304983,
            "log_kobs": -6.859010092289107,
            "log_kobs_err": 0.06976490390032887,
            "metadata": {
              "base": "U",
              "fmod_run_ids": [
                842,
                843,
                844,
                845,
                846,
                847,
                848
              ],
              "site": 17,
              "valtype": "modrate"
            }
          },
          "valtype": "modrate"
        },
        {
          "diagnostics": {
            "chisq": 1.3808840009008106e-06,
            "covariance": {
              "matrix": [
                [
                  0.0006137051521448026,
                  1.0405716415617862e-05,
                  -0.012197503526668499
                ],
                [
                  1.0405716415617862e-05,
                  0.003752357362955318,
                  -0.01902395350891234
                ],
                [
                  -0.012197503526668499,
                  -0.01902395350891234,
                  0.40059715098897547
                ]
              ],
              "params": [
                "log_kappa",
                "log_kdeg",
                "log_fmod_0"
              ]
            },
            "ndata": 7,
            "nfree": 4,
            "r2": 0.9976183091042256,
            "reduced_chisq": 3.4522100022520265e-07,
            "status": "completed",
            "success": true,
            "time_max": 200.0,
            "time_min": 0.0
          },
          "nt_id": 487,
          "params": {
            "fmod0": 0.0008791597708489147,
            "kdeg": 0.030299513414376054,
            "kobs": 0.02638353332167618,
            "log_fmod0": -7.036543912462996,
            "log_fmod0_err": 0.6329274452802434,
            "log_kdeg": -3.496623625527243,
            "log_kdeg_err": 0.061256488333525275,
            "log_kobs": -3.63501520125052,
            "log_kobs_err": 0.024773073126780266,
            "metadata": {
              "base": "A",
              "fmod_run_ids": [
                842,
                843,
                844,
                845,
                846,
                847,
                848
              ],
              "site": 18,
              "valtype": "modrate"
            }
          },
          "valtype": "modrate"
        },
        {
          "diagnostics": {
            "chisq": 1.4851326431173668e-08,
            "covariance": {
              "matrix": [
                [
                  0.015462719415958979,
                  -0.002689614716594069,
                  -0.00916425528921908
                ],
                [
                  -0.002689614716594069,
                  0.10436845345824555,
                  -0.017181157823507345
                ],
                [
                  -0.00916425528921908,
                  -0.017181157823507345,
                  0.010593930755781892
                ]
              ],
              "params": [
                "log_kappa",
                "log_kdeg",
                "log_fmod_0"
              ]
            },
            "ndata": 7,
            "nfree": 4,
            "r2": 0.9420243408997689,
            "reduced_chisq": 3.712831607793417e-09,
            "status": "completed",
            "success": true,
            "time_max": 200.0,
            "time_min": 0.0
          },
          "nt_id": 488,
          "params": {
            "fmod0": 0.0005474192494004389,
            "kdeg": 0.025212809660943913,
            "kobs": 0.0005325628266118132,
            "log_fmod0": -7.510295596830854,
            "log_fmod0_err": 0.10292682233403444,
            "log_kdeg": -3.6804030937368175,
            "log_kdeg_err": 0.32306106769192344,
            "log_kobs": -7.5378096830927515,
            "log_kobs_err": 0.12434918341492629,
            "metadata": {
              "base": "G",
              "fmod_run_ids": [
                842,
                843,
                844,
                845,
                846,
                847,
                848
              ],
              "site": 19,
              "valtype": "modrate"
            }
          },
          "valtype": "modrate"
        },
        {
          "diagnostics": {
            "chisq": 3.808913888729058e-08,
            "covariance": {
              "matrix": [
                [
                  0.010919571703897594,
                  0.0007678174736734857,
                  -0.009698093863467816
                ],
                [
                  0.0007678174736734857,
                  0.06687161919485649,
                  -0.014702915016864338
                ],
                [
                  -0.009698093863467816,
                  -0.014702915016864338,
                  0.013716075179708843
                ]
              ],
              "params": [
                "log_kappa",
                "log_kdeg",
                "log_fmod_0"
              ]
            },
            "ndata": 7,
            "nfree": 4,
            "r2": 0.9582220076248112,
            "reduced_chisq": 9.522284721822645e-09,
            "status": "completed",
            "success": true,
            "time_max": 200.0,
            "time_min": 0.0
          },
          "nt_id": 489,
          "params": {
            "fmod0": 0.000793437269925963,
            "kdeg": 0.03230113638014912,
            "kobs": 0.0010122067475302338,
            "log_fmod0": -7.139136076036535,
            "log_fmod0_err": 0.11711564873964897,
            "log_kdeg": -3.4326528673244394,
            "log_kdeg_err": 0.25859547404170957,
            "log_kobs": -6.895622433003953,
            "log_kobs_err": 0.10449675451370533,
            "metadata": {
              "base": "U",
              "fmod_run_ids": [
                842,
                843,
                844,
                845,
                846,
                847,
                848
              ],
              "site": 20,
              "valtype": "modrate"
            }
          },
          "valtype": "modrate"
        },
        {
          "diagnostics": {
            "chisq": 8.636804778251395e-08,
            "covariance": {
              "matrix": [
                [
                  0.02722721795183329,
                  -0.0180483246626382,
                  -0.017405529618742834
                ],
                [
                  -0.0180483246626382,
                  0.2056960017164591,
                  -0.045061093283994706
                ],
                [
                  -0.017405529618742834,
                  -0.045061093283994706,
                  0.03369211352400209
                ]
              ],
              "params": [
                "log_kappa",
                "log_kdeg",
                "log_fmod_0"
              ]
            },
            "ndata": 7,
            "nfree": 4,
            "r2": 0.9070490604488268,
            "reduced_chisq": 2.1592011945628488e-08,
            "status": "completed",
            "success": true,
            "time_max": 200.0,
            "time_min": 0.0
          },
          "nt_id": 490,
          "params": {
            "fmod0": 0.0007152016958546688,
            "kdeg": 0.019406000619244666,
            "kobs": 0.0010099054148883359,
            "log_fmod0": -7.242945962946331,
            "log_fmod0_err": 0.1835541160639066,
            "log_kdeg": -3.942172950469071,
            "log_kdeg_err": 0.45353721095017013,
            "log_kobs": -6.897898601139685,
            "log_kobs_err": 0.16500672092928,
            "metadata": {
              "base": "G",
              "fmod_run_ids": [
                842,
                843,
                844,
                845,
                846,
                847,
                848
              ],
              "site": 21,
              "valtype": "modrate"
            }
          },
          "valtype": "modrate"
        },
        {
          "diagnostics": {
            "chisq": 3.1537385914338464e-06,
            "covariance": {
              "matrix": [
                [
                  0.0010063112470035224,
                  6.377299509271394e-05,
                  -0.01703431126610306
                ],
                [
                  6.377299509271394e-05,
                  0.005979298083301877,
                  -0.02506438215303786
                ],
                [
                  -0.01703431126610306,
                  -0.02506438215303786,
                  0.4561783923391823
                ]
              ],
              "params": [
                "log_kappa",
                "log_kdeg",
                "log_fmod_0"
              ]
            },
            "ndata": 7,
            "nfree": 4,
            "r2": 0.9961234982228907,
            "reduced_chisq": 7.884346478584616e-07,
            "status": "completed",
            "success": true,
            "time_max": 200.0,
            "time_min": 0.0
          },
          "nt_id": 491,
          "params": {
            "fmod0": 0.0012545875272228424,
            "kdeg": 0.03245653817549332,
            "kobs": 0.031328663680985656,
            "log_fmod0": -6.680948423987553,
            "log_fmod0_err": 0.6754097958566949,
            "log_kdeg": -3.4278533715204533,
            "log_kdeg_err": 0.07732592116038371,
            "log_kobs": -3.4632218279444387,
            "log_kobs_err": 0.03172240922445082,
            "metadata": {
              "base": "A",
              "fmod_run_ids": [
                842,
                843,
                844,
                845,
                846,
                847,
                848
              ],
              "site": 22,
              "valtype": "modrate"
            }
          },
          "valtype": "modrate"
        },
        {
          "diagnostics": {
            "chisq": 4.819091905144705e-08,
            "covariance": {
              "matrix": [
                [
                  0.021952738974804986,
                  -0.002807857769157037,
                  -0.011246969006661308
                ],
                [
                  -0.002807857769157037,
                  0.19654950768623944,
                  -0.006848137573223808
                ],
                [
                  -0.011246969006661308,
                  -0.006848137573223808,
                  0.007132415772716808
                ]
              ],
              "params": [
                "log_kappa",
                "log_kdeg",
                "log_fmod_0"
              ]
            },
            "ndata": 7,
            "nfree": 4,
            "r2": 0.9194683543716036,
            "reduced_chisq": 1.2047729762861762e-08,
            "status": "completed",
            "success": true,
            "time_max": 200.0,
            "time_min": 0.0
          },
          "nt_id": 492,
          "params": {
            "fmod0": 0.0012987615468343357,
            "kdeg": 0.10578959801611615,
            "kobs": 0.0008189723125200287,
            "log_fmod0": -6.646344124861323,
            "log_fmod0_err": 0.08445363090309858,
            "log_kdeg": -2.246303081819427,
            "log_kdeg_err": 0.4433390437196339,
            "log_kobs": -7.107460281129507,
            "log_kobs_err": 0.14816456720419016,
            "metadata": {
              "base": "U",
              "fmod_run_ids": [
                842,
                843,
                844,
                845,
                846,
                847,
                848
              ],
              "site": 23,
              "valtype": "modrate"
            }
          },
          "valtype": "modrate"
        },
        {
          "diagnostics": {
            "chisq": 2.8441170195118987e-08,
            "covariance": {
              "matrix": [
                [
                  0.0074043275193203485,
                  0.0012932415644093882,
                  -0.006356788458170509
                ],
                [
                  0.0012932415644093882,
                  0.04159521586859725,
                  -0.0070276188162135215
                ],
                [
                  -0.006356788458170509,
                  -0.0070276188162135215,
                  0.007394780425915107
                ]
              ],
              "params": [
                "log_kappa",
                "log_kdeg",
                "log_fmod_0"
              ]
            },
            "ndata": 7,
            "nfree": 4,
            "r2": 0.9714157287762001,
            "reduced_chisq": 7.110292548779747e-09,
            "status": "completed",
            "success": true,
            "time_max": 200.0,
            "time_min": 0.0
          },
          "nt_id": 493,
          "params": {
            "fmod0": 0.0009648960443174778,
            "kdeg": 0.04955202108296526,
            "kobs": 0.0010765108229328277,
            "log_fmod0": -6.943490188524039,
            "log_fmod0_err": 0.0859929091606692,
            "log_kdeg": -3.0047322302798505,
            "log_kdeg_err": 0.20394905213949205,
            "log_kobs": -6.834030187394485,
            "log_kobs_err": 0.08604840218923503,
            "metadata": {
              "base": "U",
              "fmod_run_ids": [
                842,
                843,
                844,
                845,
                846,
                847,
                848
              ],
              "site": 24,
              "valtype": "modrate"
            }
          },
          "valtype": "modrate"
        },
        {
          "diagnostics": {
            "chisq": 5.548493442382924e-06,
            "covariance": {
              "matrix": [
                [
                  0.001033581882363369,
                  2.933509787758032e-05,
                  -0.016979891136299198
                ],
                [
                  2.933509787758032e-05,
                  0.006183314686462314,
                  -0.025707201950230102
                ],
                [
                  -0.016979891136299198,
                  -0.025707201950230102,
                  0.4536712100777174
                ]
              ],
              "params": [
                "log_kappa",
                "log_kdeg",
                "log_fmod_0"
              ]
            },
            "ndata": 7,
            "nfree": 4,
            "r2": 0.9960586829361913,
            "reduced_chisq": 1.387123360595731e-06,
            "status": "completed",
            "success": true,
            "time_max": 200.0,
            "time_min": 0.0
          },
          "nt_id": 494,
          "params": {
            "fmod0": 0.0016612408854988058,
            "kdeg": 0.030939854118516106,
            "kobs": 0.04141091345352279,
            "log_fmod0": -6.400190434483815,
            "log_fmod0_err": 0.67355119336077,
            "log_kdeg": -3.4757101488284197,
            "log_kdeg_err": 0.0786340555132591,
            "log_kobs": -3.1842108229014032,
            "log_kobs_err": 0.0321493683042664,
            "metadata": {
              "base": "C",
              "fmod_run_ids": [
                842,
                843,
                844,
                845,
                846,
                847,
                848
              ],
              "site": 25,
              "valtype": "modrate"
            }
          },
          "valtype": "modrate"
        },
        {
          "diagnostics": {
            "chisq": 2.0115545165813167e-06,
            "covariance": {
              "matrix": [
                [
                  0.0005961363814886064,
                  2.0554055054083325e-05,
                  -0.017005818357207908
                ],
                [
                  2.0554055054083325e-05,
                  0.003590422992738409,
                  -0.025847427910308005
                ],
                [
                  -0.017005818357207908,
                  -0.025847427910308005,
                  0.7875167262848856
                ]
              ],
              "params": [
                "log_kappa",
                "log_kdeg",
                "log_fmod_0"
