{
  "artifacts": {},
  "engine": "python_baseline",
  "engine_version": "0.1.0",
  "metadata": {
    "buffer_pH": 6.5,
    "done_by": [
      "EKC"
    ],
    "experiment_id": "ekc.01.0xx",
    "fmod_run_id": 634,
    "notes": "Baseline python engine demo using examples/nerd.sqlite",
    "rg_id": 26,
    "rg_label": "70_1_A8C",
    "rounds_requested": [
      "round1_free",
      "round2_global",
      "round3_constrained"
    ],
    "temperature_c": 70.0,
    "valtypes": [
      "modrate",
      "GAmodrate"
    ]
  },
  "rounds": [
    {
      "global_params": {},
      "notes": null,
      "per_nt": [
        {
          "diagnostics": {
            "reason": "Non-zero fmod values are required for a fit.",
            "status": "failed"
          },
          "nt_id": 470,
          "params": {},
          "valtype": "modrate"
        },
        {
          "diagnostics": {
            "reason": "Non-zero fmod values are required for a fit.",
            "status": "failed"
          },
          "nt_id": 471,
          "params": {},
          "valtype": "modrate"
        },
        {
          "diagnostics": {
            "reason": "Non-zero fmod values are required for a fit.",
            "status": "failed"
          },
          "nt_id": 472,
          "params": {},
          "valtype": "modrate"
        },
        {
          "diagnostics": {
            "reason": "Non-zero fmod values are required for a fit.",
            "status": "failed"
          },
          "nt_id": 473,
          "params": {},
          "valtype": "modrate"
        },
        {
          "diagnostics": {
            "chisq": 7.69171999273824e-08,
            "covariance": {
              "matrix": [
                [
                  0.01773614254735582,
                  0.003143189982698228,
                  -0.024858421909205956
                ],
                [
                  0.003143189982698228,
                  0.09935483840507714,
                  -0.02745713273692771
                ],
                [
                  -0.024858421909205956,
                  -0.02745713273692771,
                  0.04727993496249831
                ]
              ],
              "params": [
                "log_kappa",
                "log_kdeg",
                "log_fmod_0"
              ]
            },
            "ndata": 7,
            "nfree": 4,
            "r2": 0.9341706773889151,
            "reduced_chisq": 1.92292999818456e-08,
            "status": "completed",
            "success": true,
            "time_max": 300.0,
            "time_min": 0.0
          },
          "nt_id": 474,
          "params": {
            "fmod0": 0.0006237213935958732,
            "kdeg": 0.034926081112874104,
            "kobs": 0.0011396400124842425,
            "log_fmod0": -7.379806773920782,
            "log_fmod0_err": 0.2174394972457817,
            "log_kdeg": -3.3545214190462302,
            "log_kdeg_err": 0.3152060253311747,
            "log_kobs": -6.777042844966863,
            "log_kobs_err": 0.13317710969740942,
            "metadata": {
              "base": "U",
              "fmod_run_ids": [
                629,
                630,
                631,
                632,
                633,
                634,
                635
              ],
              "site": 5,
              "valtype": "modrate"
            }
          },
          "valtype": "modrate"
        },
        {
          "diagnostics": {
            "chisq": 3.542817002797793e-09,
            "covariance": {
              "matrix": [
                [
                  0.0015337088227091176,
                  -7.84225013134327e-05,
                  -0.0024350924497549093
                ],
                [
                  -7.84225013134327e-05,
                  0.010185849854313693,
                  -0.004570130815919627
                ],
                [
                  -0.0024350924497549093,
                  -0.004570130815919627,
                  0.007277228981423611
                ]
              ],
              "params": [
                "log_kappa",
                "log_kdeg",
                "log_fmod_0"
              ]
            },
            "ndata": 7,
            "nfree": 4,
            "r2": 0.9939097226437642,
            "reduced_chisq": 8.857042506994483e-10,
            "status": "completed",
            "success": true,
            "time_max": 300.0,
            "time_min": 0.0
          },
          "nt_id": 475,
          "params": {
            "fmod0": 0.0003186048398347318,
            "kdeg": 0.016656465080045438,
            "kobs": 0.0008141804854301893,
            "log_fmod0": -8.05155896965979,
            "log_fmod0_err": 0.08530667606596573,
            "log_kdeg": -4.094956844826117,
            "log_kdeg_err": 0.10092497141101252,
            "log_kobs": -7.113328489966723,
            "log_kobs_err": 0.03916259468816025,
            "metadata": {
              "base": "G",
              "fmod_run_ids": [
                629,
                630,
                631,
                632,
                633,
                634,
                635
              ],
              "site": 6,
              "valtype": "modrate"
            }
          },
          "valtype": "modrate"
        },
        {
          "diagnostics": {
            "chisq": 1.5788693046082085e-06,
            "covariance": {
              "matrix": [
                [
                  0.0005246002924529056,
                  8.37749043264418e-05,
                  -0.014266173684278993
                ],
                [
                  8.37749043264418e-05,
                  0.0028714935822585705,
                  -0.01924501916668093
                ],
                [
                  -0.014266173684278993,
                  -0.01924501916668093,
                  0.5805374733642923
                ]
              ],
              "params": [
                "log_kappa",
                "log_kdeg",
                "log_fmod_0"
              ]
            },
            "ndata": 7,
            "nfree": 4,
            "r2": 0.9979820060907602,
            "reduced_chisq": 3.947173261520521e-07,
            "status": "completed",
            "success": true,
            "time_max": 300.0,
            "time_min": 0.0
          },
          "nt_id": 476,
          "params": {
            "fmod0": 0.0007834698604174125,
            "kdeg": 0.02380746442244109,
            "kobs": 0.030564242601688368,
            "log_fmod0": -7.151777964786329,
            "log_fmod0_err": 0.7619300974264583,
            "log_kdeg": -3.7377561162816866,
            "log_kdeg_err": 0.05358631898403333,
            "log_kobs": -3.487924495730335,
            "log_kobs_err": 0.02290415448020087,
            "metadata": {
              "base": "A",
              "fmod_run_ids": [
                629,
                630,
                631,
                632,
                633,
                634,
                635
              ],
              "site": 7,
              "valtype": "modrate"
            }
          },
          "valtype": "modrate"
        },
        {
          "diagnostics": {
            "chisq": 0.00013991570214230494,
            "covariance": {
              "matrix": [
                [
                  0.011493107865372488,
                  0.0017651660337502973,
                  -0.030841463558782874
                ],
                [
                  0.0017651660337502973,
                  0.06050125218609883,
                  -0.03340404607491326
                ],
                [
                  -0.030841463558782874,
                  -0.03340404607491326,
                  0.11341764061661191
                ]
              ],
              "params": [
                "log_kappa",
                "log_kdeg",
                "log_fmod_0"
              ]
            },
            "ndata": 7,
            "nfree": 4,
            "r2": 0.9589741059186583,
            "reduced_chisq": 3.4978925535576235e-05,
            "status": "completed",
            "success": true,
            "time_max": 300.0,
            "time_min": 0.0
          },
          "nt_id": 477,
          "params": {
            "fmod0": 0.017138775356339273,
            "kdeg": 0.032719267074032186,
            "kobs": 0.06434722534476686,
            "log_fmod0": -4.0664118178202555,
            "log_fmod0_err": 0.33677535630834377,
            "log_kdeg": -3.419791167436365,
            "log_kdeg_err": 0.245970022942022,
            "log_kobs": -2.7434614640550583,
            "log_kobs_err": 0.10720591338807989,
            "metadata": {
              "base": "C",
              "fmod_run_ids": [
                629,
                630,
                631,
                632,
                633,
                634,
                635
              ],
              "site": 8,
              "valtype": "modrate"
            }
          },
          "valtype": "modrate"
        },
        {
          "diagnostics": {
            "chisq": 1.057160735721393e-06,
            "covariance": {
              "matrix": [
                [
                  0.00042786121376767026,
                  6.74825922556776e-05,
                  -0.007792275219284497
                ],
                [
                  6.74825922556776e-05,
                  0.0023568197008663047,
                  -0.010646315196266298
                ],
                [
                  -0.007792275219284497,
                  -0.010646315196266298,
                  0.2136209942205256
                ]
              ],
              "params": [
                "log_kappa",
                "log_kdeg",
                "log_fmod_0"
              ]
            },
            "ndata": 7,
            "nfree": 4,
            "r2": 0.9983481166866812,
            "reduced_chisq": 2.6429018393034824e-07,
            "status": "completed",
            "success": true,
            "time_max": 300.0,
            "time_min": 0.0
          },
          "nt_id": 478,
          "params": {
            "fmod0": 0.0010551340733294097,
            "kdeg": 0.023453670398150515,
            "kobs": 0.027591779405189972,
            "log_fmod0": -6.854087436404001,
            "log_fmod0_err": 0.46219151249295526,
            "log_kdeg": -3.7527282761608594,
            "log_kdeg_err": 0.04854708746017937,
            "log_kobs": -3.5902373982624947,
            "log_kobs_err": 0.020684806350741363,
            "metadata": {
              "base": "C",
              "fmod_run_ids": [
                629,
                630,
                631,
                632,
                633,
                634,
                635
              ],
              "site": 9,
              "valtype": "modrate"
            }
          },
          "valtype": "modrate"
        },
        {
          "diagnostics": {
            "chisq": 3.0315410224638374e-08,
            "covariance": {
              "matrix": [
                [
                  0.0315914921349703,
                  0.0011038799465130727,
                  -0.02282687811606624
                ],
                [
                  0.0011038799465130727,
                  0.22658929994670005,
                  -0.01784927664174561
                ],
                [
                  -0.02282687811606624,
                  -0.01784927664174561,
                  0.02075767983643277
                ]
              ],
              "params": [
                "log_kappa",
                "log_kdeg",
                "log_fmod_0"
              ]
            },
            "ndata": 7,
            "nfree": 4,
            "r2": 0.8878749489736507,
            "reduced_chisq": 7.578852556159594e-09,
            "status": "completed",
            "success": true,
            "time_max": 300.0,
            "time_min": 0.0
          },
          "nt_id": 479,
          "params": {
            "fmod0": 0.0006026947261462881,
            "kdeg": 0.06062499338672918,
            "kobs": 0.0005401085274345999,
            "log_fmod0": -7.414099747893039,
            "log_fmod0_err": 0.1440752575442181,
            "log_kdeg": -2.8030480388093753,
            "log_kdeg_err": 0.4760139703272374,
            "log_kobs": -7.523740461868331,
            "log_kobs_err": 0.1777399564953539,
            "metadata": {
              "base": "U",
              "fmod_run_ids": [
                629,
                630,
                631,
                632,
                633,
                634,
                635
              ],
              "site": 10,
              "valtype": "modrate"
            }
          },
          "valtype": "modrate"
        },
        {
          "diagnostics": {
            "chisq": 1.20684686786369e-08,
            "covariance": {
              "matrix": [
                [
                  0.007450720032536743,
                  -0.0005989022248807828,
                  -0.00548328508216164
                ],
                [
                  -0.0005989022248807828,
                  0.06739069654228846,
                  -0.0035107144591306903
                ],
                [
                  -0.00548328508216164,
                  -0.0035107144591306903,
                  0.004979418077485527
                ]
              ],
              "params": [
                "log_kappa",
                "log_kdeg",
                "log_fmod_0"
              ]
            },
            "ndata": 7,
            "nfree": 4,
            "r2": 0.9710973254019797,
            "reduced_chisq": 3.017117169659225e-09,
            "status": "completed",
            "success": true,
            "time_max": 300.0,
            "time_min": 0.0
          },
          "nt_id": 480,
          "params": {
            "fmod0": 0.0007779185211753337,
            "kdeg": 0.07712833793114712,
            "kobs": 0.0007016589526326015,
            "log_fmod0": -7.158888767836711,
            "log_fmod0_err": 0.0705649918690956,
            "log_kdeg": -2.5622845181968805,
            "log_kdeg_err": 0.2595971813065166,
            "log_kobs": -7.262063094449112,
            "log_kobs_err": 0.08631755344387805,
            "metadata": {
              "base": "U",
              "fmod_run_ids": [
                629,
                630,
                631,
                632,
                633,
                634,
                635
              ],
              "site": 11,
              "valtype": "modrate"
            }
          },
          "valtype": "modrate"
        },
        {
          "diagnostics": {
            "chisq": 5.7260721350964574e-08,
            "covariance": {
              "matrix": [
                [
                  0.022147264126975274,
                  -0.01058791536537829,
                  -0.016520902830538312
                ],
                [
                  -0.01058791536537829,
                  0.48645465641348473,
                  -0.006832392046000915
                ],
                [
                  -0.016520902830538312,
                  -0.006832392046000915,
                  0.014903791274045924
                ]
              ],
              "params": [
                "log_kappa",
                "log_kdeg",
                "log_fmod_0"
              ]
            },
            "ndata": 7,
            "nfree": 4,
            "r2": 0.9194585716892967,
            "reduced_chisq": 1.4315180337741144e-08,
            "status": "completed",
            "success": true,
            "time_max": 300.0,
            "time_min": 0.0
          },
          "nt_id": 481,
          "params": {
            "fmod0": 0.0009800093596964222,
            "kdeg": 0.1215963303662176,
            "kobs": 0.0008839486070620589,
            "log_fmod0": -6.9279484356346295,
            "log_fmod0_err": 0.12208108483317931,
            "log_kdeg": -2.1070484878148275,
            "log_kdeg_err": 0.6974630143695684,
            "log_kobs": -7.031111633824266,
            "log_kobs_err": 0.14881956903235297,
            "metadata": {
              "base": "U",
              "fmod_run_ids": [
                629,
                630,
                631,
                632,
                633,
                634,
                635
              ],
              "site": 12,
              "valtype": "modrate"
            }
          },
          "valtype": "modrate"
        },
        {
          "diagnostics": {
            "chisq": 4.636101880532299e-08,
            "covariance": {
              "matrix": [
                [
                  0.01238542108507541,
                  0.0014468002822828595,
                  -0.023489580732436774
                ],
                [
                  0.0014468002822828595,
                  0.07670251759519434,
                  -0.021807404152995286
                ],
                [
                  -0.023489580732436774,
                  -0.021807404152995286,
                  0.05766774358050679
                ]
              ],
              "params": [
                "log_kappa",
                "log_kdeg",
                "log_fmod_0"
              ]
            },
            "ndata": 7,
            "nfree": 4,
            "r2": 0.95294193017409,
            "reduced_chisq": 1.1590254701330747e-08,
            "status": "completed",
            "success": true,
            "time_max": 300.0,
            "time_min": 0.0
          },
          "nt_id": 482,
          "params": {
            "fmod0": 0.0004447458412579163,
            "kdeg": 0.047319388438403685,
            "kobs": 0.0010652188408802757,
            "log_fmod0": -7.718007582203102,
            "log_fmod0_err": 0.24014109098716693,
            "log_kdeg": -3.050835163911432,
            "log_kdeg_err": 0.27695219369991336,
            "log_kobs": -6.84457501653515,
            "log_kobs_err": 0.11128980674381374,
            "metadata": {
              "base": "U",
              "fmod_run_ids": [
                629,
                630,
                631,
                632,
                633,
                634,
                635
              ],
              "site": 13,
              "valtype": "modrate"
            }
          },
          "valtype": "modrate"
        },
        {
          "diagnostics": {
            "chisq": 4.154016058686662e-08,
            "covariance": {
              "matrix": [
                [
                  0.08334253705111254,
                  0.015904485229068604,
                  -0.19769158627457284
                ],
                [
                  0.015904485229068604,
                  0.45815863551727,
                  -0.2420069674362805
                ],
                [
                  -0.19769158627457284,
                  -0.2420069674362805,
                  0.6621558526679321
                ]
              ],
              "params": [
                "log_kappa",
                "log_kdeg",
                "log_fmod_0"
              ]
            },
            "ndata": 7,
            "nfree": 4,
            "r2": 0.7512854585710589,
            "reduced_chisq": 1.0385040146716654e-08,
            "status": "completed",
            "success": true,
            "time_max": 300.0,
            "time_min": 0.0
          },
          "nt_id": 483,
          "params": {
            "fmod0": 0.00012088122953360681,
            "kdeg": 0.029007919885668816,
            "kobs": 0.0003838411625530293,
            "log_fmod0": -9.020702068529292,
            "log_fmod0_err": 0.8137295943173826,
            "log_kdeg": -3.5401863867747236,
            "log_kdeg_err": 0.6768741652015313,
            "log_kobs": -7.865281730133653,
            "log_kobs_err": 0.2886910754614914,
            "metadata": {
              "base": "G",
              "fmod_run_ids": [
                629,
                630,
                631,
                632,
                633,
                634,
                635
              ],
              "site": 14,
              "valtype": "modrate"
            }
          },
          "valtype": "modrate"
        },
        {
          "diagnostics": {
            "chisq": 7.5926214077831e-07,
            "covariance": {
              "matrix": [
                [
                  0.00022353211069491003,
                  3.86436510738019e-05,
                  -0.009392809638735742
                ],
                [
                  3.86436510738019e-05,
                  0.001200495373077707,
                  -0.011829228221068699
                ],
                [
                  -0.009392809638735742,
                  -0.011829228221068699,
                  0.5705176198449554
                ]
              ],
              "params": [
                "log_kappa",
                "log_kdeg",
                "log_fmod_0"
              ]
            },
            "ndata": 7,
            "nfree": 4,
            "r2": 0.9991417884953433,
            "reduced_chisq": 1.898155351945775e-07,
            "status": "completed",
            "success": true,
            "time_max": 300.0,
            "time_min": 0.0
          },
          "nt_id": 484,
          "params": {
            "fmod0": 0.0005532313204009421,
            "kdeg": 0.02641519945984073,
            "kobs": 0.03266487669422324,
            "log_fmod0": -7.499734342999511,
            "log_fmod0_err": 0.7553261678539646,
            "log_kdeg": -3.633815697387714,
            "log_kdeg_err": 0.03464816550811467,
            "log_kobs": -3.4214548855557787,
            "log_kobs_err": 0.014950990291445915,
            "metadata": {
              "base": "A",
              "fmod_run_ids": [
                629,
                630,
                631,
                632,
                633,
                634,
                635
              ],
              "site": 15,
              "valtype": "modrate"
            }
          },
          "valtype": "modrate"
        },
        {
          "diagnostics": {
            "chisq": 1.1819532899411524e-06,
            "covariance": {
              "matrix": [
                [
                  0.0005400623092615409,
                  9.14759465558154e-05,
                  -0.01707856660792341
                ],
                [
                  9.14759465558154e-05,
                  0.0029416788883599655,
                  -0.02246308364053877
                ],
                [
                  -0.01707856660792341,
                  -0.02246308364053877,
                  0.7959535033937492
                ]
              ],
              "params": [
                "log_kappa",
                "log_kdeg",
                "log_fmod_0"
              ]
            },
            "ndata": 7,
            "nfree": 4,
            "r2": 0.997913789088116,
            "reduced_chisq": 2.954883224852881e-07,
            "status": "completed",
            "success": true,
            "time_max": 300.0,
            "time_min": 0.0
          },
          "nt_id": 485,
          "params": {
            "fmod0": 0.0005811179894919174,
            "kdeg": 0.024878573052054063,
            "kobs": 0.025980631781229294,
            "log_fmod0": -7.450556741709807,
            "log_fmod0_err": 0.8921622629285264,
            "log_kdeg": -3.693748365969178,
            "log_kdeg_err": 0.05423724631984892,
            "log_kobs": -3.6504039500511696,
            "log_kobs_err": 0.023239240720418147,
            "metadata": {
              "base": "A",
              "fmod_run_ids": [
                629,
                630,
                631,
                632,
                633,
                634,
                635
              ],
              "site": 16,
              "valtype": "modrate"
            }
          },
          "valtype": "modrate"
        },
        {
          "diagnostics": {
            "chisq": 1.1821222985659151e-07,
            "covariance": {
              "matrix": [
                [
                  0.027775261358933125,
                  0.0052661096720155775,
                  -0.046651443978185964
                ],
                [
                  0.0052661096720155775,
                  0.1527538266421719,
                  -0.05582770327726746
                ],
                [
                  -0.046651443978185964,
                  -0.05582770327726746,
                  0.10960537645441994
                ]
              ],
              "params": [
                "log_kappa",
                "log_kdeg",
                "log_fmod_0"
              ]
            },
            "ndata": 7,
            "nfree": 4,
            "r2": 0.9006962056294961,
            "reduced_chisq": 2.9553057464147878e-08,
            "status": "completed",
            "success": true,
            "time_max": 300.0,
            "time_min": 0.0
          },
          "nt_id": 486,
          "params": {
            "fmod0": 0.0005027325821925881,
            "kdeg": 0.03016435986523667,
            "kobs": 0.001123990852747318,
            "log_fmod0": -7.595452174978623,
            "log_fmod0_err": 0.3310670271326034,
            "log_kdeg": -3.501094188423926,
            "log_kdeg_err": 0.39083734038877593,
            "log_kobs": -6.7908696656689145,
            "log_kobs_err": 0.16665911723915114,
            "metadata": {
              "base": "U",
              "fmod_run_ids": [
                629,
                630,
                631,
                632,
                633,
                634,
                635
              ],
              "site": 17,
              "valtype": "modrate"
            }
          },
          "valtype": "modrate"
        },
        {
          "diagnostics": {
            "chisq": 1.8112660371866902e-06,
            "covariance": {
              "matrix": [
                [
                  0.0007999463925999806,
                  0.0001220558775704847,
                  -0.016418848835693514
                ],
                [
                  0.0001220558775704847,
                  0.004438528901216306,
                  -0.022817078648791407
                ],
                [
                  -0.016418848835693514,
                  -0.022817078648791407,
                  0.5119690594008005
                ]
              ],
              "params": [
                "log_kappa",
                "log_kdeg",
                "log_fmod_0"
              ]
            },
            "ndata": 7,
            "nfree": 4,
            "r2": 0.9969108536998692,
            "reduced_chisq": 4.5281650929667254e-07,
            "status": "completed",
            "success": true,
            "time_max": 300.0,
            "time_min": 0.0
          },
          "nt_id": 487,
          "params": {
            "fmod0": 0.0008901966283123992,
            "kdeg": 0.022922392922803195,
            "kobs": 0.026356875322184017,
            "log_fmod0": -7.02406818895159,
            "log_fmod0_err": 0.7155201320723271,
            "log_kdeg": -3.775640989321575,
            "log_kdeg_err": 0.06662228531967593,
            "log_kobs": -3.636026114986226,
            "log_kobs_err": 0.028283323577684087,
            "metadata": {
              "base": "A",
              "fmod_run_ids": [
                629,
                630,
                631,
                632,
                633,
                634,
                635
              ],
              "site": 18,
              "valtype": "modrate"
            }
          },
          "valtype": "modrate"
        },
        {
          "diagnostics": {
            "chisq": 1.5081407075860686e-08,
            "covariance": {
              "matrix": [
                [
                  0.01100237678780187,
                  0.001981535119054985,
                  -0.014408556169097864
                ],
                [
                  0.001981535119054985,
                  0.06140599571430913,
                  -0.01611077399412847
                ],
                [
                  -0.014408556169097864,
                  -0.01611077399412847,
                  0.02571203394898351
                ]
              ],
              "params": [
                "log_kappa",
                "log_kdeg",
                "log_fmod_0"
              ]
            },
            "ndata": 7,
            "nfree": 4,
            "r2": 0.9581041767575973,
            "reduced_chisq": 3.7703517689651716e-09,
            "status": "completed",
            "success": true,
            "time_max": 300.0,
            "time_min": 0.0
          },
          "nt_id": 488,
          "params": {
            "fmod0": 0.00037399721850672204,
            "kdeg": 0.034170832665692666,
            "kobs": 0.0006399942294959521,
            "log_fmod0": -7.8912621977252,
            "log_fmod0_err": 0.16034972388184368,
            "log_kdeg": -3.376382844826037,
            "log_kdeg_err": 0.24780233193880385,
            "log_kobs": -7.354051398063779,
            "log_kobs_err": 0.10489221509626856,
            "metadata": {
              "base": "G",
              "fmod_run_ids": [
                629,
                630,
                631,
                632,
                633,
                634,
                635
              ],
              "site": 19,
              "valtype": "modrate"
            }
          },
          "valtype": "modrate"
        },
        {
          "diagnostics": {
            "chisq": 1.223561446448304e-08,
            "covariance": {
              "matrix": [
                [
                  0.004815722512015227,
                  6.0650642173140656e-05,
                  -0.004497432491390233
                ],
                [
                  6.0650642173140656e-05,
                  0.03602152816593012,
                  -0.0033719376861759
                ],
                [
                  -0.004497432491390233,
                  -0.0033719376861759,
                  0.005259510278288482
                ]
              ],
              "params": [
                "log_kappa",
                "log_kdeg",
                "log_fmod_0"
              ]
            },
            "ndata": 7,
            "nfree": 4,
            "r2": 0.9811167632365887,
            "reduced_chisq": 3.05890361612076e-09,
            "status": "completed",
            "success": true,
            "time_max": 300.0,
            "time_min": 0.0
          },
          "nt_id": 489,
          "params": {
            "fmod0": 0.0007611614237216245,
            "kdeg": 0.06394726759793354,
            "kobs": 0.000879245696151076,
            "log_fmod0": -7.180665102069208,
            "log_fmod0_err": 0.07252248119230673,
            "log_kdeg": -2.749696479033001,
            "log_kdeg_err": 0.18979338282967118,
            "log_kobs": -7.036446181531374,
            "log_kobs_err": 0.0693954069950975,
            "metadata": {
              "base": "U",
              "fmod_run_ids": [
                629,
                630,
                631,
                632,
                633,
                634,
                635
              ],
              "site": 20,
              "valtype": "modrate"
            }
          },
          "valtype": "modrate"
        },
        {
          "diagnostics": {
            "chisq": 4.310036166679104e-09,
            "covariance": {
              "matrix": [
                [
                  0.0020088693416418753,
                  0.00011018998720960176,
                  -0.0016927102325290722
                ],
                [
                  0.00011018998720960176,
                  0.01249868166627534,
                  -0.002854246220034927
                ],
                [
                  -0.0016927102325290722,
                  -0.002854246220034927,
                  0.00244555654543048
                ]
              ],
              "params": [
                "log_kappa",
                "log_kdeg",
                "log_fmod_0"
              ]
            },
            "ndata": 7,
            "nfree": 4,
            "r2": 0.992038406077795,
            "reduced_chisq": 1.077509041669776e-09,
            "status": "completed",
            "success": true,
            "time_max": 300.0,
            "time_min": 0.0
          },
          "nt_id": 490,
          "params": {
            "fmod0": 0.0006135612078683661,
            "kdeg": 0.018525352078893352,
            "kobs": 0.0007847555531326017,
            "log_fmod0": -7.396230530463241,
            "log_fmod0_err": 0.049452568643402944,
            "log_kdeg": -3.9886151023723126,
            "log_kdeg_err": 0.11179750295187876,
            "log_kobs": -7.150138285959377,
            "log_kobs_err": 0.04482041210923741,
            "metadata": {
              "base": "G",
              "fmod_run_ids": [
                629,
                630,
                631,
                632,
                633,
                634,
                635
              ],
              "site": 21,
              "valtype": "modrate"
            }
          },
          "valtype": "modrate"
        },
        {
          "diagnostics": {
            "chisq": 1.3558993397356704e-06,
            "covariance": {
              "matrix": [
                [
                  0.0004090657333075907,
                  6.794259256540662e-05,
                  -0.010234521686424698
                ],
                [
                  6.794259256540662e-05,
                  0.0022173765878756727,
                  -0.013423567827155918
                ],
                [
                  -0.010234521686424698,
                  -0.013423567827155918,
                  0.377669274790266
                ]
              ],
              "params": [
                "log_kappa",
                "log_kdeg",
                "log_fmod_0"
              ]
            },
            "ndata": 7,
            "nfree": 4,
            "r2": 0.9984291768727052,
            "reduced_chisq": 3.389748349339176e-07,
            "status": "completed",
            "success": true,
            "time_max": 300.0,
            "time_min": 0.0
          },
          "nt_id": 491,
          "params": {
            "fmod0": 0.0009035802141636778,
            "kdeg": 0.024786818308720118,
            "kobs": 0.03217729424590567,
            "log_fmod0": -7.009145670286038,
            "log_fmod0_err": 0.6145480248038114,
            "log_kdeg": -3.697443286927601,
            "log_kdeg_err": 0.047089028317386976,
            "log_kobs": -3.4364942228079904,
            "log_kobs_err": 0.02022537350230128,
            "metadata": {
              "base": "A",
              "fmod_run_ids": [
                629,
                630,
                631,
                632,
                633,
                634,
                635
              ],
              "site": 22,
              "valtype": "modrate"
            }
          },
          "valtype": "modrate"
        },
        {
          "diagnostics": {
            "chisq": 2.195903792786871e-07,
            "covariance": {
              "matrix": [
                [
                  0.06272128072712589,
                  -0.016352446233249367,
                  -0.04618392865737921
                ],
                [
                  -0.016352446233249367,
                  0.8504632745983436,
                  -0.023279754281309996
                ],
                [
                  -0.04618392865737921,
                  -0.023279754281309996,
                  0.04139581255446627
                ]
              ],
              "params": [
                "log_kappa",
                "log_kdeg",
                "log_fmod_0"
              ]
            },
            "ndata": 7,
            "nfree": 4,
            "r2": 0.8003911508903826,
            "reduced_chisq": 5.4897594819671774e-08,
            "status": "completed",
            "success": true,
            "time_max": 300.0,
            "time_min": 0.0
          },
          "nt_id": 492,
          "params": {
            "fmod0": 0.0011514549019600803,
            "kdeg": 0.09958562111494319,
            "kobs": 0.0010302824169252925,
            "log_fmod0": -6.76672900407311,
            "log_fmod0_err": 0.20345960914753147,
            "log_kdeg": -2.3067374911292355,
            "log_kdeg_err": 0.9222056574313257,
            "log_kobs": -6.877922323134523,
            "log_kobs_err": 0.2504421704248825,
            "metadata": {
              "base": "U",
              "fmod_run_ids": [
                629,
                630,
                631,
                632,
                633,
                634,
                635
              ],
              "site": 23,
              "valtype": "modrate"
            }
          },
          "valtype": "modrate"
        },
        {
          "diagnostics": {
            "chisq": 7.79591403643019e-08,
            "covariance": {
              "matrix": [
                [
                  0.01714739073969802,
                  0.0029389963993602234,
                  -0.014986406719632845
                ],
                [
                  0.0029389963993602234,
                  0.09694259154686491,
                  -0.016177576160538217
                ],
                [
                  -0.014986406719632845,
                  -0.016177576160538217,
                  0.017638992356181982
                ]
              ],
              "params": [
                "log_kappa",
                "log_kdeg",
                "log_fmod_0"
              ]
            },
            "ndata": 7,
            "nfree": 4,
            "r2": 0.9361931019986103,
            "reduced_chisq": 1.9489785091075476e-08,
            "status": "completed",
            "success": true,
            "time_max": 300.0,
            "time_min": 0.0
          },
          "nt_id": 493,
          "params": {
            "fmod0": 0.0010306802433078903,
            "kdeg": 0.03643204587127162,
            "kobs": 0.0011681856714129833,
            "log_fmod0": -6.877536264332765,
            "log_fmod0_err": 0.1328118682805945,
            "log_kdeg": -3.312306510568671,
            "log_kdeg_err": 0.31135605269026795,
            "log_kobs": -6.7523034419588965,
            "log_kobs_err": 0.13094804595601273,
            "metadata": {
              "base": "U",
              "fmod_run_ids": [
                629,
                630,
                631,
                632,
                633,
                634,
                635
              ],
              "site": 24,
              "valtype": "modrate"
            }
          },
          "valtype": "modrate"
        },
        {
          "diagnostics": {
            "chisq": 3.0792000090403218e-06,
            "covariance": {
              "matrix": [
                [
                  0.000494115998853312,
                  7.942185556029207e-05,
                  -0.012485127746128666
                ],
                [
                  7.942185556029207e-05,
                  0.002648073832887422,
                  -0.01618884122569072
                ],
                [
                  -0.012485127746128666,
                  -0.01618884122569072,
                  0.4646454377553227
                ]
              ],
              "params": [
                "log_kappa",
                "log_kdeg",
                "log_fmod_0"
              ]
            },
            "ndata": 7,
            "nfree": 4,
            "r2": 0.9981276332968326,
            "reduced_chisq": 7.698000022600804e-07,
            "status": "completed",
            "success": true,
            "time_max": 300.0,
