{
  "artifacts": {},
  "engine": "python_baseline",
  "engine_version": "0.1.0",
  "metadata": {
    "buffer_pH": 8.0,
    "done_by": [
      "EKC"
    ],
    "experiment_id": "ekc.01.0xx",
    "fmod_run_id": 43,
    "initial_kdeg": 0.0001426067163067506,
    "initial_kdeg_source": "arrhenius:nmr:deg:dms:Schwalbe_bistris",
    "initial_log_kdeg": -8.855419952167878,
    "notes": "Baseline python engine demo using examples/nerd.sqlite",
    "rg_id": 130,
    "rg_label": "14",
    "rounds_requested": [
      "round1_free",
      "round2_global",
      "round3_constrained"
    ],
    "rt_protocol": [
      "MRTpH9"
    ],
    "selected_site_bases": [
      "102_G",
      "103_G",
      "104_A",
      "105_A",
      "106_U",
      "107_U",
      "108_G",
      "109_C",
      "110_G",
      "111_G",
      "112_G",
      "113_A",
      "114_A",
      "115_A",
      "116_G",
      "117_G",
      "118_G",
      "119_G",
      "120_U",
      "121_C",
      "122_A",
      "123_A",
      "124_C",
      "125_A",
      "126_G",
      "127_C",
      "128_C",
      "129_G",
      "130_U",
      "131_U",
      "132_C",
      "133_A",
      "134_G",
      "135_U",
      "136_A",
      "137_C",
      "138_C",
      "139_A",
      "140_A",
      "141_G",
      "142_U",
      "143_C",
      "144_U",
      "145_C",
      "146_A",
      "147_G",
      "148_G",
      "149_G",
      "150_G",
      "151_A",
      "152_A",
      "153_A",
      "154_C",
      "155_U",
      "156_U",
      "157_U",
      "158_G",
      "159_A",
      "160_G",
      "161_A",
      "162_U",
      "163_G",
      "164_G",
      "165_C",
      "166_C",
      "167_U",
      "168_U",
      "169_G",
      "170_C",
      "171_A",
      "172_A",
      "173_A",
      "174_G",
      "175_G",
      "176_G",
      "177_U",
      "178_A",
      "179_U",
      "180_G",
      "181_G",
      "182_U",
      "183_A",
      "184_A",
      "185_U",
      "186_A",
      "187_A",
      "188_G",
      "189_C",
      "190_U",
      "191_G",
      "192_A",
      "193_C",
      "194_G",
      "195_G",
      "196_A",
      "197_C",
      "198_A",
      "199_U",
      "200_G",
      "201_G",
      "202_U",
      "203_C",
      "204_C",
      "205_U",
      "206_A",
      "207_A",
      "208_C",
      "209_C",
      "210_A",
      "211_C",
      "212_G",
      "213_C",
      "214_A",
      "215_G",
      "216_C",
      "217_C",
      "218_A",
      "219_A",
      "220_G",
      "221_U",
      "222_C",
      "223_C",
      "224_U",
      "225_A",
      "226_A",
      "227_G",
      "228_U",
      "229_C",
      "230_A",
      "231_A",
      "232_C",
      "233_A",
      "234_G",
      "235_A",
      "236_U",
      "237_C",
      "238_U",
      "239_U",
      "240_C",
      "241_U",
      "242_G",
      "243_U",
      "244_U",
      "245_G",
      "246_A",
      "247_U",
      "248_A",
      "249_U",
      "250_G",
      "251_G",
      "252_A",
      "253_U",
      "254_G",
      "255_C",
      "256_A",
      "257_G",
      "258_U",
      "259_U",
      "260_C",
      "261_A",
      "262_A",
      "263_C",
      "264_C",
      "265_A",
      "266_A",
      "267_A"
    ],
    "temperature_c": 23.0,
    "valtypes": [
      "modrate",
      "GAmodrate"
    ]
  },
  "rounds": [
    {
      "global_params": {},
      "notes": null,
      "per_nt": [
        {
          "diagnostics": {
            "reason": "Non-zero fmod values are required for a fit.",
            "status": "failed"
          },
          "nt_id": 796,
          "params": {},
          "valtype": "modrate"
        },
        {
          "diagnostics": {
            "chisq": 1.6936479659246414e-07,
            "covariance": {
              "matrix": [
                [
                  0.07717355541209653,
                  0.01810490585295718,
                  -0.15637472165870625
                ],
                [
                  0.01810490585295718,
                  0.49838284542182,
                  -0.17694880176131386
                ],
                [
                  -0.15637472165870625,
                  -0.17694880176131386,
                  0.4186623959041814
                ]
              ],
              "params": [
                "log_kappa",
                "log_kdeg",
                "log_fmod_0"
              ]
            },
            "ndata": 7,
            "nfree": 4,
            "r2": 0.7658007560911277,
            "reduced_chisq": 4.2341199148116035e-08,
            "status": "completed",
            "success": true,
            "time_max": 34890.0,
            "time_min": 0.0
          },
          "nt_id": 797,
          "params": {
            "fmod0": 0.0003123594511672466,
            "kdeg": 0.00032100815561126233,
            "kobs": 0.0008040708306131116,
            "log_fmod0": -8.071355946223314,
            "log_fmod0_err": 0.6470412629069195,
            "log_kdeg": -8.04404402826834,
            "log_kdeg_err": 0.7059623541109115,
            "log_kobs": -7.125823194888187,
            "log_kobs_err": 0.2778012876357785,
            "metadata": {
              "base": "G",
              "fmod_run_ids": [
                37,
                38,
                39,
                40,
                41,
                42,
                43
              ],
              "site": 103,
              "valtype": "modrate"
            }
          },
          "valtype": "modrate"
        },
        {
          "diagnostics": {
            "chisq": 4.291882264960121e-06,
            "covariance": {
              "matrix": [
                [
                  0.0026827702410467495,
                  0.0005851319101919913,
                  -0.06845813348916203
                ],
                [
                  0.0005851319101919913,
                  0.016790452126723615,
                  -0.08073873649663951
                ],
                [
                  -0.06845813348916203,
                  -0.08073873649663951,
                  2.361288781640178
                ]
              ],
              "params": [
                "log_kappa",
                "log_kdeg",
                "log_fmod_0"
              ]
            },
            "ndata": 7,
            "nfree": 4,
            "r2": 0.9897020064622591,
            "reduced_chisq": 1.0729705662400302e-06,
            "status": "completed",
            "success": true,
            "time_max": 34890.0,
            "time_min": 0.0
          },
          "nt_id": 798,
          "params": {
            "fmod0": 0.0006574615002756074,
            "kdeg": 0.0002860385005306056,
            "kobs": 0.02209895289704346,
            "log_fmod0": -7.327124350340654,
            "log_fmod0_err": 1.5366485550184135,
            "log_kdeg": -8.15938413896463,
            "log_kdeg_err": 0.12957797701277643,
            "log_kobs": -3.812225051805186,
            "log_kobs_err": 0.05179546544869299,
            "metadata": {
              "base": "A",
              "fmod_run_ids": [
                37,
                38,
                39,
                40,
                41,
                42,
                43
              ],
              "site": 104,
              "valtype": "modrate"
            }
          },
          "valtype": "modrate"
        },
        {
          "diagnostics": {
            "chisq": 1.5355572057128232e-06,
            "covariance": {
              "matrix": [
                [
                  0.00263785610579846,
                  0.0005964822915162942,
                  -0.0452691213902634
                ],
                [
                  0.0005964822915162942,
                  0.016708750215186006,
                  -0.05257086278367201
                ],
                [
                  -0.0452691213902634,
                  -0.05257086278367201,
                  1.0403100370768086
                ]
              ],
              "params": [
                "log_kappa",
                "log_kdeg",
                "log_fmod_0"
              ]
            },
            "ndata": 7,
            "nfree": 4,
            "r2": 0.9897830958825233,
            "reduced_chisq": 3.838893014282058e-07,
            "status": "completed",
            "success": true,
            "time_max": 34890.0,
            "time_min": 0.0
          },
          "nt_id": 799,
          "params": {
            "fmod0": 0.000594231714992265,
            "kdeg": 0.00029923903143951595,
            "kobs": 0.013231071620776231,
            "log_fmod0": -7.4282412220883876,
            "log_fmod0_err": 1.0199558995744906,
            "log_kdeg": -8.114267867699983,
            "log_kdeg_err": 0.12926233099857826,
            "log_kobs": -4.325187304832725,
            "log_kobs_err": 0.05136006333522633,
            "metadata": {
              "base": "A",
              "fmod_run_ids": [
                37,
                38,
                39,
                40,
                41,
                42,
                43
              ],
              "site": 105,
              "valtype": "modrate"
            }
          },
          "valtype": "modrate"
        },
        {
          "diagnostics": {
            "chisq": 5.83972687492501e-07,
            "covariance": {
              "matrix": [
                [
                  0.024647105827130637,
                  0.005537816499460712,
                  -0.0484530880911113
                ],
                [
                  0.005537816499460712,
                  0.15652289538339434,
                  -0.058776877382013135
                ],
                [
                  -0.0484530880911113,
                  -0.058776877382013135,
                  0.12956755102594622
                ]
              ],
              "params": [
                "log_kappa",
                "log_kdeg",
                "log_fmod_0"
              ]
            },
            "ndata": 7,
            "nfree": 4,
            "r2": 0.9111268706636448,
            "reduced_chisq": 1.4599317187312526e-07,
            "status": "completed",
            "success": true,
            "time_max": 34890.0,
            "time_min": 0.0
          },
          "nt_id": 800,
          "params": {
            "fmod0": 0.001032929780947727,
            "kdeg": 0.00027951224930114265,
            "kobs": 0.0026331172809581404,
            "log_fmod0": -6.875356067004346,
            "log_fmod0_err": 0.3599549291591188,
            "log_kdeg": -8.182464440565067,
            "log_kdeg_err": 0.39562974532180256,
            "log_kobs": -5.9395868567489325,
            "log_kobs_err": 0.15699396748643127,
            "metadata": {
              "base": "U",
              "fmod_run_ids": [
                37,
                38,
                39,
                40,
                41,
                42,
                43
              ],
              "site": 106,
              "valtype": "modrate"
            }
          },
          "valtype": "modrate"
        },
        {
          "diagnostics": {
            "chisq": 2.8973828985088053e-07,
            "covariance": {
              "matrix": [
                [
                  0.08517939545795977,
                  0.016718510594807983,
                  -0.05653500137042895
                ],
                [
                  0.016718510594807983,
                  0.5394275726616797,
                  -0.07375683825623493
                ],
                [
                  -0.05653500137042895,
                  -0.07375683825623493,
                  0.053038915079802816
                ]
              ],
              "params": [
                "log_kappa",
                "log_kdeg",
                "log_fmod_0"
              ]
            },
            "ndata": 7,
            "nfree": 4,
            "r2": 0.7472023767793257,
            "reduced_chisq": 7.243457246272013e-08,
            "status": "completed",
            "success": true,
            "time_max": 34890.0,
            "time_min": 0.0
          },
          "nt_id": 801,
          "params": {
            "fmod0": 0.001123814067370405,
            "kdeg": 0.00024260546041067441,
            "kobs": 0.0009902991726437528,
            "log_fmod0": -6.791026961683079,
            "log_fmod0_err": 0.23030179130828057,
            "log_kdeg": -8.3240740538318,
            "log_kdeg_err": 0.7344573320906258,
            "log_kobs": -6.917503465897577,
            "log_kobs_err": 0.29185509325341535,
            "metadata": {
              "base": "U",
              "fmod_run_ids": [
                37,
                38,
                39,
                40,
                41,
                42,
                43
              ],
              "site": 107,
              "valtype": "modrate"
            }
          },
          "valtype": "modrate"
        },
        {
          "diagnostics": {
            "chisq": 2.5757812304679784e-08,
            "covariance": {
              "matrix": [
                [
                  0.04975426455502894,
                  -0.0035533088655289122,
                  -0.11027517625963874
                ],
                [
                  -0.0035533088655289122,
                  0.5232525719513577,
                  -0.06458838131840515
                ],
                [
                  -0.11027517625963874,
                  -0.06458838131840515,
                  0.29687558003063036
                ]
              ],
              "params": [
                "log_kappa",
                "log_kdeg",
                "log_fmod_0"
              ]
            },
            "ndata": 7,
            "nfree": 4,
            "r2": 0.8341275444773557,
            "reduced_chisq": 6.439453076169946e-09,
            "status": "completed",
            "success": true,
            "time_max": 34890.0,
            "time_min": 0.0
          },
          "nt_id": 802,
          "params": {
            "fmod0": 0.00014724897557910868,
            "kdeg": 0.0007534912756979279,
            "kobs": 0.00039519420242598827,
            "log_fmod0": -8.823385692474716,
            "log_fmod0_err": 0.5448629002149351,
            "log_kdeg": -7.1907931183351215,
            "log_kdeg_err": 0.7233619923325787,
            "log_kobs": -7.8361332621728925,
            "log_kobs_err": 0.22305663979139678,
            "metadata": {
              "base": "G",
              "fmod_run_ids": [
                37,
                38,
                39,
                40,
                41,
                42,
                43
              ],
              "site": 108,
              "valtype": "modrate"
            }
          },
          "valtype": "modrate"
        },
        {
          "diagnostics": {
            "chisq": 1.184492926447212e-06,
            "covariance": {
              "matrix": [
                [
                  0.002747539913963135,
                  0.0006262981042600633,
                  -0.025549567496521014
                ],
                [
                  0.0006262981042600633,
                  0.01773080134867565,
                  -0.027866129436173483
                ],
                [
                  -0.025549567496521014,
                  -0.027866129436173483,
                  0.3109722242877891
                ]
              ],
              "params": [
                "log_kappa",
                "log_kdeg",
                "log_fmod_0"
              ]
            },
            "ndata": 7,
            "nfree": 4,
            "r2": 0.9893417924149892,
            "reduced_chisq": 2.96123231611803e-07,
            "status": "completed",
            "success": true,
            "time_max": 34890.0,
            "time_min": 0.0
          },
          "nt_id": 803,
          "params": {
            "fmod0": 0.0009614472856270948,
            "kdeg": 0.0003376607110919205,
            "kobs": 0.011413711323748214,
            "log_fmod0": -6.94707081957922,
            "log_fmod0_err": 0.5576488359960855,
            "log_kdeg": -7.993468979976792,
            "log_kdeg_err": 0.13315705519676999,
            "log_kobs": -4.472939898606044,
            "log_kobs_err": 0.052416981160337106,
            "metadata": {
              "base": "C",
              "fmod_run_ids": [
                37,
                38,
                39,
                40,
                41,
                42,
                43
              ],
              "site": 109,
              "valtype": "modrate"
            }
          },
          "valtype": "modrate"
        },
        {
          "diagnostics": {
            "chisq": 3.4764573012659655e-08,
            "covariance": {
              "matrix": [
                [
                  0.017772719312309376,
                  0.00010325165468970508,
                  -0.027888648760055208
                ],
                [
                  0.00010325165468970508,
                  0.11888179853291235,
                  -0.044760057917314654
                ],
                [
                  -0.027888648760055208,
                  -0.044760057917314654,
                  0.07250925009282336
                ]
              ],
              "params": [
                "log_kappa",
                "log_kdeg",
                "log_fmod_0"
              ]
            },
            "ndata": 7,
            "nfree": 4,
            "r2": 0.9336720312548059,
            "reduced_chisq": 8.691143253164914e-09,
            "status": "completed",
            "success": true,
            "time_max": 34890.0,
            "time_min": 0.0
          },
          "nt_id": 804,
          "params": {
            "fmod0": 0.0003214348863041576,
            "kdeg": 0.00017252037831719827,
            "kobs": 0.0007437631604417888,
            "log_fmod0": -8.042715565734506,
            "log_fmod0_err": 0.2692754168000179,
            "log_kdeg": -8.664995193298106,
            "log_kdeg_err": 0.34479239918088733,
            "log_kobs": -7.203787906549335,
            "log_kobs_err": 0.13331436273826378,
            "metadata": {
              "base": "G",
              "fmod_run_ids": [
                37,
                38,
                39,
                40,
                41,
                42,
                43
              ],
              "site": 110,
              "valtype": "modrate"
            }
          },
          "valtype": "modrate"
        },
        {
          "diagnostics": {
            "chisq": 5.533837365775653e-08,
            "covariance": {
              "matrix": [
                [
                  0.5046726612599447,
                  0.0002749349806237818,
                  -0.4417712914685957
                ],
                [
                  0.0002749349806237818,
                  4.641551834897422,
                  -0.2869741785460435
                ],
                [
                  -0.4417712914685957,
                  -0.2869741785460435,
                  0.4718774107797393
                ]
              ],
              "params": [
                "log_kappa",
                "log_kdeg",
                "log_fmod_0"
              ]
            },
            "ndata": 7,
            "nfree": 4,
            "r2": 0.3312906486966607,
            "reduced_chisq": 1.3834593414439133e-08,
            "status": "completed",
            "success": true,
            "time_max": 34890.0,
            "time_min": 0.0
          },
          "nt_id": 805,
          "params": {
            "fmod0": 0.00017115933769812328,
            "kdeg": 0.0006771469056673675,
            "kobs": 0.0001818611701576496,
            "log_fmod0": -8.67291563591296,
            "log_fmod0_err": 0.6869333379446213,
            "log_kdeg": -7.297622313514673,
            "log_kdeg_err": 2.154426103373569,
            "log_kobs": -8.612266963300044,
            "log_kobs_err": 0.7104031681094508,
            "metadata": {
              "base": "G",
              "fmod_run_ids": [
                37,
                38,
                39,
                40,
                41,
                42,
                43
              ],
              "site": 111,
              "valtype": "modrate"
            }
          },
          "valtype": "modrate"
        },
        {
          "diagnostics": {
            "chisq": 1.472964084088637e-07,
            "covariance": {
              "matrix": [
                [
                  0.20676954569308448,
                  0.039189457607216316,
                  -0.3353503241748541
                ],
                [
                  0.039189457607216316,
                  1.3108687476093432,
                  -0.44298170584877605
                ],
                [
                  -0.3353503241748541,
                  -0.44298170584877605,
                  0.7744759969084308
                ]
              ],
              "params": [
                "log_kappa",
                "log_kdeg",
                "log_fmod_0"
              ]
            },
            "ndata": 7,
            "nfree": 4,
            "r2": 0.5488194197206095,
            "reduced_chisq": 3.6824102102215925e-08,
            "status": "completed",
            "success": true,
            "time_max": 34890.0,
            "time_min": 0.0
          },
          "nt_id": 806,
          "params": {
            "fmod0": 0.00020924862287239457,
            "kdeg": 0.00023706230373113704,
            "kobs": 0.0004525072977023524,
            "log_fmod0": -8.47198742987133,
            "log_fmod0_err": 0.8800431790022754,
            "log_kdeg": -8.347187566435828,
            "log_kdeg_err": 1.1449317654818314,
            "log_kobs": -7.7007066674353295,
            "log_kobs_err": 0.4547191943310558,
            "metadata": {
              "base": "G",
              "fmod_run_ids": [
                37,
                38,
                39,
                40,
                41,
                42,
                43
              ],
              "site": 112,
              "valtype": "modrate"
            }
          },
          "valtype": "modrate"
        },
        {
          "diagnostics": {
            "chisq": 4.608423954538622e-06,
            "covariance": {
              "matrix": [
                [
                  0.017773467825834957,
                  0.004021412816489127,
                  -0.20325783482511195
                ],
                [
                  0.004021412816489127,
                  0.11268256089643654,
                  -0.24024632472233395
                ],
                [
                  -0.20325783482511195,
                  -0.24024632472233395,
                  3.1314073820175374
                ]
              ],
              "params": [
                "log_kappa",
                "log_kdeg",
                "log_fmod_0"
              ]
            },
            "ndata": 7,
            "nfree": 4,
            "r2": 0.9346876038661383,
            "reduced_chisq": 1.1521059886346556e-06,
            "status": "completed",
            "success": true,
            "time_max": 34890.0,
            "time_min": 0.0
          },
          "nt_id": 807,
          "params": {
            "fmod0": 0.0005921622855231011,
            "kdeg": 0.00029123802155708054,
            "kobs": 0.008780585714503832,
            "log_fmod0": -7.431729829696108,
            "log_fmod0_err": 1.769578306268908,
            "log_kdeg": -8.141369681631142,
            "log_kdeg_err": 0.3356822320237348,
            "log_kobs": -4.735212163479967,
            "log_kobs_err": 0.13331717003385182,
            "metadata": {
              "base": "A",
              "fmod_run_ids": [
                37,
                38,
                39,
                40,
                41,
                42,
                43
              ],
              "site": 113,
              "valtype": "modrate"
            }
          },
          "valtype": "modrate"
        },
        {
          "diagnostics": {
            "chisq": 9.661288753876048e-06,
            "covariance": {
              "matrix": [
                [
                  0.0032300742809677945,
                  0.0006372774447784165,
                  -0.07169145360430206
                ],
                [
                  0.0006372774447784165,
                  0.01994762410010872,
                  -0.08875632036980934
                ],
                [
                  -0.07169145360430206,
                  -0.08875632036980934,
                  2.2091426702063552
                ]
              ],
              "params": [
                "log_kappa",
                "log_kdeg",
                "log_fmod_0"
              ]
            },
            "ndata": 7,
            "nfree": 4,
            "r2": 0.9877167139165614,
            "reduced_chisq": 2.415322188469012e-06,
            "status": "completed",
            "success": true,
            "time_max": 34890.0,
            "time_min": 0.0
          },
          "nt_id": 808,
          "params": {
            "fmod0": 0.001011676932909262,
            "kdeg": 0.0002563596834345147,
            "kobs": 0.03034750342874181,
            "log_fmod0": -6.896145995339274,
            "log_fmod0_err": 1.4863184955474231,
            "log_kdeg": -8.268929086176433,
            "log_kdeg_err": 0.1412360580733855,
            "log_kobs": -3.495041024209644,
            "log_kobs_err": 0.056833742450834564,
            "metadata": {
              "base": "A",
              "fmod_run_ids": [
                37,
                38,
                39,
                40,
                41,
                42,
                43
              ],
              "site": 114,
              "valtype": "modrate"
            }
          },
          "valtype": "modrate"
        },
        {
          "diagnostics": {
            "chisq": 2.6282827972594755e-06,
            "covariance": {
              "matrix": [
                [
                  0.0006935684743276596,
                  0.00014723235090750663,
                  -0.13771184418260005
                ],
                [
                  0.00014723235090750663,
                  0.004296154019944082,
                  -0.1606038237319853
                ],
                [
                  -0.13771184418260005,
                  -0.1606038237319853,
                  36.92841172879202
                ]
              ],
              "params": [
                "log_kappa",
                "log_kdeg",
                "log_fmod_0"
              ]
            },
            "ndata": 7,
            "nfree": 4,
            "r2": 0.9973514134934922,
            "reduced_chisq": 6.570706993148689e-07,
            "status": "completed",
            "success": true,
            "time_max": 34890.0,
            "time_min": 0.0
          },
          "nt_id": 809,
          "params": {
            "fmod0": 0.00013018004677854363,
            "kdeg": 0.0002863877396318738,
            "kobs": 0.03445272078767304,
            "log_fmod0": -8.94659209048269,
            "log_fmod0_err": 6.076875161527676,
            "log_kdeg": -8.158163932342022,
            "log_kdeg_err": 0.06554505335983854,
            "log_kobs": -3.3681673067695614,
            "log_kobs_err": 0.026335688225821243,
            "metadata": {
              "base": "A",
              "fmod_run_ids": [
                37,
                38,
                39,
                40,
                41,
                42,
                43
              ],
              "site": 115,
              "valtype": "modrate"
            }
          },
          "valtype": "modrate"
        },
        {
          "diagnostics": {
            "chisq": 4.879388995228176e-08,
            "covariance": {
              "matrix": [
                [
                  0.19384059447013252,
                  0.04544945266772123,
                  -0.07921773850855705
                ],
                [
                  0.04544945266772123,
                  1.2475059465638882,
                  -0.0910321374299651
                ],
                [
                  -0.07921773850855705,
                  -0.0910321374299651,
                  0.043009670006846135
                ]
              ],
              "params": [
                "log_kappa",
                "log_kdeg",
                "log_fmod_0"
              ]
            },
            "ndata": 7,
            "nfree": 4,
            "r2": 0.5654255956858096,
            "reduced_chisq": 1.219847248807044e-08,
            "status": "completed",
            "success": true,
            "time_max": 34890.0,
            "time_min": 0.0
          },
          "nt_id": 810,
          "params": {
            "fmod0": 0.0005221685611133129,
            "kdeg": 0.00031209501268248134,
            "kobs": 0.0002718891471564876,
            "log_fmod0": -7.557520108196965,
            "log_fmod0_err": 0.2073877286795102,
            "log_kdeg": -8.072202888685513,
            "log_kdeg_err": 1.1169180572288588,
            "log_kobs": -8.210116121957011,
            "log_kobs_err": 0.4402733179175551,
            "metadata": {
              "base": "G",
              "fmod_run_ids": [
                37,
                38,
                39,
                40,
                41,
                42,
                43
              ],
              "site": 116,
              "valtype": "modrate"
            }
          },
          "valtype": "modrate"
        },
        {
          "diagnostics": {
            "chisq": 3.1938214553842584e-08,
            "covariance": {
              "matrix": [
                [
                  0.16372105987700297,
                  -0.020971074835357772,
                  -0.09537914300141365
                ],
                [
                  -0.020971074835357772,
                  1.1441430798801373,
                  -0.16928814071782175
                ],
                [
                  -0.09537914300141365,
                  -0.16928814071782175,
                  0.10177663171133704
                ]
              ],
              "params": [
                "log_kappa",
                "log_kdeg",
                "log_fmod_0"
              ]
            },
            "ndata": 7,
            "nfree": 4,
            "r2": 0.6048717734276559,
            "reduced_chisq": 7.984553638460646e-09,
            "status": "completed",
            "success": true,
            "time_max": 34890.0,
            "time_min": 0.0
          },
          "nt_id": 811,
          "params": {
            "fmod0": 0.00025638612303327155,
            "kdeg": 0.00015276726613453942,
            "kobs": 0.00023526567825737712,
            "log_fmod0": -8.26882595671756,
            "log_fmod0_err": 0.3190245001741042,
            "log_kdeg": -8.786594931049905,
            "log_kdeg_err": 1.0696462405300817,
            "log_kobs": -8.354795136629663,
            "log_kobs_err": 0.40462459129049855,
            "metadata": {
              "base": "G",
              "fmod_run_ids": [
                37,
                38,
                39,
                40,
                41,
                42,
                43
              ],
              "site": 117,
              "valtype": "modrate"
            }
          },
          "valtype": "modrate"
        },
        {
          "diagnostics": {
            "chisq": 1.361365644857836e-07,
            "covariance": {
              "matrix": [
                [
                  0.7470302151833855,
                  -0.16669161115954206,
                  -0.23919215962183002
                ],
                [
                  -0.16669161115954206,
                  5.367137553585923,
                  -0.4526251404173606
                ],
                [
                  -0.23919215962183002,
                  -0.4526251404173606,
                  0.15073138121486543
                ]
              ],
              "params": [
                "log_kappa",
                "log_kdeg",
                "log_fmod_0"
              ]
            },
            "ndata": 7,
            "nfree": 4,
            "r2": 0.25207439150693545,
            "reduced_chisq": 3.40341411214459e-08,
            "status": "completed",
            "success": true,
            "time_max": 34890.0,
            "time_min": 0.0
          },
          "nt_id": 812,
          "params": {
            "fmod0": 0.000431529552782749,
            "kdeg": 0.00014284944142125088,
            "kobs": 0.00022828929952939313,
            "log_fmod0": -7.748174561297611,
            "log_fmod0_err": 0.3882413955451755,
            "log_kdeg": -8.853719339541893,
            "log_kdeg_err": 2.316708344523739,
            "log_kobs": -8.384896875744255,
            "log_kobs_err": 0.8643090970152897,
            "metadata": {
              "base": "G",
              "fmod_run_ids": [
                37,
                38,
                39,
                40,
                41,
                42,
                43
              ],
              "site": 118,
              "valtype": "modrate"
            }
          },
          "valtype": "modrate"
        },
        {
          "diagnostics": {
            "chisq": 1.562855245854866e-08,
            "covariance": {
              "matrix": [
                [
                  0.02999210493381087,
                  0.006690181281115245,
                  -0.022394065464755402
                ],
                [
                  0.006690181281115245,
                  0.1997294756326246,
                  -0.023085694586787605
                ],
                [
                  -0.022394065464755402,
                  -0.023085694586787605,
                  0.021504416033026955
                ]
              ],
              "params": [
                "log_kappa",
                "log_kdeg",
                "log_fmod_0"
              ]
            },
            "ndata": 7,
            "nfree": 4,
            "r2": 0.8936293559902685,
            "reduced_chisq": 3.907138114637165e-09,
            "status": "completed",
            "success": true,
            "time_max": 34890.0,
            "time_min": 0.0
          },
          "nt_id": 813,
          "params": {
            "fmod0": 0.0004220939816424213,
            "kdeg": 0.00037833912271620113,
            "kobs": 0.0003937043301469565,
            "log_fmod0": -7.770282563409615,
            "log_fmod0_err": 0.146643840760623,
            "log_kdeg": -7.879719614500389,
            "log_kdeg_err": 0.4469110377162603,
            "log_kobs": -7.8399103614798,
            "log_kobs_err": 0.173182288164266,
            "metadata": {
              "base": "G",
              "fmod_run_ids": [
                37,
                38,
                39,
                40,
                41,
                42,
                43
              ],
              "site": 119,
              "valtype": "modrate"
            }
          },
          "valtype": "modrate"
        },
        {
          "diagnostics": {
            "chisq": 8.96415147828613e-08,
            "covariance": {
              "matrix": [
                [
                  9.25227748822726,
                  -12.903064421322926,
                  0.14011200032729287
                ],
                [
                  -12.903064421322926,
                  18.29696511985034,
                  -0.23026771879444027
                ],
                [
                  0.14011200032729287,
                  -0.23026771879444027,
                  0.00813580532941618
                ]
              ],
              "params": [
                "log_kappa",
                "log_kdeg",
                "log_fmod_0"
              ]
            },
            "ndata": 7,
            "nfree": 4,
            "r2": 0.6204204150454722,
            "reduced_chisq": 2.2410378695715324e-08,
            "status": "completed",
            "success": true,
            "time_max": 34890.0,
            "time_min": 0.0
          },
          "nt_id": 814,
          "params": {
            "fmod0": 0.0012665995233217767,
            "kdeg": 1.9694803911082975e-05,
            "kobs": 0.0008412366434289191,
            "log_fmod0": -6.671419510226736,
            "log_fmod0_err": 0.09019869915589791,
            "log_kdeg": -10.835155717870077,
            "log_kdeg_err": 4.277495192265018,
            "log_kobs": -7.080637554184669,
            "log_kobs_err": 3.041755658863358,
            "metadata": {
              "base": "U",
              "fmod_run_ids": [
                37,
                38,
                39,
                40,
                41,
                42,
                43
              ],
              "site": 120,
              "valtype": "modrate"
            }
          },
          "valtype": "modrate"
        },
        {
          "diagnostics": {
            "chisq": 8.309885916326296e-07,
            "covariance": {
              "matrix": [
                [
                  0.012294879420939816,
                  0.0026569372429270377,
                  -0.04437121521157521
                ],
                [
                  0.0026569372429270377,
                  0.07772959870515272,
                  -0.05510008521566727
                ],
                [
                  -0.04437121521157521,
                  -0.05510008521566727,
                  0.2204936785823163
                ]
              ],
              "params": [
                "log_kappa",
                "log_kdeg",
                "log_fmod_0"
              ]
            },
            "ndata": 7,
            "nfree": 4,
            "r2": 0.9536603058175939,
            "reduced_chisq": 2.077471479081574e-07,
            "status": "completed",
            "success": true,
            "time_max": 34890.0,
            "time_min": 0.0
          },
          "nt_id": 815,
          "params": {
            "fmod0": 0.0009409522917942254,
            "kdeg": 0.0002659299777919173,
            "kobs": 0.004446785520293937,
            "log_fmod0": -6.968618119138943,
            "log_fmod0_err": 0.4695675442173536,
            "log_kdeg": -8.23227752522044,
            "log_kdeg_err": 0.27880028462172113,
            "log_kobs": -5.41557379881819,
            "log_kobs_err": 0.11088227730769158,
            "metadata": {
              "base": "C",
              "fmod_run_ids": [
                37,
                38,
                39,
                40,
                41,
                42,
                43
              ],
              "site": 121,
              "valtype": "modrate"
            }
          },
          "valtype": "modrate"
        },
        {
          "diagnostics": {
            "chisq": 1.5504925984749888e-06,
            "covariance": {
              "matrix": [
                [
                  0.0009851669495442711,
                  0.00019725519173395537,
                  -0.025510282271459073
                ],
                [
                  0.00019725519173395537,
                  0.0061282788712696875,
                  -0.031871634302922405
                ],
                [
                  -0.025510282271459073,
                  -0.031871634302922405,
                  0.9185788385621712
                ]
              ],
              "params": [
                "log_kappa",
                "log_kdeg",
                "log_fmod_0"
              ]
            },
            "ndata": 7,
            "nfree": 4,
            "r2": 0.9961881959105853,
            "reduced_chisq": 3.876231496187472e-07,
            "status": "completed",
            "success": true,
            "time_max": 34890.0,
            "time_min": 0.0
