{
  "artifacts": {},
  "engine": "python_baseline",
  "engine_version": "0.1.0",
  "metadata": {
    "buffer_pH": 6.4,
    "done_by": [
      "EKC"
    ],
    "experiment_id": "ekc.01.0xx",
    "fmod_run_id": 885,
    "initial_kdeg": 0.046628528165773286,
    "initial_kdeg_source": "arrhenius:nmr:deg:dms:Schwalbe_bistris",
    "initial_log_kdeg": -3.065542732765291,
    "notes": "Baseline python engine demo using examples/nerd.sqlite",
    "rg_id": 105,
    "rg_label": "80_1_13",
    "rounds_requested": [
      "round1_free",
      "round2_global",
      "round3_constrained"
    ],
    "rt_protocol": [
      "MRT"
    ],
    "selected_site_bases": [
      "17_G",
      "18_G",
      "19_C",
      "1_U",
      "20_A",
      "21_G",
      "22_A",
      "23_U",
      "24_C",
      "25_U",
      "26_G",
      "27_A",
      "28_G",
      "29_C",
      "2_A",
      "30_C",
      "33_G",
      "34_G",
      "35_A",
      "36_G",
      "37_C",
      "38_U",
      "39_C",
      "3_A",
      "40_U",
      "41_C",
      "42_U",
      "43_G",
      "44_C",
      "45_C",
      "51_U",
      "52_U",
      "53_C",
      "54_G",
      "61_A",
      "62_A"
    ],
    "temperature_c": 80.0,
    "valtypes": [
      "modrate",
      "GAmodrate"
    ]
  },
  "rounds": [
    {
      "global_params": {},
      "notes": null,
      "per_nt": [
        {
          "diagnostics": {
            "reason": "Non-zero fmod values are required for a fit.",
            "status": "failed"
          },
          "nt_id": 167,
          "params": {},
          "valtype": "modrate"
        },
        {
          "diagnostics": {
            "reason": "Non-zero fmod values are required for a fit.",
            "status": "failed"
          },
          "nt_id": 168,
          "params": {},
          "valtype": "modrate"
        },
        {
          "diagnostics": {
            "reason": "Non-zero fmod values are required for a fit.",
            "status": "failed"
          },
          "nt_id": 169,
          "params": {},
          "valtype": "modrate"
        },
        {
          "diagnostics": {
            "reason": "Non-zero fmod values are required for a fit.",
            "status": "failed"
          },
          "nt_id": 170,
          "params": {},
          "valtype": "modrate"
        },
        {
          "diagnostics": {
            "chisq": 7.68976946598572e-09,
            "covariance": {
              "matrix": [
                [
                  0.016166251572711666,
                  0.00298924623319046,
                  -0.009982974380189568
                ],
                [
                  0.00298924623319046,
                  0.09164738623673413,
                  -0.009200600878844523
                ],
                [
                  -0.009982974380189568,
                  -0.009200600878844523,
                  0.007904407776021223
                ]
              ],
              "params": [
                "log_kappa",
                "log_kdeg",
                "log_fmod_0"
              ]
            },
            "ndata": 7,
            "nfree": 4,
            "r2": 0.9396244938513392,
            "reduced_chisq": 1.92244236649643e-09,
            "status": "completed",
            "success": true,
            "time_max": 135.0,
            "time_min": 0.0
          },
          "nt_id": 171,
          "params": {
            "fmod0": 0.0004895294043130865,
            "kdeg": 0.09338704693615052,
            "kobs": 0.00037999244338455564,
            "log_fmod0": -7.622066027699609,
            "log_fmod0_err": 0.08890673639281348,
            "log_kdeg": -2.371002627131948,
            "log_kdeg_err": 0.30273319315320235,
            "log_kobs": -7.875359191271685,
            "log_kobs_err": 0.12714657515132552,
            "metadata": {
              "base": "G",
              "fmod_run_ids": [
                884,
                885,
                886,
                887,
                888,
                889,
                890
              ],
              "site": 18,
              "valtype": "modrate"
            }
          },
          "valtype": "modrate"
        },
        {
          "diagnostics": {
            "chisq": 2.5180043633416886e-05,
            "covariance": {
              "matrix": [
                [
                  0.010451301028634978,
                  0.0027224440545289604,
                  -0.18467003469253146
                ],
                [
                  0.0027224440545289604,
                  0.05749415366361658,
                  -0.21379786017326582
                ],
                [
                  -0.18467003469253146,
                  -0.21379786017326582,
                  4.399333585931132
                ]
              ],
              "params": [
                "log_kappa",
                "log_kdeg",
                "log_fmod_0"
              ]
            },
            "ndata": 7,
            "nfree": 4,
            "r2": 0.96144011107812,
            "reduced_chisq": 6.295010908354222e-06,
            "status": "completed",
            "success": true,
            "time_max": 135.0,
            "time_min": 0.0
          },
          "nt_id": 172,
          "params": {
            "fmod0": 0.0011735909144579984,
            "kdeg": 0.06739737959372727,
            "kobs": 0.027533449834898183,
            "log_fmod0": -6.747687072765674,
            "log_fmod0_err": 2.0974588401041707,
            "log_kdeg": -2.6971491402510077,
            "log_kdeg_err": 0.23977938540169916,
            "log_kobs": -3.5923536558405647,
            "log_kobs_err": 0.1022316048423137,
            "metadata": {
              "base": "C",
              "fmod_run_ids": [
                884,
                885,
                886,
                887,
                888,
                889,
                890
              ],
              "site": 19,
              "valtype": "modrate"
            }
          },
          "valtype": "modrate"
        },
        {
          "diagnostics": {
            "chisq": 2.116947333094539e-06,
            "covariance": {
              "matrix": [
                [
                  0.002328762960828444,
                  0.0005971267814286332,
                  -0.06681177157576237
                ],
                [
                  0.0005971267814286332,
                  0.01378058739710587,
                  -0.09132769027288958
                ],
                [
                  -0.06681177157576237,
                  -0.09132769027288958,
                  2.73834032466951
                ]
              ],
              "params": [
                "log_kappa",
                "log_kdeg",
                "log_fmod_0"
              ]
            },
            "ndata": 7,
            "nfree": 4,
            "r2": 0.9910306995845956,
            "reduced_chisq": 5.292368332736348e-07,
            "status": "completed",
            "success": true,
            "time_max": 135.0,
            "time_min": 0.0
          },
          "nt_id": 173,
          "params": {
            "fmod0": 0.000425436161668866,
            "kdeg": 0.055158907865202486,
            "kobs": 0.016550442240865305,
            "log_fmod0": -7.762395652537186,
            "log_fmod0_err": 1.654793136518734,
            "log_kdeg": -2.897537025651116,
            "log_kdeg_err": 0.11739074664174289,
            "log_kobs": -4.101342456013643,
            "log_kobs_err": 0.04825725811552542,
            "metadata": {
              "base": "A",
              "fmod_run_ids": [
                884,
                885,
                886,
                887,
                888,
                889,
                890
              ],
              "site": 20,
              "valtype": "modrate"
            }
          },
          "valtype": "modrate"
        },
        {
          "diagnostics": {
            "chisq": 1.2575614266012327e-08,
            "covariance": {
              "matrix": [
                [
                  0.019214822937947518,
                  -0.02162989955994462,
                  -0.006550275445170096
                ],
                [
                  -0.02162989955994462,
                  0.16956935057977146,
                  -0.02418078678952197
                ],
                [
                  -0.006550275445170096,
                  -0.02418078678952197,
                  0.011185806043796424
                ]
              ],
              "params": [
                "log_kappa",
                "log_kdeg",
                "log_fmod_0"
              ]
            },
            "ndata": 7,
            "nfree": 4,
            "r2": 0.9382655158919794,
            "reduced_chisq": 3.143903566503082e-09,
            "status": "completed",
            "success": true,
            "time_max": 135.0,
            "time_min": 0.0
          },
          "nt_id": 174,
          "params": {
            "fmod0": 0.0004628262137255925,
            "kdeg": 0.024267621067930407,
            "kobs": 0.00047743794630428704,
            "log_fmod0": -7.678158922663709,
            "log_fmod0_err": 0.10576297104278239,
            "log_kdeg": -3.718612283498593,
            "log_kdeg_err": 0.4117879922724453,
            "log_kobs": -7.647076361872114,
            "log_kobs_err": 0.13861754195608691,
            "metadata": {
              "base": "G",
              "fmod_run_ids": [
                884,
                885,
                886,
                887,
                888,
                889,
                890
              ],
              "site": 21,
              "valtype": "modrate"
            }
          },
          "valtype": "modrate"
        },
        {
          "diagnostics": {
            "chisq": 7.326041113571587e-07,
            "covariance": {
              "matrix": [
                [
                  0.0014271965290371799,
                  0.00038976418586730377,
                  -0.030576949900061032
                ],
                [
                  0.00038976418586730377,
                  0.00808034923902224,
                  -0.03766395244111369
                ],
                [
                  -0.030576949900061032,
                  -0.03766395244111369,
                  0.8970165377013758
                ]
              ],
              "params": [
                "log_kappa",
                "log_kdeg",
                "log_fmod_0"
              ]
            },
            "ndata": 7,
            "nfree": 4,
            "r2": 0.9944711774525483,
            "reduced_chisq": 1.8315102783928968e-07,
            "status": "completed",
            "success": true,
            "time_max": 135.0,
            "time_min": 0.0
          },
          "nt_id": 175,
          "params": {
            "fmod0": 0.0004415856957722552,
            "kdeg": 0.06334651012135181,
            "kobs": 0.01247596639430243,
            "log_fmod0": -7.725138455346089,
            "log_fmod0_err": 0.9471095700611286,
            "log_kdeg": -2.7591354625824462,
            "log_kdeg_err": 0.08989076281255065,
            "log_kobs": -4.3839511738677786,
            "log_kobs_err": 0.0377782547113704,
            "metadata": {
              "base": "A",
              "fmod_run_ids": [
                884,
                885,
                886,
                887,
                888,
                889,
                890
              ],
              "site": 22,
              "valtype": "modrate"
            }
          },
          "valtype": "modrate"
        },
        {
          "diagnostics": {
            "chisq": 7.73814050259059e-07,
            "covariance": {
              "matrix": [
                [
                  0.02326667636424107,
                  0.0010373069239553456,
                  -0.04605440921501677
                ],
                [
                  0.0010373069239553456,
                  0.15466953330962108,
                  -0.034084909323755415
                ],
                [
                  -0.04605440921501677,
                  -0.034084909323755415,
                  0.11419043534874421
                ]
              ],
              "params": [
                "log_kappa",
                "log_kdeg",
                "log_fmod_0"
              ]
            },
            "ndata": 7,
            "nfree": 4,
            "r2": 0.9151275008570232,
            "reduced_chisq": 1.9345351256476476e-07,
            "status": "completed",
            "success": true,
            "time_max": 135.0,
            "time_min": 0.0
          },
          "nt_id": 176,
          "params": {
            "fmod0": 0.0012983200307695125,
            "kdeg": 0.12358295280990005,
            "kobs": 0.0031951867046972524,
            "log_fmod0": -6.646684134257165,
            "log_fmod0_err": 0.3379207530601579,
            "log_kdeg": -2.0908426657206944,
            "log_kdeg_err": 0.3932804766443677,
            "log_kobs": -5.7461097563350245,
            "log_kobs_err": 0.15253418097017163,
            "metadata": {
              "base": "U",
              "fmod_run_ids": [
                884,
                885,
                886,
                887,
                888,
                889,
                890
              ],
              "site": 23,
              "valtype": "modrate"
            }
          },
          "valtype": "modrate"
        },
        {
          "diagnostics": {
            "chisq": 3.6499319512745784e-06,
            "covariance": {
              "matrix": [
                [
                  0.0026646389722029358,
                  0.0006455241720164295,
                  -0.0321524282260679
                ],
                [
                  0.0006455241720164295,
                  0.015996172948906595,
                  -0.04530504246376393
                ],
                [
                  -0.0321524282260679,
                  -0.04530504246376393,
                  0.5633074891826408
                ]
              ],
              "params": [
                "log_kappa",
                "log_kdeg",
                "log_fmod_0"
              ]
            },
            "ndata": 7,
            "nfree": 4,
            "r2": 0.9897773906700509,
            "reduced_chisq": 9.124829878186446e-07,
            "status": "completed",
            "success": true,
            "time_max": 135.0,
            "time_min": 0.0
          },
          "nt_id": 177,
          "params": {
            "fmod0": 0.0012276039846522862,
            "kdeg": 0.05283810545762074,
            "kobs": 0.020347832515161268,
            "log_fmod0": -6.702690989335816,
            "log_fmod0_err": 0.7505381330636312,
            "log_kdeg": -2.9405226542928844,
            "log_kdeg_err": 0.1264759777543016,
            "log_kobs": -3.8947808830776447,
            "log_kobs_err": 0.051620141148615004,
            "metadata": {
              "base": "C",
              "fmod_run_ids": [
                884,
                885,
                886,
                887,
                888,
                889,
                890
              ],
              "site": 24,
              "valtype": "modrate"
            }
          },
          "valtype": "modrate"
        },
        {
          "diagnostics": {
            "chisq": 3.687098614072565e-07,
            "covariance": {
              "matrix": [
                [
                  0.036800410244296616,
                  0.005514131700770121,
                  -0.033360125929524975
                ],
                [
                  0.005514131700770121,
                  0.2145108191622637,
                  -0.02890977166454778
                ],
                [
                  -0.033360125929524975,
                  -0.02890977166454778,
                  0.03847537098611725
                ]
              ],
              "params": [
                "log_kappa",
                "log_kdeg",
                "log_fmod_0"
              ]
            },
            "ndata": 7,
            "nfree": 4,
            "r2": 0.8723114317592244,
            "reduced_chisq": 9.217746535181413e-08,
            "status": "completed",
            "success": true,
            "time_max": 135.0,
            "time_min": 0.0
          },
          "nt_id": 178,
          "params": {
            "fmod0": 0.0015391380510652172,
            "kdeg": 0.10097152019104151,
            "kobs": 0.001748515672405843,
            "log_fmod0": -6.476532726351598,
            "log_fmod0_err": 0.19615139812429902,
            "log_kdeg": -2.292916780210755,
            "log_kdeg_err": 0.46315312712132656,
            "log_kobs": -6.348988038157667,
            "log_kobs_err": 0.19183433020264287,
            "metadata": {
              "base": "U",
              "fmod_run_ids": [
                884,
                885,
                886,
                887,
                888,
                889,
                890
              ],
              "site": 25,
              "valtype": "modrate"
            }
          },
          "valtype": "modrate"
        },
        {
          "diagnostics": {
            "chisq": 1.6417159956525325e-08,
            "covariance": {
              "matrix": [
                [
                  0.04680054137822788,
                  0.013074655045805668,
                  -0.01820016872378017
                ],
                [
                  0.013074655045805668,
                  0.26639997390404585,
                  -0.022299813440940355
                ],
                [
                  -0.01820016872378017,
                  -0.022299813440940355,
                  0.009645769548801125
                ]
              ],
              "params": [
                "log_kappa",
                "log_kdeg",
                "log_fmod_0"
              ]
            },
            "ndata": 7,
            "nfree": 4,
            "r2": 0.8441769540291615,
            "reduced_chisq": 4.104289989131331e-09,
            "status": "completed",
            "success": true,
            "time_max": 135.0,
            "time_min": 0.0
          },
          "nt_id": 179,
          "params": {
            "fmod0": 0.0006380715482189482,
            "kdeg": 0.0646998104122692,
            "kobs": 0.0003223758170343676,
            "log_fmod0": -7.357060136363407,
            "log_fmod0_err": 0.09821287873187062,
            "log_kdeg": -2.7379970077381657,
            "log_kdeg_err": 0.5161394907426149,
            "log_kobs": -8.039792559343743,
            "log_kobs_err": 0.2163343277850926,
            "metadata": {
              "base": "G",
              "fmod_run_ids": [
                884,
                885,
                886,
                887,
                888,
                889,
                890
              ],
              "site": 26,
              "valtype": "modrate"
            }
          },
          "valtype": "modrate"
        },
        {
          "diagnostics": {
            "chisq": 1.6247011504666633e-06,
            "covariance": {
              "matrix": [
                [
                  0.0012862259506895327,
                  0.00012109111741524565,
                  -0.02313974382829988
                ],
                [
                  0.00012109111741524565,
                  0.008666279348326675,
                  -0.03941389385176763
                ],
                [
                  -0.02313974382829988,
                  -0.03941389385176763,
                  0.6871415273219755
                ]
              ],
              "params": [
                "log_kappa",
                "log_kdeg",
                "log_fmod_0"
              ]
            },
            "ndata": 7,
            "nfree": 4,
            "r2": 0.9949913011355508,
            "reduced_chisq": 4.061752876166658e-07,
            "status": "completed",
            "success": true,
            "time_max": 135.0,
            "time_min": 0.0
          },
          "nt_id": 180,
          "params": {
            "fmod0": 0.0007241838816478007,
            "kdeg": 0.04202903038595625,
            "kobs": 0.019304096452037497,
            "log_fmod0": -7.2304652176495425,
            "log_fmod0_err": 0.8289400022450211,
            "log_kdeg": -3.1693946998016145,
            "log_kdeg_err": 0.09309285336870213,
            "log_kobs": -3.9474379541925324,
            "log_kobs_err": 0.035863992397522235,
            "metadata": {
              "base": "A",
              "fmod_run_ids": [
                884,
                885,
                886,
                887,
                888,
                889,
                890
              ],
              "site": 27,
              "valtype": "modrate"
            }
          },
          "valtype": "modrate"
        },
        {
          "diagnostics": {
            "chisq": 4.165921086420917e-08,
            "covariance": {
              "matrix": [
                [
                  0.18252089612092837,
                  -0.02994302462777292,
                  -0.05453766270415889
                ],
                [
                  -0.02994302462777292,
                  1.7975512238763425,
                  -0.031297945742633906
                ],
                [
                  -0.05453766270415889,
                  -0.031297945742633906,
                  0.02006906613835363
                ]
              ],
              "params": [
                "log_kappa",
                "log_kdeg",
                "log_fmod_0"
              ]
            },
            "ndata": 7,
            "nfree": 4,
            "r2": 0.5787184256040607,
            "reduced_chisq": 1.0414802716052293e-08,
            "status": "completed",
            "success": true,
            "time_max": 135.0,
            "time_min": 0.0
          },
          "nt_id": 181,
          "params": {
            "fmod0": 0.0007200291683635908,
            "kdeg": 0.16956602986144229,
            "kobs": 0.00026373126766620594,
            "log_fmod0": -7.236218835158648,
            "log_fmod0_err": 0.14166533146240695,
            "log_kdeg": -1.774512871314471,
            "log_kdeg_err": 1.3407278709254695,
            "log_kobs": -8.240579898762773,
            "log_kobs_err": 0.4272246436254917,
            "metadata": {
              "base": "G",
              "fmod_run_ids": [
                884,
                885,
                886,
                887,
                888,
                889,
                890
              ],
              "site": 28,
              "valtype": "modrate"
            }
          },
          "valtype": "modrate"
        },
        {
          "diagnostics": {
            "chisq": 1.993603443884668e-06,
            "covariance": {
              "matrix": [
                [
                  0.0009219029352871169,
                  0.0001557377618526258,
                  -0.014301367449267424
                ],
                [
                  0.0001557377618526258,
                  0.005883837998517621,
                  -0.02243950572037349
                ],
                [
                  -0.014301367449267424,
                  -0.02243950572037349,
                  0.34464560079617396
                ]
              ],
              "params": [
                "log_kappa",
                "log_kdeg",
                "log_fmod_0"
              ]
            },
            "ndata": 7,
            "nfree": 4,
            "r2": 0.996440015820394,
            "reduced_chisq": 4.98400860971167e-07,
            "status": "completed",
            "success": true,
            "time_max": 135.0,
            "time_min": 0.0
          },
          "nt_id": 182,
          "params": {
            "fmod0": 0.0011446210662368098,
            "kdeg": 0.04597479901705106,
            "kobs": 0.02551565069581637,
            "log_fmod0": -6.772681643268888,
            "log_fmod0_err": 0.5870652440710266,
            "log_kdeg": -3.0796618800717033,
            "log_kdeg_err": 0.07670617966316418,
            "log_kobs": -3.66846326230985,
            "log_kobs_err": 0.030362854531270887,
            "metadata": {
              "base": "C",
              "fmod_run_ids": [
                884,
                885,
                886,
                887,
                888,
                889,
                890
              ],
              "site": 29,
              "valtype": "modrate"
            }
          },
          "valtype": "modrate"
        },
        {
          "diagnostics": {
            "chisq": 3.5023765707820965e-06,
            "covariance": {
              "matrix": [
                [
                  0.0021695248657544308,
                  0.00048273512718973,
                  -0.01913389592351745
                ],
                [
                  0.00048273512718973,
                  0.013288789997990014,
                  -0.027973379636339776
                ],
                [
                  -0.01913389592351745,
                  -0.027973379636339776,
                  0.250161643411752
                ]
              ],
              "params": [
                "log_kappa",
                "log_kdeg",
                "log_fmod_0"
              ]
            },
            "ndata": 7,
            "nfree": 4,
            "r2": 0.9916620448051905,
            "reduced_chisq": 8.755941426955241e-07,
            "status": "completed",
            "success": true,
            "time_max": 135.0,
            "time_min": 0.0
          },
          "nt_id": 183,
          "params": {
            "fmod0": 0.0017967651388034603,
            "kdeg": 0.05034106102217846,
            "kobs": 0.022069983794260558,
            "log_fmod0": -6.321767375991855,
            "log_fmod0_err": 0.500161617291603,
            "log_kdeg": -2.9889342123779277,
            "log_kdeg_err": 0.11527701417884666,
            "log_kobs": -3.8135367930019104,
            "log_kobs_err": 0.04657815867715716,
            "metadata": {
              "base": "C",
              "fmod_run_ids": [
                884,
                885,
                886,
                887,
                888,
                889,
                890
              ],
              "site": 30,
              "valtype": "modrate"
            }
          },
          "valtype": "modrate"
        },
        {
          "diagnostics": {
            "chisq": 3.7753208725320056e-07,
            "covariance": {
              "matrix": [
                [
                  0.025982075169169543,
                  0.002501577302869194,
                  -0.032218120870807936
                ],
                [
                  0.002501577302869194,
                  0.16081571221283475,
                  -0.025671163536546075
                ],
                [
                  -0.032218120870807936,
                  -0.025671163536546075,
                  0.050372521943831364
                ]
              ],
              "params": [
                "log_kappa",
                "log_kdeg",
                "log_fmod_0"
              ]
            },
            "ndata": 7,
            "nfree": 4,
            "r2": 0.9061612429774307,
            "reduced_chisq": 9.438302181330014e-08,
            "status": "completed",
            "success": true,
            "time_max": 135.0,
            "time_min": 0.0
          },
          "nt_id": 184,
          "params": {
            "fmod0": 0.001363731601361096,
            "kdeg": 0.11253049342998193,
            "kobs": 0.0021086950699626397,
            "log_fmod0": -6.597530512118929,
            "log_fmod0_err": 0.2244382363676728,
            "log_kdeg": -2.184531041354861,
            "log_kdeg_err": 0.40101834398545255,
            "log_kobs": -6.161685973068079,
            "log_kobs_err": 0.16118956284192082,
            "metadata": {
              "base": "U",
              "fmod_run_ids": [
                884,
                885,
                886,
                887,
                888,
                889,
                890
              ],
              "site": 51,
              "valtype": "modrate"
            }
          },
          "valtype": "modrate"
        },
        {
          "diagnostics": {
            "chisq": 8.791555305772413e-07,
            "covariance": {
              "matrix": [
                [
                  0.03466622843568495,
                  -0.0025113840067485836,
                  -0.04873465283394555
                ],
                [
                  -0.0025113840067485836,
                  0.2827068262862542,
                  -0.031051269889532936
                ],
                [
                  -0.04873465283394555,
                  -0.031051269889532936,
                  0.0848968898523757
                ]
              ],
              "params": [
                "log_kappa",
                "log_kdeg",
                "log_fmod_0"
              ]
            },
            "ndata": 7,
            "nfree": 4,
            "r2": 0.8785816138981624,
            "reduced_chisq": 2.1978888264431033e-07,
            "status": "completed",
            "success": true,
            "time_max": 135.0,
            "time_min": 0.0
          },
          "nt_id": 185,
          "params": {
            "fmod0": 0.0016073907905858127,
            "kdeg": 0.14919791630205986,
            "kobs": 0.002788741571006327,
            "log_fmod0": -6.433143041587528,
            "log_fmod0_err": 0.29137070863828385,
            "log_kdeg": -1.9024815571138876,
            "log_kdeg_err": 0.5317018208415825,
            "log_kobs": -5.882164834720951,
            "log_kobs_err": 0.1861886904075673,
            "metadata": {
              "base": "U",
              "fmod_run_ids": [
                884,
                885,
                886,
                887,
                888,
                889,
                890
              ],
              "site": 52,
              "valtype": "modrate"
            }
          },
          "valtype": "modrate"
        },
        {
          "diagnostics": {
            "chisq": 3.4259628214336813e-07,
            "covariance": {
              "matrix": [
                [
                  0.00017849501518980634,
                  3.264252022471962e-05,
                  -0.001888123368085332
                ],
                [
                  3.264252022471962e-05,
                  0.0011294798209590265,
                  -0.002918402759273891
                ],
                [
                  -0.001888123368085332,
                  -0.002918402759273891,
                  0.030684274137234666
                ]
              ],
              "params": [
                "log_kappa",
                "log_kdeg",
                "log_fmod_0"
              ]
            },
            "ndata": 7,
            "nfree": 4,
            "r2": 0.9993082546968947,
            "reduced_chisq": 8.564907053584203e-08,
            "status": "completed",
            "success": true,
            "time_max": 135.0,
            "time_min": 0.0
          },
          "nt_id": 186,
          "params": {
            "fmod0": 0.0015934428989184497,
            "kdeg": 0.046893049879555344,
            "kobs": 0.02402374943330757,
            "log_fmod0": -6.441858258499508,
            "log_fmod0_err": 0.17516927281128578,
            "log_kdeg": -3.059885804712535,
            "log_kdeg_err": 0.03360773454071289,
            "log_kobs": -3.7287123782045013,
            "log_kobs_err": 0.013360202662752027,
            "metadata": {
              "base": "C",
              "fmod_run_ids": [
                884,
                885,
                886,
                887,
                888,
                889,
                890
              ],
              "site": 53,
              "valtype": "modrate"
            }
          },
          "valtype": "modrate"
        },
        {
          "diagnostics": {
            "chisq": 1.741552726497167e-08,
            "covariance": {
              "matrix": [
                [
                  0.147557270690208,
                  -0.0036107030586200106,
                  -0.04140100576129954
                ],
                [
                  -0.0036107030586200106,
                  1.1044871430674859,
                  -0.028016299642750937
                ],
                [
                  -0.04140100576129954,
                  -0.028016299642750937,
                  0.01444921853242298
                ]
              ],
              "params": [
                "log_kappa",
                "log_kdeg",
                "log_fmod_0"
              ]
            },
            "ndata": 7,
            "nfree": 4,
            "r2": 0.6288838362736333,
            "reduced_chisq": 4.353881816242917e-09,
            "status": "completed",
            "success": true,
            "time_max": 135.0,
            "time_min": 0.0
          },
          "nt_id": 187,
          "params": {
            "fmod0": 0.0005481267484423838,
            "kdeg": 0.13894606475644564,
            "kobs": 0.00018977804612634123,
            "log_fmod0": -7.509004004982237,
            "log_fmod0_err": 0.12020490228115899,
            "log_kdeg": -1.9736694444869025,
            "log_kdeg_err": 1.0509458326038912,
            "log_kobs": -8.5696553469383,
            "log_kobs_err": 0.3841318402452574,
            "metadata": {
              "base": "G",
              "fmod_run_ids": [
                884,
                885,
                886,
                887,
                888,
                889,
                890
              ],
              "site": 54,
              "valtype": "modrate"
            }
          },
          "valtype": "modrate"
        },
        {
          "diagnostics": {
            "chisq": 1.1734220951481882e-08,
            "covariance": {
              "matrix": [
                [
                  623.9836924333632,
                  -663.4868911996476,
                  0.7997346600524681
                ],
                [
                  -663.4868911996476,
                  705.6982182228102,
                  -0.8651607953596366
                ],
                [
                  0.7997346600524681,
                  -0.8651607953596366,
                  0.002809395503279443
                ]
              ],
              "params": [
                "log_kappa",
                "log_kdeg",
                "log_fmod_0"
              ]
            },
            "ndata": 7,
            "nfree": 4,
            "r2": 0.5770450317173015,
            "reduced_chisq": 2.9335552378704705e-09,
            "status": "completed",
            "success": true,
            "time_max": 135.0,
            "time_min": 0.0
          },
          "nt_id": 188,
          "params": {
            "fmod0": 0.0007586663174428455,
            "kdeg": 0.0009154008846836299,
            "kobs": 0.0011598931732057804,
            "log_fmod0": -7.183948511698862,
            "log_fmod0_err": 0.05300373103168722,
            "log_kdeg": -6.996148463300334,
            "log_kdeg_err": 26.564981050676664,
            "log_kobs": -6.759427370168581,
            "log_kobs_err": 24.97966557889363,
            "metadata": {
              "base": "G",
              "fmod_run_ids": [
                884,
                885,
                886,
                887,
                888,
                889,
                890
              ],
              "site": 33,
              "valtype": "modrate"
            }
          },
          "valtype": "modrate"
        },
        {
          "diagnostics": {
            "chisq": 1.6032458777533875e-08,
            "covariance": {
              "matrix": [
                [
                  0.05554467086851207,
                  0.012845067737055573,
                  -0.020659241764362887
                ],
                [
                  0.012845067737055573,
                  0.3481102060891195,
                  -0.030850318381896124
                ],
                [
                  -0.020659241764362887,
                  -0.030850318381896124,
                  0.011427934022454631
                ]
              ],
              "params": [
                "log_kappa",
                "log_kdeg",
                "log_fmod_0"
              ]
            },
            "ndata": 7,
            "nfree": 4,
            "r2": 0.8195146871015858,
            "reduced_chisq": 4.008114694383469e-09,
            "status": "completed",
            "success": true,
            "time_max": 135.0,
            "time_min": 0.0
          },
          "nt_id": 189,
          "params": {
            "fmod0": 0.0005680428628828938,
            "kdeg": 0.050222350271525204,
            "kobs": 0.0002883561722836144,
            "log_fmod0": -7.473313679268302,
            "log_fmod0_err": 0.10690151552926942,
            "log_kdeg": -2.9912951268351127,
            "log_kdeg_err": 0.5900086491646708,
            "log_kobs": -8.15131413260528,
            "log_kobs_err": 0.2356791693563775,
            "metadata": {
              "base": "G",
              "fmod_run_ids": [
                884,
                885,
                886,
                887,
                888,
                889,
                890
              ],
              "site": 34,
              "valtype": "modrate"
            }
          },
          "valtype": "modrate"
        },
        {
          "diagnostics": {
            "chisq": 1.0433852200709498e-06,
            "covariance": {
              "matrix": [
                [
                  0.0012573767820402712,
                  0.0003141531642520838,
                  -0.023386474010547734
                ],
                [
                  0.0003141531642520838,
                  0.007527198807635704,
                  -0.03264987148056212
                ],
                [
                  -0.023386474010547734,
                  -0.03264987148056212,
                  0.6275617075982295
                ]
              ],
              "params": [
                "log_kappa",
                "log_kdeg",
                "log_fmod_0"
              ]
            },
            "ndata": 7,
            "nfree": 4,
            "r2": 0.9951295675869676,
            "reduced_chisq": 2.6084630501773745e-07,
            "status": "completed",
            "success": true,
            "time_max": 135.0,
            "time_min": 0.0
          },
          "nt_id": 190,
          "params": {
            "fmod0": 0.0006226382510023799,
            "kdeg": 0.05374020708528605,
            "kobs": 0.01577658555730142,
            "log_fmod0": -7.381544864320074,
            "log_fmod0_err": 0.7921879244208595,
            "log_kdeg": -2.9235938223357847,
            "log_kdeg_err": 0.08675943065532245,
            "log_kobs": -4.149228364841772,
            "log_kobs_err": 0.03545950904962266,
            "metadata": {
              "base": "A",
              "fmod_run_ids": [
                884,
                885,
                886,
                887,
                888,
                889,
                890
              ],
              "site": 35,
              "valtype": "modrate"
            }
          },
          "valtype": "modrate"
        },
        {
          "diagnostics": {
            "chisq": 2.161076115037237e-08,
            "covariance": {
              "matrix": [
                [
                  0.10737368585877236,
                  0.00427421973334481,
                  -0.026209918321055348
                ],
                [
