{
  "artifacts": {},
  "engine": "python_baseline",
  "engine_version": "0.1.0",
  "metadata": {
    "buffer_pH": 6.4,
    "done_by": [
      "EKC"
    ],
    "experiment_id": "ekc.01.0xx",
    "fmod_run_id": 910,
    "initial_kdeg": 0.046628528165773286,
    "initial_kdeg_source": "arrhenius:nmr:deg:dms:Schwalbe_bistris",
    "initial_log_kdeg": -3.065542732765291,
    "notes": "Baseline python engine demo using examples/nerd.sqlite",
    "rg_id": 114,
    "rg_label": "80_2_11",
    "rounds_requested": [
      "round1_free",
      "round2_global",
      "round3_constrained"
    ],
    "rt_protocol": [
      "MRT"
    ],
    "selected_site_bases": [
      "17_G",
      "18_G",
      "19_C",
      "1_U",
      "20_A",
      "21_G",
      "22_A",
      "23_U",
      "24_C",
      "25_U",
      "26_G",
      "27_A",
      "28_G",
      "29_C",
      "2_A",
      "30_C",
      "31_U",
      "32_G",
      "33_G",
      "34_G",
      "35_G",
      "36_G",
      "37_C",
      "38_U",
      "39_C",
      "3_A",
      "40_U",
      "41_C",
      "42_U",
      "43_G",
      "44_C",
      "45_C",
      "61_A",
      "62_A",
      "63_U",
      "64_C"
    ],
    "temperature_c": 80.0,
    "valtypes": [
      "modrate",
      "GAmodrate"
    ]
  },
  "rounds": [
    {
      "global_params": {},
      "notes": null,
      "per_nt": [
        {
          "diagnostics": {
            "reason": "Non-zero fmod values are required for a fit.",
            "status": "failed"
          },
          "nt_id": 19,
          "params": {},
          "valtype": "modrate"
        },
        {
          "diagnostics": {
            "reason": "Non-zero fmod values are required for a fit.",
            "status": "failed"
          },
          "nt_id": 20,
          "params": {},
          "valtype": "modrate"
        },
        {
          "diagnostics": {
            "reason": "Non-zero fmod values are required for a fit.",
            "status": "failed"
          },
          "nt_id": 21,
          "params": {},
          "valtype": "modrate"
        },
        {
          "diagnostics": {
            "reason": "Non-zero fmod values are required for a fit.",
            "status": "failed"
          },
          "nt_id": 22,
          "params": {},
          "valtype": "modrate"
        },
        {
          "diagnostics": {
            "chisq": 4.686895629433432e-08,
            "covariance": {
              "matrix": [
                [
                  0.021381569047028957,
                  0.003214101241059108,
                  -0.023920219291846276
                ],
                [
                  0.003214101241059108,
                  0.1425390733782637,
                  -0.03950076683730171
                ],
                [
                  -0.023920219291846276,
                  -0.03950076683730171,
                  0.04262872821884984
                ]
              ],
              "params": [
                "log_kappa",
                "log_kdeg",
                "log_fmod_0"
              ]
            },
            "ndata": 7,
            "nfree": 4,
            "r2": 0.9215130446745334,
            "reduced_chisq": 1.171723907358358e-08,
            "status": "completed",
            "success": true,
            "time_max": 135.0,
            "time_min": 0.0
          },
          "nt_id": 23,
          "params": {
            "fmod0": 0.0004963769934078168,
            "kdeg": 0.04437775004419097,
            "kobs": 0.0007900614280636504,
            "log_fmod0": -7.608174852589788,
            "log_fmod0_err": 0.20646725701391452,
            "log_kdeg": -3.1150170602799547,
            "log_kdeg_err": 0.3775434721701114,
            "log_kobs": -7.143399858483534,
            "log_kobs_err": 0.14622437911315936,
            "metadata": {
              "base": "G",
              "fmod_run_ids": [
                905,
                906,
                907,
                908,
                909,
                910,
                911
              ],
              "site": 18,
              "valtype": "modrate"
            }
          },
          "valtype": "modrate"
        },
        {
          "diagnostics": {
            "chisq": 7.555657474964656e-05,
            "covariance": {
              "matrix": [
                [
                  0.01526610778904414,
                  0.003901647099999452,
                  -0.6749580915868105
                ],
                [
                  0.003901647099999452,
                  0.08601905947797216,
                  -0.8542150846222821
                ],
                [
                  -0.6749580915868105,
                  -0.8542150846222821,
                  41.56825200712927
                ]
              ],
              "params": [
                "log_kappa",
                "log_kdeg",
                "log_fmod_0"
              ]
            },
            "ndata": 7,
            "nfree": 4,
            "r2": 0.9453158806847286,
            "reduced_chisq": 1.888914368741164e-05,
            "status": "completed",
            "success": true,
            "time_max": 135.0,
            "time_min": 0.0
          },
          "nt_id": 24,
          "params": {
            "fmod0": 0.0006568147115668579,
            "kdeg": 0.05925521233600653,
            "kobs": 0.03972031406733018,
            "log_fmod0": -7.32810860122359,
            "log_fmod0_err": 6.447344570218755,
            "log_kdeg": -2.8259015309204765,
            "log_kdeg_err": 0.2932900603122652,
            "log_kobs": -3.2258925328039436,
            "log_kobs_err": 0.12355609167112781,
            "metadata": {
              "base": "C",
              "fmod_run_ids": [
                905,
                906,
                907,
                908,
                909,
                910,
                911
              ],
              "site": 19,
              "valtype": "modrate"
            }
          },
          "valtype": "modrate"
        },
        {
          "diagnostics": {
            "chisq": 4.089621453803497e-06,
            "covariance": {
              "matrix": [
                [
                  0.004927528959325727,
                  0.0012415516776585007,
                  -0.1128600525039433
                ],
                [
                  0.0012415516776585007,
                  0.029406669253880587,
                  -0.15665631719908232
                ],
                [
                  -0.1128600525039433,
                  -0.15665631719908232,
                  3.7188769934342116
                ]
              ],
              "params": [
                "log_kappa",
                "log_kdeg",
                "log_fmod_0"
              ]
            },
            "ndata": 7,
            "nfree": 4,
            "r2": 0.9811858971842484,
            "reduced_chisq": 1.0224053634508742e-06,
            "status": "completed",
            "success": true,
            "time_max": 135.0,
            "time_min": 0.0
          },
          "nt_id": 25,
          "params": {
            "fmod0": 0.0005066692053364953,
            "kdeg": 0.054137109704150366,
            "kobs": 0.015784668931852826,
            "log_fmod0": -7.587652222272058,
            "log_fmod0_err": 1.9284390043333524,
            "log_kdeg": -2.9162353818111733,
            "log_kdeg_err": 0.1714837288312818,
            "log_kobs": -4.14871613078397,
            "log_kobs_err": 0.07019636001478799,
            "metadata": {
              "base": "A",
              "fmod_run_ids": [
                905,
                906,
                907,
                908,
                909,
                910,
                911
              ],
              "site": 20,
              "valtype": "modrate"
            }
          },
          "valtype": "modrate"
        },
        {
          "diagnostics": {
            "chisq": 2.6690947837233663e-08,
            "covariance": {
              "matrix": [
                [
                  0.021868784333682768,
                  0.002959465210528228,
                  -0.022956687058726586
                ],
                [
                  0.002959465210528228,
                  0.14716390196842952,
                  -0.038474786080080356
                ],
                [
                  -0.022956687058726586,
                  -0.038474786080080356,
                  0.038835556977420624
                ]
              ],
              "params": [
                "log_kappa",
                "log_kdeg",
                "log_fmod_0"
              ]
            },
            "ndata": 7,
            "nfree": 4,
            "r2": 0.9198038606523476,
            "reduced_chisq": 6.672736959308416e-09,
            "status": "completed",
            "success": true,
            "time_max": 135.0,
            "time_min": 0.0
          },
          "nt_id": 26,
          "params": {
            "fmod0": 0.00039166766876509864,
            "kdeg": 0.043622686167668435,
            "kobs": 0.0005889916181276365,
            "log_fmod0": -7.8450968615082095,
            "log_fmod0_err": 0.19706739196889125,
            "log_kdeg": -3.1321779390027107,
            "log_kdeg_err": 0.38361947548114594,
            "log_kobs": -7.437098605097074,
            "log_kobs_err": 0.1478809802972741,
            "metadata": {
              "base": "G",
              "fmod_run_ids": [
                905,
                906,
                907,
                908,
                909,
                910,
                911
              ],
              "site": 21,
              "valtype": "modrate"
            }
          },
          "valtype": "modrate"
        },
        {
          "diagnostics": {
            "chisq": 3.6966833576976586e-07,
            "covariance": {
              "matrix": [
                [
                  0.0007229374027262335,
                  0.0001950624044387643,
                  -0.011879412733220166
                ],
                [
                  0.0001950624044387643,
                  0.0041905734631553955,
                  -0.015495503712518455
                ],
                [
                  -0.011879412733220166,
                  -0.015495503712518455,
                  0.2729286939395255
                ]
              ],
              "params": [
                "log_kappa",
                "log_kdeg",
                "log_fmod_0"
              ]
            },
            "ndata": 7,
            "nfree": 4,
            "r2": 0.9971898386155585,
            "reduced_chisq": 9.241708394244146e-08,
            "status": "completed",
            "success": true,
            "time_max": 135.0,
            "time_min": 0.0
          },
          "nt_id": 27,
          "params": {
            "fmod0": 0.0005659134571853954,
            "kdeg": 0.05885114289481201,
            "kobs": 0.012403541209079669,
            "log_fmod0": -7.477069393951171,
            "log_fmod0_err": 0.5224257784025645,
            "log_kdeg": -2.8327440249918348,
            "log_kdeg_err": 0.06473463881999648,
            "log_kobs": -4.389773265764353,
            "log_kobs_err": 0.026887495285471154,
            "metadata": {
              "base": "A",
              "fmod_run_ids": [
                905,
                906,
                907,
                908,
                909,
                910,
                911
              ],
              "site": 22,
              "valtype": "modrate"
            }
          },
          "valtype": "modrate"
        },
        {
          "diagnostics": {
            "chisq": 5.946408537609263e-07,
            "covariance": {
              "matrix": [
                [
                  0.017523996502281612,
                  -0.002258552066021212,
                  -0.0344689208388401
                ],
                [
                  -0.002258552066021212,
                  0.15981850831328454,
                  -0.020547698435736846
                ],
                [
                  -0.0344689208388401,
                  -0.020547698435736846,
                  0.08368271876580961
                ]
              ],
              "params": [
                "log_kappa",
                "log_kdeg",
                "log_fmod_0"
              ]
            },
            "ndata": 7,
            "nfree": 4,
            "r2": 0.9348008400354408,
            "reduced_chisq": 1.4866021344023157e-07,
            "status": "completed",
            "success": true,
            "time_max": 135.0,
            "time_min": 0.0
          },
          "nt_id": 28,
          "params": {
            "fmod0": 0.001332002694722717,
            "kdeg": 0.16155201515743245,
            "kobs": 0.003226165698272716,
            "log_fmod0": -6.621071683800883,
            "log_fmod0_err": 0.28927965494622954,
            "log_kdeg": -1.8229281128963148,
            "log_kdeg_err": 0.39977307102065357,
            "log_kobs": -5.736460937215434,
            "log_kobs_err": 0.13237823273590568,
            "metadata": {
              "base": "U",
              "fmod_run_ids": [
                905,
                906,
                907,
                908,
                909,
                910,
                911
              ],
              "site": 23,
              "valtype": "modrate"
            }
          },
          "valtype": "modrate"
        },
        {
          "diagnostics": {
            "chisq": 3.640847723171579e-06,
            "covariance": {
              "matrix": [
                [
                  0.0030293949661765697,
                  0.000804367410970644,
                  -0.030982117293605803
                ],
                [
                  0.000804367410970644,
                  0.016796515708914127,
                  -0.03621057015127138
                ],
                [
                  -0.030982117293605803,
                  -0.03621057015127138,
                  0.4275735278172995
                ]
              ],
              "params": [
                "log_kappa",
                "log_kdeg",
                "log_fmod_0"
              ]
            },
            "ndata": 7,
            "nfree": 4,
            "r2": 0.9884142076470062,
            "reduced_chisq": 9.102119307928948e-07,
            "status": "completed",
            "success": true,
            "time_max": 135.0,
            "time_min": 0.0
          },
          "nt_id": 29,
          "params": {
            "fmod0": 0.0014310217499818073,
            "kdeg": 0.0672341595802579,
            "kobs": 0.01927891022630702,
            "log_fmod0": -6.549366579374617,
            "log_fmod0_err": 0.6538910672407902,
            "log_kdeg": -2.699573833520309,
            "log_kdeg_err": 0.1296013723265079,
            "log_kobs": -3.948743514929046,
            "log_kobs_err": 0.05503993973630939,
            "metadata": {
              "base": "C",
              "fmod_run_ids": [
                905,
                906,
                907,
                908,
                909,
                910,
                911
              ],
              "site": 24,
              "valtype": "modrate"
            }
          },
          "valtype": "modrate"
        },
        {
          "diagnostics": {
            "chisq": 1.4111442093087197e-07,
            "covariance": {
              "matrix": [
                [
                  0.011557950086820578,
                  0.001371644153804229,
                  -0.014263421479872416
                ],
                [
                  0.001371644153804229,
                  0.0696245554749706,
                  -0.011757406045597659
                ],
                [
                  -0.014263421479872416,
                  -0.011757406045597659,
                  0.02227001387957806
                ]
              ],
              "params": [
                "log_kappa",
                "log_kdeg",
                "log_fmod_0"
              ]
            },
            "ndata": 7,
            "nfree": 4,
            "r2": 0.9559908815708494,
            "reduced_chisq": 3.527860523271799e-08,
            "status": "completed",
            "success": true,
            "time_max": 135.0,
            "time_min": 0.0
          },
          "nt_id": 30,
          "params": {
            "fmod0": 0.001253068741655634,
            "kdeg": 0.1077101650651622,
            "kobs": 0.00193191592095251,
            "log_fmod0": -6.68215974291652,
            "log_fmod0_err": 0.14923141049919103,
            "log_kdeg": -2.228311316124465,
            "log_kdeg_err": 0.2638646537052104,
            "log_kobs": -6.249243063314517,
            "log_kobs_err": 0.1075079070897605,
            "metadata": {
              "base": "U",
              "fmod_run_ids": [
                905,
                906,
                907,
                908,
                909,
                910,
                911
              ],
              "site": 25,
              "valtype": "modrate"
            }
          },
          "valtype": "modrate"
        },
        {
          "diagnostics": {
            "chisq": 7.070197406112036e-09,
            "covariance": {
              "matrix": [
                [
                  0.08277277047983522,
                  -0.14109151605517192,
                  0.007984617188313677
                ],
                [
                  -0.14109151605517192,
                  0.2556266976604137,
                  -0.01985117914578519
                ],
                [
                  0.007984617188313677,
                  -0.01985117914578519,
                  0.004351077834501343
                ]
              ],
              "params": [
                "log_kappa",
                "log_kdeg",
                "log_fmod_0"
              ]
            },
            "ndata": 7,
            "nfree": 4,
            "r2": 0.9807943960152553,
            "reduced_chisq": 1.767549351528009e-09,
            "status": "completed",
            "success": true,
            "time_max": 135.0,
            "time_min": 0.0
          },
          "nt_id": 31,
          "params": {
            "fmod0": 0.000500958439442899,
            "kdeg": 0.008240582961397838,
            "kobs": 0.0009475961863681427,
            "log_fmod0": -7.598987415524177,
            "log_fmod0_err": 0.06596270032754377,
            "log_kdeg": -4.798684189820804,
            "log_kdeg_err": 0.5055953892792275,
            "log_kobs": -6.961582110204265,
            "log_kobs_err": 0.2877025729461508,
            "metadata": {
              "base": "G",
              "fmod_run_ids": [
                905,
                906,
                907,
                908,
                909,
                910,
                911
              ],
              "site": 26,
              "valtype": "modrate"
            }
          },
          "valtype": "modrate"
        },
        {
          "diagnostics": {
            "chisq": 2.4164579953732534e-06,
            "covariance": {
              "matrix": [
                [
                  0.00448616795099418,
                  0.0010294178866983956,
                  -0.2849142682571533
                ],
                [
                  0.0010294178866983956,
                  0.02766294723197888,
                  -0.4180725774337366
                ],
                [
                  -0.2849142682571533,
                  -0.4180725774337366,
                  26.77615420823731
                ]
              ],
              "params": [
                "log_kappa",
                "log_kdeg",
                "log_fmod_0"
              ]
            },
            "ndata": 7,
            "nfree": 4,
            "r2": 0.9827505100957116,
            "reduced_chisq": 6.041144988433133e-07,
            "status": "completed",
            "success": true,
            "time_max": 135.0,
            "time_min": 0.0
          },
          "nt_id": 32,
          "params": {
            "fmod0": 0.00014430720033026194,
            "kdeg": 0.050637259182548036,
            "kobs": 0.012626072461489543,
            "log_fmod0": -8.843566195090716,
            "log_fmod0_err": 5.174568021413702,
            "log_kdeg": -2.983067626178326,
            "log_kdeg_err": 0.16632181826801581,
            "log_kobs": -4.371991359983827,
            "log_kobs_err": 0.0669788619714771,
            "metadata": {
              "base": "A",
              "fmod_run_ids": [
                905,
                906,
                907,
                908,
                909,
                910,
                911
              ],
              "site": 27,
              "valtype": "modrate"
            }
          },
          "valtype": "modrate"
        },
        {
          "diagnostics": {
            "chisq": 1.4024253411365081e-08,
            "covariance": {
              "matrix": [
                [
                  0.02041065622990629,
                  0.005486593544457286,
                  -0.015471317716586691
                ],
                [
                  0.005486593544457286,
                  0.1139047242495712,
                  -0.01762734673900725
                ],
                [
                  -0.015471317716586691,
                  -0.01762734673900725,
                  0.01565447697905779
                ]
              ],
              "params": [
                "log_kappa",
                "log_kdeg",
                "log_fmod_0"
              ]
            },
            "ndata": 7,
            "nfree": 4,
            "r2": 0.9254520772928224,
            "reduced_chisq": 3.5060633528412703e-09,
            "status": "completed",
            "success": true,
            "time_max": 135.0,
            "time_min": 0.0
          },
          "nt_id": 33,
          "params": {
            "fmod0": 0.0004652515720004059,
            "kdeg": 0.07103115108749122,
            "kobs": 0.0004531309790249434,
            "log_fmod0": -7.672932283618163,
            "log_fmod0_err": 0.12511785235951658,
            "log_kdeg": -2.644636750451311,
            "log_kdeg_err": 0.33749773962142504,
            "log_kobs": -7.699329337352859,
            "log_kobs_err": 0.14286586796679707,
            "metadata": {
              "base": "G",
              "fmod_run_ids": [
                905,
                906,
                907,
                908,
                909,
                910,
                911
              ],
              "site": 28,
              "valtype": "modrate"
            }
          },
          "valtype": "modrate"
        },
        {
          "diagnostics": {
            "chisq": 7.126565746120179e-06,
            "covariance": {
              "matrix": [
                [
                  0.005388741945917543,
                  0.0011779926948820231,
                  -0.07717588454831718
                ],
                [
                  0.0011779926948820231,
                  0.033241339530588984,
                  -0.11399568144586333
                ],
                [
                  -0.07717588454831718,
                  -0.11399568144586333,
                  1.6469011507681686
                ]
              ],
              "params": [
                "log_kappa",
                "log_kdeg",
                "log_fmod_0"
              ]
            },
            "ndata": 7,
            "nfree": 4,
            "r2": 0.9794930238073937,
            "reduced_chisq": 1.7816414365300448e-06,
            "status": "completed",
            "success": true,
            "time_max": 135.0,
            "time_min": 0.0
          },
          "nt_id": 34,
          "params": {
            "fmod0": 0.000997887791025723,
            "kdeg": 0.04981539854531022,
            "kobs": 0.019918710836207033,
            "log_fmod0": -6.909869721815929,
            "log_fmod0_err": 1.283316465556399,
            "log_kdeg": -2.999431135009237,
            "log_kdeg_err": 0.18232207636649211,
            "log_kobs": -3.916095745977804,
            "log_kobs_err": 0.07340805096116872,
            "metadata": {
              "base": "C",
              "fmod_run_ids": [
                905,
                906,
                907,
                908,
                909,
                910,
                911
              ],
              "site": 29,
              "valtype": "modrate"
            }
          },
          "valtype": "modrate"
        },
        {
          "diagnostics": {
            "chisq": 1.9772546537993347e-06,
            "covariance": {
              "matrix": [
                [
                  0.0016021288890236051,
                  0.0003559172622041425,
                  -0.027422147560703446
                ],
                [
                  0.0003559172622041425,
                  0.009857774621304228,
                  -0.0403072189034449
                ],
                [
                  -0.027422147560703446,
                  -0.0403072189034449,
                  0.6971470223452403
                ]
              ],
              "params": [
                "log_kappa",
                "log_kdeg",
                "log_fmod_0"
              ]
            },
            "ndata": 7,
            "nfree": 4,
            "r2": 0.9938109771300904,
            "reduced_chisq": 4.943136634498337e-07,
            "status": "completed",
            "success": true,
            "time_max": 135.0,
            "time_min": 0.0
          },
          "nt_id": 35,
          "params": {
            "fmod0": 0.0008083679332841441,
            "kdeg": 0.050159424471596215,
            "kobs": 0.019235303814691202,
            "log_fmod0": -7.120493240114009,
            "log_fmod0_err": 0.8349533054879418,
            "log_kdeg": -2.992548856575047,
            "log_kdeg_err": 0.09928632645689046,
            "log_kobs": -3.9510079480135496,
            "log_kobs_err": 0.040026602266787586,
            "metadata": {
              "base": "C",
              "fmod_run_ids": [
                905,
                906,
                907,
                908,
                909,
                910,
                911
              ],
              "site": 30,
              "valtype": "modrate"
            }
          },
          "valtype": "modrate"
        },
        {
          "diagnostics": {
            "chisq": 1.5548976718042514e-07,
            "covariance": {
              "matrix": [
                [
                  0.012571162759143044,
                  0.0009182365041760594,
                  -0.017229864053001618
                ],
                [
                  0.0009182365041760594,
                  0.08028778990826846,
                  -0.013273242896646527
                ],
                [
                  -0.017229864053001618,
                  -0.013273242896646527,
                  0.0296808477180087
                ]
              ],
              "params": [
                "log_kappa",
                "log_kdeg",
                "log_fmod_0"
              ]
            },
            "ndata": 7,
            "nfree": 4,
            "r2": 0.9522484677587735,
            "reduced_chisq": 3.8872441795106284e-08,
            "status": "completed",
            "success": true,
            "time_max": 135.0,
            "time_min": 0.0
          },
          "nt_id": 36,
          "params": {
            "fmod0": 0.0011408434026663427,
            "kdeg": 0.11756405794756777,
            "kobs": 0.0019457057385666207,
            "log_fmod0": -6.775987463212449,
            "log_fmod0_err": 0.17228130402922048,
            "log_kdeg": -2.140771919929438,
            "log_kdeg_err": 0.28335100124804297,
            "log_kobs": -6.2421305201329025,
            "log_kobs_err": 0.11212119674326994,
            "metadata": {
              "base": "U",
              "fmod_run_ids": [
                905,
                906,
                907,
                908,
                909,
                910,
                911
              ],
              "site": 31,
              "valtype": "modrate"
            }
          },
          "valtype": "modrate"
        },
        {
          "diagnostics": {
            "chisq": 6.47104131371903e-08,
            "covariance": {
              "matrix": [
                [
                  0.01616401029975489,
                  0.0009006665279524003,
                  -0.02361077614479561
                ],
                [
                  0.0009006665279524003,
                  0.1059535508481187,
                  -0.017754973259197046
                ],
                [
                  -0.02361077614479561,
                  -0.017754973259197046,
                  0.04325243076309116
                ]
              ],
              "params": [
                "log_kappa",
                "log_kdeg",
                "log_fmod_0"
              ]
            },
            "ndata": 7,
            "nfree": 4,
            "r2": 0.9393570320117196,
            "reduced_chisq": 1.6177603284297576e-08,
            "status": "completed",
            "success": true,
            "time_max": 135.0,
            "time_min": 0.0
          },
          "nt_id": 37,
          "params": {
            "fmod0": 0.000609908467971087,
            "kdeg": 0.12139938461763985,
            "kobs": 0.0011061544574699188,
            "log_fmod0": -7.402201664562336,
            "log_fmod0_err": 0.20797218747489088,
            "log_kdeg": -2.1086694694170345,
            "log_kdeg_err": 0.32550507038772636,
            "log_kobs": -6.806865731500791,
            "log_kobs_err": 0.1271377611087866,
            "metadata": {
              "base": "G",
              "fmod_run_ids": [
                905,
                906,
                907,
                908,
                909,
                910,
                911
              ],
              "site": 32,
              "valtype": "modrate"
            }
          },
          "valtype": "modrate"
        },
        {
          "diagnostics": {
            "chisq": 3.768037889070349e-08,
            "covariance": {
              "matrix": [
                [
                  51.203927005387285,
                  -51.30370327326783,
                  -0.09091255205538838
                ],
                [
                  -51.30370327326783,
                  51.74330217426786,
                  0.057200128147422855
                ],
                [
                  -0.09091255205538838,
                  0.057200128147422855,
                  0.006108656927418546
                ]
              ],
              "params": [
                "log_kappa",
                "log_kdeg",
                "log_fmod_0"
              ]
            },
            "ndata": 7,
            "nfree": 4,
            "r2": 0.4262062638195001,
            "reduced_chisq": 9.420094722675872e-09,
            "status": "completed",
            "success": true,
            "time_max": 135.0,
            "time_min": 0.0
          },
          "nt_id": 38,
          "params": {
            "fmod0": 0.0007242175741641121,
            "kdeg": 3.7559360242268734e-14,
            "kobs": 35218426.12039477,
            "log_fmod0": -7.230418693923427,
            "log_fmod0_err": 0.07815789740914571,
            "log_kdeg": -30.912853773669127,
            "log_kdeg_err": 7.193281738835749,
            "log_kobs": 17.377079972935448,
            "log_kobs_err": 7.155691930581367,
            "metadata": {
              "base": "G",
              "fmod_run_ids": [
                905,
                906,
                907,
                908,
                909,
                910,
                911
              ],
              "site": 33,
              "valtype": "modrate"
            }
          },
          "valtype": "modrate"
        },
        {
          "diagnostics": {
            "chisq": 2.123309118201498e-08,
            "covariance": {
              "matrix": [
                [
                  0.046285779185418645,
                  0.010970528046610724,
                  -0.014584488495037014
                ],
                [
                  0.010970528046610724,
                  0.28834528328124165,
                  -0.0215594777007299
                ],
                [
                  -0.014584488495037014,
                  -0.0215594777007299,
                  0.006794811139044877
                ]
              ],
              "params": [
                "log_kappa",
                "log_kdeg",
                "log_fmod_0"
              ]
            },
            "ndata": 7,
            "nfree": 4,
            "r2": 0.8450113471401974,
            "reduced_chisq": 5.308272795503745e-09,
            "status": "completed",
            "success": true,
            "time_max": 135.0,
            "time_min": 0.0
          },
          "nt_id": 39,
          "params": {
            "fmod0": 0.0008488185790852666,
            "kdeg": 0.050856099273082926,
            "kobs": 0.0003638136701298293,
            "log_fmod0": -7.071665082255059,
            "log_fmod0_err": 0.08243064441726072,
            "log_kdeg": -2.978755217307247,
            "log_kdeg_err": 0.5369779169400187,
            "log_kobs": -7.9188687166383565,
            "log_kobs_err": 0.21514130051066124,
            "metadata": {
              "base": "G",
              "fmod_run_ids": [
                905,
                906,
                907,
                908,
                909,
                910,
                911
              ],
              "site": 34,
              "valtype": "modrate"
            }
          },
          "valtype": "modrate"
        },
        {
          "diagnostics": {
            "chisq": 1.588426729228126e-08,
            "covariance": {
              "matrix": [
                [
                  0.04384632294520949,
                  0.008648493090934586,
                  -0.023720314560984737
                ],
                [
                  0.008648493090934586,
                  0.24658817386213053,
                  -0.022381897949536666
                ],
                [
                  -0.023720314560984737,
                  -0.022381897949536666,
                  0.01650938638293354
                ]
              ],
              "params": [
                "log_kappa",
                "log_kdeg",
                "log_fmod_0"
              ]
            },
            "ndata": 7,
            "nfree": 4,
            "r2": 0.8516978000112453,
            "reduced_chisq": 3.971066823070315e-09,
            "status": "completed",
            "success": true,
            "time_max": 135.0,
            "time_min": 0.0
          },
          "nt_id": 40,
          "params": {
            "fmod0": 0.00048644635637561464,
            "kdeg": 0.09059192523457342,
            "kobs": 0.00033140950374252833,
            "log_fmod0": -7.628383926805005,
            "log_fmod0_err": 0.12848885703800755,
            "log_kdeg": -2.4013901953513215,
            "log_kdeg_err": 0.49657645318936594,
            "log_kobs": -8.012155775825587,
            "log_kobs_err": 0.20939513591583137,
            "metadata": {
              "base": "G",
              "fmod_run_ids": [
                905,
                906,
                907,
                908,
                909,
                910,
                911
              ],
              "site": 35,
              "valtype": "modrate"
            }
          },
          "valtype": "modrate"
        },
        {
          "diagnostics": {
            "chisq": 7.97947223648335e-09,
            "covariance": {
              "matrix": [
                [
                  0.008299291404828652,
                  0.0018162048955285878,
                  -0.006740730332843885
                ],
                [
                  0.0018162048955285878,
                  0.046172409825275706,
                  -0.006651259833400324
                ],
                [
                  -0.006740730332843885,
                  -0.006651259833400324,
                  0.007093600942788486
                ]
              ],
              "params": [
                "log_kappa",
                "log_kdeg",
                "log_fmod_0"
              ]
            },
            "ndata": 7,
            "nfree": 4,
            "r2": 0.9681523578533159,
            "reduced_chisq": 1.9948680591208375e-09,
            "status": "completed",
            "success": true,
            "time_max": 135.0,
            "time_min": 0.0
          },
          "nt_id": 41,
          "params": {
            "fmod0": 0.0005251110062821705,
            "kdeg": 0.0854777566043554,
            "kobs": 0.0005393109992236491,
            "log_fmod0": -7.551900877185583,
            "log_fmod0_err": 0.08422351775358523,
            "log_kdeg": -2.4594990935602463,
            "log_kdeg_err": 0.2148776624623316,
            "log_kobs": -7.525218160457948,
            "log_kobs_err": 0.09110044678720655,
            "metadata": {
              "base": "G",
              "fmod_run_ids": [
                905,
                906,
                907,
                908,
                909,
                910,
                911
              ],
              "site": 36,
              "valtype": "modrate"
            }
          },
          "valtype": "modrate"
        },
        {
          "diagnostics": {
            "chisq": 9.864894626999124e-06,
            "covariance": {
              "matrix": [
                [
                  0.00710882587440054,
                  0.0014093796262269736,
                  -0.17764480868534335
                ],
                [
                  0.0014093796262269736,
                  0.04464276309805832,
                  -0.2704295943722071
                ],
                [
                  -0.17764480868534335,
                  -0.2704295943722071,
                  6.740260024742576
                ]
              ],
              "params": [
                "log_kappa",
                "log_kdeg",
                "log_fmod_0"
              ]
            },
            "ndata": 7,
            "nfree": 4,
            "r2": 0.9730962452851347,
            "reduced_chisq": 2.466223656749781e-06,
            "status": "completed",
            "success": true,
            "time_max": 135.0,
            "time_min": 0.0
          },
          "nt_id": 42,
          "params": {
            "fmod0": 0.0005781585871694704,
            "kdeg": 0.04796385967535509,
            "kobs": 0.020372001387163188,
            "log_fmod0": -7.455662354659563,
            "log_fmod0_err": 2.5962010755607077,
            "log_kdeg": -3.0373074750935505,
            "log_kdeg_err": 0.21128834113139874,
            "log_kobs": -3.8935938018681266,
            "log_kobs_err": 0.08431385339551585,
            "metadata": {
              "base": "C",
              "fmod_run_ids": [
                905,
                906,
                907,
                908,
                909,
                910,
                911
              ],
              "site": 37,
              "valtype": "modrate"
            }
          },
          "valtype": "modrate"
        },
        {
          "diagnostics": {
            "chisq": 1.8572821796724257e-07,
            "covariance": {
              "matrix": [
                [
                  0.018155413627060763,
                  0.0010023899996863975,
                  -0.032938125659780985
                ],
                [
                  0.0010023899996863975,
