{
  "artifacts": {},
  "engine": "python_baseline",
  "engine_version": "0.1.0",
  "metadata": {
    "buffer_pH": 6.5,
    "done_by": [
      "EKC"
    ],
    "experiment_id": "ekc.01.0xx",
    "fmod_run_id": 537,
    "initial_kdeg": 0.007907975508123503,
    "initial_kdeg_source": "arrhenius:nmr:deg:dms:Schwalbe_bistris",
    "initial_log_kdeg": -4.839883470779789,
    "notes": "Baseline python engine demo using examples/nerd.sqlite",
    "rg_id": 17,
    "rg_label": "60_2",
    "rounds_requested": [
      "round1_free",
      "round2_global",
      "round3_constrained"
    ],
    "temperature_c": 60.0,
    "valtypes": [
      "modrate",
      "GAmodrate"
    ]
  },
  "rounds": [
    {
      "global_params": {},
      "notes": null,
      "per_nt": [
        {
          "diagnostics": {
            "reason": "Non-zero fmod values are required for a fit.",
            "status": "failed"
          },
          "nt_id": 390,
          "params": {},
          "valtype": "modrate"
        },
        {
          "diagnostics": {
            "reason": "Non-zero fmod values are required for a fit.",
            "status": "failed"
          },
          "nt_id": 391,
          "params": {},
          "valtype": "modrate"
        },
        {
          "diagnostics": {
            "reason": "Non-zero fmod values are required for a fit.",
            "status": "failed"
          },
          "nt_id": 392,
          "params": {},
          "valtype": "modrate"
        },
        {
          "diagnostics": {
            "reason": "Non-zero fmod values are required for a fit.",
            "status": "failed"
          },
          "nt_id": 393,
          "params": {},
          "valtype": "modrate"
        },
        {
          "diagnostics": {
            "chisq": 1.9819252194717097e-07,
            "covariance": {
              "matrix": [
                [
                  0.09842122197957032,
                  0.028011832081120708,
                  -0.0835617984559086
                ],
                [
                  0.028011832081120708,
                  0.5474420014618916,
                  -0.11230901851079567
                ],
                [
                  -0.0835617984559086,
                  -0.11230901851079567,
                  0.10110695581721985
                ]
              ],
              "params": [
                "log_kappa",
                "log_kdeg",
                "log_fmod_0"
              ]
            },
            "ndata": 7,
            "nfree": 4,
            "r2": 0.7206426842772324,
            "reduced_chisq": 4.954813048679274e-08,
            "status": "completed",
            "success": true,
            "time_max": 540.0,
            "time_min": 0.0
          },
          "nt_id": 394,
          "params": {
            "fmod0": 0.0006728416477870578,
            "kdeg": 0.017624525635738342,
            "kobs": 0.0007675923131039729,
            "log_fmod0": -7.304000549040871,
            "log_fmod0_err": 0.3179731998411499,
            "log_kdeg": -4.03846384493035,
            "log_kdeg_err": 0.7398932365293601,
            "log_kobs": -7.1722518080758,
            "log_kobs_err": 0.3137215676034568,
            "metadata": {
              "base": "U",
              "fmod_run_ids": [
                531,
                532,
                533,
                534,
                535,
                536,
                537
              ],
              "site": 5,
              "valtype": "modrate"
            }
          },
          "valtype": "modrate"
        },
        {
          "diagnostics": {
            "chisq": 1.4616970275049516e-08,
            "covariance": {
              "matrix": [
                [
                  0.018785964305921908,
                  0.0011425560508773783,
                  -0.01758416355607202
                ],
                [
                  0.0011425560508773783,
                  0.13021736333414025,
                  -0.03389519027966005
                ],
                [
                  -0.01758416355607202,
                  -0.03389519027966005,
                  0.029880794692150513
                ]
              ],
              "params": [
                "log_kappa",
                "log_kdeg",
                "log_fmod_0"
              ]
            },
            "ndata": 7,
            "nfree": 4,
            "r2": 0.9301705954642109,
            "reduced_chisq": 3.654242568762379e-09,
            "status": "completed",
            "success": true,
            "time_max": 540.0,
            "time_min": 0.0
          },
          "nt_id": 395,
          "params": {
            "fmod0": 0.0003186013439864799,
            "kdeg": 0.011058657729949318,
            "kobs": 0.00046575348674824106,
            "log_fmod0": -8.051569942083916,
            "log_fmod0_err": 0.1728606221559743,
            "log_kdeg": -4.504541652825376,
            "log_kdeg_err": 0.3608564303627417,
            "log_kobs": -7.671854062201976,
            "log_kobs_err": 0.1370618995414915,
            "metadata": {
              "base": "G",
              "fmod_run_ids": [
                531,
                532,
                533,
                534,
                535,
                536,
                537
              ],
              "site": 6,
              "valtype": "modrate"
            }
          },
          "valtype": "modrate"
        },
        {
          "diagnostics": {
            "chisq": 1.3840445558530362e-06,
            "covariance": {
              "matrix": [
                [
                  0.00035200299950298637,
                  -0.00010947408886664881,
                  -0.012902272070853005
                ],
                [
                  -0.00010947408886664881,
                  0.0027115165254842327,
                  -0.030950671428326106
                ],
                [
                  -0.012902272070853005,
                  -0.030950671428326106,
                  1.1379985532296473
                ]
              ],
              "params": [
                "log_kappa",
                "log_kdeg",
                "log_fmod_0"
              ]
            },
            "ndata": 7,
            "nfree": 4,
            "r2": 0.99866113847234,
            "reduced_chisq": 3.4601113896325906e-07,
            "status": "completed",
            "success": true,
            "time_max": 540.0,
            "time_min": 0.0
          },
          "nt_id": 396,
          "params": {
            "fmod0": 0.00048686114900141835,
            "kdeg": 0.008777357960719986,
            "kobs": 0.03463730788968703,
            "log_fmod0": -7.62753159052151,
            "log_fmod0_err": 1.0667701501399667,
            "log_kdeg": -4.735579832254843,
            "log_kdeg_err": 0.05207222412653634,
            "log_kobs": -3.362823915118431,
            "log_kobs_err": 0.018761742976146602,
            "metadata": {
              "base": "A",
              "fmod_run_ids": [
                531,
                532,
                533,
                534,
                535,
                536,
                537
              ],
              "site": 7,
              "valtype": "modrate"
            }
          },
          "valtype": "modrate"
        },
        {
          "diagnostics": {
            "chisq": 8.814607540491667e-07,
            "covariance": {
              "matrix": [
                [
                  0.0002050228765483551,
                  -4.3808366920105645e-05,
                  -0.004130266086194141
                ],
                [
                  -4.3808366920105645e-05,
                  0.0015326223214163317,
                  -0.00932807914068367
                ],
                [
                  -0.004130266086194141,
                  -0.00932807914068367,
                  0.1850356988780501
                ]
              ],
              "params": [
                "log_kappa",
                "log_kdeg",
                "log_fmod_0"
              ]
            },
            "ndata": 7,
            "nfree": 4,
            "r2": 0.9992159826382586,
            "reduced_chisq": 2.2036518851229166e-07,
            "status": "completed",
            "success": true,
            "time_max": 540.0,
            "time_min": 0.0
          },
          "nt_id": 397,
          "params": {
            "fmod0": 0.0009710015201534668,
            "kdeg": 0.00921777867829996,
            "kobs": 0.03610368863165933,
            "log_fmod0": -6.937182524119626,
            "log_fmod0_err": 0.43015776045312737,
            "log_kdeg": -4.686621194703024,
            "log_kdeg_err": 0.039148720559123405,
            "log_kobs": -3.3213602407008262,
            "log_kobs_err": 0.014318619924711846,
            "metadata": {
              "base": "A",
              "fmod_run_ids": [
                531,
                532,
                533,
                534,
                535,
                536,
                537
              ],
              "site": 8,
              "valtype": "modrate"
            }
          },
          "valtype": "modrate"
        },
        {
          "diagnostics": {
            "chisq": 6.120634209864426e-06,
            "covariance": {
              "matrix": [
                [
                  0.0009415847845241612,
                  -0.00012802756195557234,
                  -0.01964461983936832
                ],
                [
                  -0.00012802756195557234,
                  0.006793702392890187,
                  -0.0419078574827122
                ],
                [
                  -0.01964461983936832,
                  -0.0419078574827122,
                  0.8551538116667489
                ]
              ],
              "params": [
                "log_kappa",
                "log_kdeg",
                "log_fmod_0"
              ]
            },
            "ndata": 7,
            "nfree": 4,
            "r2": 0.9964296464631115,
            "reduced_chisq": 1.5301585524661065e-06,
            "status": "completed",
            "success": true,
            "time_max": 540.0,
            "time_min": 0.0
          },
          "nt_id": 398,
          "params": {
            "fmod0": 0.0011990240769514228,
            "kdeg": 0.00963173371279336,
            "kobs": 0.04467913961313718,
            "log_fmod0": -6.726247322278142,
            "log_fmod0_err": 0.9247452685289873,
            "log_kdeg": -4.642692036894867,
            "log_kdeg_err": 0.08242391881541539,
            "log_kobs": -3.108248561610748,
            "log_kobs_err": 0.030685253535275885,
            "metadata": {
              "base": "C",
              "fmod_run_ids": [
                531,
                532,
                533,
                534,
                535,
                536,
                537
              ],
              "site": 9,
              "valtype": "modrate"
            }
          },
          "valtype": "modrate"
        },
        {
          "diagnostics": {
            "chisq": 2.0431690036569845e-07,
            "covariance": {
              "matrix": [
                [
                  1.7819739553397516,
                  0.2623697425164398,
                  -0.27607553124097983
                ],
                [
                  0.2623697425164398,
                  10.182104405983567,
                  -0.24964828704605516
                ],
                [
                  -0.27607553124097983,
                  -0.24964828704605516,
                  0.05505844503782258
                ]
              ],
              "params": [
                "log_kappa",
                "log_kdeg",
                "log_fmod_0"
              ]
            },
            "ndata": 7,
            "nfree": 4,
            "r2": 0.12345598425165061,
            "reduced_chisq": 5.107922509142461e-08,
            "status": "completed",
            "success": true,
            "time_max": 540.0,
            "time_min": 0.0
          },
          "nt_id": 399,
          "params": {
            "fmod0": 0.0009561737582274391,
            "kdeg": 0.03180612164283482,
            "kobs": 0.00018678578168255917,
            "log_fmod0": -6.952570905960364,
            "log_fmod0_err": 0.23464536014552384,
            "log_kdeg": -3.448096503230957,
            "log_kdeg_err": 3.1909409906771335,
            "log_kobs": -8.585548150256166,
            "log_kobs_err": 1.3349059724713765,
            "metadata": {
              "base": "U",
              "fmod_run_ids": [
                531,
                532,
                533,
                534,
                535,
                536,
                537
              ],
              "site": 10,
              "valtype": "modrate"
            }
          },
          "valtype": "modrate"
        },
        {
          "diagnostics": {
            "chisq": 4.5680265404457533e-07,
            "covariance": {
              "matrix": [
                [
                  0.7941084971369997,
                  0.17316329106462944,
                  -0.30000755444695093
                ],
                [
                  0.17316329106462944,
                  4.299538597886302,
                  -0.31043289764164594
                ],
                [
                  -0.30000755444695093,
                  -0.31043289764164594,
                  0.1493668864787216
                ]
              ],
              "params": [
                "log_kappa",
                "log_kdeg",
                "log_fmod_0"
              ]
            },
            "ndata": 7,
            "nfree": 4,
            "r2": 0.24113037636828127,
            "reduced_chisq": 1.1420066351114383e-07,
            "status": "completed",
            "success": true,
            "time_max": 540.0,
            "time_min": 0.0
          },
          "nt_id": 400,
          "params": {
            "fmod0": 0.0008622764192944041,
            "kdeg": 0.02618519428438853,
            "kobs": 0.00041682303683559147,
            "log_fmod0": -7.0559346666695975,
            "log_fmod0_err": 0.38648012429971296,
            "log_kdeg": -3.6425611315956252,
            "log_kdeg_err": 2.0735328784194147,
            "log_kobs": -7.782848798333697,
            "log_kobs_err": 0.8911276547930715,
            "metadata": {
              "base": "U",
              "fmod_run_ids": [
                531,
                532,
                533,
                534,
                535,
                536,
                537
              ],
              "site": 11,
              "valtype": "modrate"
            }
          },
          "valtype": "modrate"
        },
        {
          "diagnostics": {
            "chisq": 4.478307971465881e-07,
            "covariance": {
              "matrix": [
                [
                  0.32541455736887004,
                  0.056541760446429605,
                  -0.15843084166791127
                ],
                [
                  0.056541760446429605,
                  1.813828909659254,
                  -0.15020856390302045
                ],
                [
                  -0.15843084166791127,
                  -0.15020856390302045,
                  0.10003214845186523
                ]
              ],
              "params": [
                "log_kappa",
                "log_kdeg",
                "log_fmod_0"
              ]
            },
            "ndata": 7,
            "nfree": 4,
            "r2": 0.43596675048325884,
            "reduced_chisq": 1.1195769928664702e-07,
            "status": "completed",
            "success": true,
            "time_max": 540.0,
            "time_min": 0.0
          },
          "nt_id": 401,
          "params": {
            "fmod0": 0.0010481812598375725,
            "kdeg": 0.02972895707297617,
            "kobs": 0.0006467162018075266,
            "log_fmod0": -6.860698750178494,
            "log_fmod0_err": 0.3162785930977075,
            "log_kdeg": -3.515633722541158,
            "log_kdeg_err": 1.3467846560082477,
            "log_kobs": -7.343602996775408,
            "log_kobs_err": 0.5704511875426942,
            "metadata": {
              "base": "U",
              "fmod_run_ids": [
                531,
                532,
                533,
                534,
                535,
                536,
                537
              ],
              "site": 12,
              "valtype": "modrate"
            }
          },
          "valtype": "modrate"
        },
        {
          "diagnostics": {
            "chisq": 1.8109335329203573e-07,
            "covariance": {
              "matrix": [
                [
                  0.09472877911266336,
                  0.026661873474984454,
                  -0.08663521145507246
                ],
                [
                  0.026661873474984454,
                  0.515727583577193,
                  -0.10934688810078959
                ],
                [
                  -0.08663521145507246,
                  -0.10934688810078959,
                  0.11021640240438718
                ]
              ],
              "params": [
                "log_kappa",
                "log_kdeg",
                "log_fmod_0"
              ]
            },
            "ndata": 7,
            "nfree": 4,
            "r2": 0.7282682800158604,
            "reduced_chisq": 4.5273338323008933e-08,
            "status": "completed",
            "success": true,
            "time_max": 540.0,
            "time_min": 0.0
          },
          "nt_id": 402,
          "params": {
            "fmod0": 0.0006208225418330999,
            "kdeg": 0.019373039022204646,
            "kobs": 0.0007515405317049516,
            "log_fmod0": -7.384465278811998,
            "log_fmod0_err": 0.3319885576407524,
            "log_kdeg": -3.9438729206221614,
            "log_kdeg_err": 0.7181417572994854,
            "log_kobs": -7.193385415821193,
            "log_kobs_err": 0.3077804072917303,
            "metadata": {
              "base": "U",
              "fmod_run_ids": [
                531,
                532,
                533,
                534,
                535,
                536,
                537
              ],
              "site": 13,
              "valtype": "modrate"
            }
          },
          "valtype": "modrate"
        },
        {
          "diagnostics": {
            "chisq": 2.7666857142857132e-08,
            "ndata": 7,
            "nfree": 4,
            "r2": 1.1102230246251565e-16,
            "reduced_chisq": 6.916714285714283e-09,
            "status": "completed",
            "success": true,
            "time_max": 540.0,
            "time_min": 0.0
          },
          "nt_id": 403,
          "params": {
            "fmod0": 0.0015151428571643921,
            "kdeg": 2.1107929746727414e-15,
            "kobs": 2.4667353961811176e-07,
            "log_fmod0": -6.492245549308299,
            "log_kdeg": -33.79171270064393,
            "log_kobs": -15.215200076487811,
            "metadata": {
              "base": "G",
              "fmod_run_ids": [
                531,
                532,
                533,
                534,
                535,
                536,
                537
              ],
              "site": 14,
              "valtype": "modrate"
            }
          },
          "valtype": "modrate"
        },
        {
          "diagnostics": {
            "chisq": 3.437564621988486e-06,
            "covariance": {
              "matrix": [
                [
                  0.0008141196304636576,
                  -3.98389291573098e-05,
                  -0.04293628547146949
                ],
                [
                  -3.98389291573098e-05,
                  0.005725305080998317,
                  -0.08698393873473595
                ],
                [
                  -0.04293628547146949,
                  -0.08698393873473595,
                  4.426240682353812
                ]
              ],
              "params": [
                "log_kappa",
                "log_kdeg",
                "log_fmod_0"
              ]
            },
            "ndata": 7,
            "nfree": 4,
            "r2": 0.9968754020156955,
            "reduced_chisq": 8.593911554971215e-07,
            "status": "completed",
            "success": true,
            "time_max": 540.0,
            "time_min": 0.0
          },
          "nt_id": 404,
          "params": {
            "fmod0": 0.00039795035014641034,
            "kdeg": 0.010190250136935664,
            "kobs": 0.03560720361368645,
            "log_fmod0": -7.829183308837416,
            "log_fmod0_err": 2.103863275584659,
            "log_kdeg": -4.5863238847538215,
            "log_kdeg_err": 0.07566574575723362,
            "log_kobs": -3.3352073128948314,
            "log_kobs_err": 0.02853278168114104,
            "metadata": {
              "base": "A",
              "fmod_run_ids": [
                531,
                532,
                533,
                534,
                535,
                536,
                537
              ],
              "site": 15,
              "valtype": "modrate"
            }
          },
          "valtype": "modrate"
        },
        {
          "diagnostics": {
            "chisq": 1.001865083334595e-06,
            "covariance": {
              "matrix": [
                [
                  0.00032449671241558184,
                  -1.5518230708026836e-05,
                  -0.009656616537678438
                ],
                [
                  -1.5518230708026836e-05,
                  0.002293948542201999,
                  -0.019644207817816246
                ],
                [
                  -0.009656616537678438,
                  -0.019644207817816246,
                  0.562184308342686
                ]
              ],
              "params": [
                "log_kappa",
                "log_kdeg",
                "log_fmod_0"
              ]
            },
            "ndata": 7,
            "nfree": 4,
            "r2": 0.9987451005151003,
            "reduced_chisq": 2.5046627083364873e-07,
            "status": "completed",
            "success": true,
            "time_max": 540.0,
            "time_min": 0.0
          },
          "nt_id": 405,
          "params": {
            "fmod0": 0.000602584908085218,
            "kdeg": 0.01019478844261906,
            "kobs": 0.03027567139972192,
            "log_fmod0": -7.41428197624612,
            "log_fmod0_err": 0.7497895093575836,
            "log_kdeg": -4.585878626262829,
            "log_kdeg_err": 0.047895182870535104,
            "log_kobs": -3.4974108130846058,
            "log_kobs_err": 0.018013792283014196,
            "metadata": {
              "base": "A",
              "fmod_run_ids": [
                531,
                532,
                533,
                534,
                535,
                536,
                537
              ],
              "site": 16,
              "valtype": "modrate"
            }
          },
          "valtype": "modrate"
        },
        {
          "diagnostics": {
            "chisq": 1.3869377027334772e-07,
            "covariance": {
              "matrix": [
                [
                  0.06021895969802437,
                  0.017142874673512946,
                  -0.0689824532470657
                ],
                [
                  0.017142874673512946,
                  0.3345058899808822,
                  -0.09241609921654614
                ],
                [
                  -0.0689824532470657,
                  -0.09241609921654614,
                  0.11246619115890154
                ]
              ],
              "params": [
                "log_kappa",
                "log_kdeg",
                "log_fmod_0"
              ]
            },
            "ndata": 7,
            "nfree": 4,
            "r2": 0.80829867812883,
            "reduced_chisq": 3.467344256833693e-08,
            "status": "completed",
            "success": true,
            "time_max": 540.0,
            "time_min": 0.0
          },
          "nt_id": 406,
          "params": {
            "fmod0": 0.0005339078269829833,
            "kdeg": 0.017706565476771376,
            "kobs": 0.0008211589566159851,
            "log_fmod0": -7.535287342548765,
            "log_fmod0_err": 0.3353597935932415,
            "log_kdeg": -4.033819777289171,
            "log_kdeg_err": 0.578364841584343,
            "log_kobs": -7.10479385383474,
            "log_kobs_err": 0.24539551686618966,
            "metadata": {
              "base": "U",
              "fmod_run_ids": [
                531,
                532,
                533,
                534,
                535,
                536,
                537
              ],
              "site": 17,
              "valtype": "modrate"
            }
          },
          "valtype": "modrate"
        },
        {
          "diagnostics": {
            "chisq": 2.3273838869214543e-06,
            "covariance": {
              "matrix": [
                [
                  0.0006499020474260795,
                  -0.00011019664928384589,
                  -0.013063831722510749
                ],
                [
                  -0.00011019664928384589,
                  0.004803506555037863,
                  -0.02877531039491879
                ],
                [
                  -0.013063831722510749,
                  -0.02877531039491879,
                  0.5644769842002092
                ]
              ],
              "params": [
                "log_kappa",
                "log_kdeg",
                "log_fmod_0"
              ]
            },
            "ndata": 7,
            "nfree": 4,
            "r2": 0.9975049476987928,
            "reduced_chisq": 5.818459717303636e-07,
            "status": "completed",
            "success": true,
            "time_max": 540.0,
            "time_min": 0.0
          },
          "nt_id": 407,
          "params": {
            "fmod0": 0.0009064501847631587,
            "kdeg": 0.0094455294878269,
            "kobs": 0.032780895703936934,
            "log_fmod0": -7.005974482657012,
            "log_fmod0_err": 0.7513168334332788,
            "log_kdeg": -4.662213719480662,
            "log_kdeg_err": 0.06930733406384827,
            "log_kobs": -3.4179093813315014,
            "log_kobs_err": 0.025493176487563874,
            "metadata": {
              "base": "A",
              "fmod_run_ids": [
                531,
                532,
                533,
                534,
                535,
                536,
                537
              ],
              "site": 18,
              "valtype": "modrate"
            }
          },
          "valtype": "modrate"
        },
        {
          "diagnostics": {
            "chisq": 4.877422765855653e-08,
            "covariance": {
              "matrix": [
                [
                  0.034123934140649154,
                  -0.010405360284846836,
                  -0.025831671971677003
                ],
                [
                  -0.010405360284846836,
                  0.2709988582620973,
                  -0.0633701837709231
                ],
                [
                  -0.025831671971677003,
                  -0.0633701837709231,
                  0.047195078553014795
                ]
              ],
              "params": [
                "log_kappa",
                "log_kdeg",
                "log_fmod_0"
              ]
            },
            "ndata": 7,
            "nfree": 4,
            "r2": 0.8812004008439035,
            "reduced_chisq": 1.2193556914639132e-08,
            "status": "completed",
            "success": true,
            "time_max": 540.0,
            "time_min": 0.0
          },
          "nt_id": 408,
          "params": {
            "fmod0": 0.00044775589441301125,
            "kdeg": 0.008830678069451854,
            "kobs": 0.0006368376714092794,
            "log_fmod0": -7.711262352591933,
            "log_fmod0_err": 0.21724428313079908,
            "log_kdeg": -4.729523475757188,
            "log_kdeg_err": 0.5205755067827311,
            "log_kobs": -7.35899576782001,
            "log_kobs_err": 0.1847266470779166,
            "metadata": {
              "base": "G",
              "fmod_run_ids": [
                531,
                532,
                533,
                534,
                535,
                536,
                537
              ],
              "site": 19,
              "valtype": "modrate"
            }
          },
          "valtype": "modrate"
        },
        {
          "diagnostics": {
            "chisq": 6.81477958636985e-07,
            "covariance": {
              "matrix": [
                [
                  0.3420708272286227,
                  0.09544989309512074,
                  -0.23627400478362454
                ],
                [
                  0.09544989309512074,
                  1.8546662409688035,
                  -0.29341975747206067
                ],
                [
                  -0.23627400478362454,
                  -0.29341975747206067,
                  0.2257498243805078
                ]
              ],
              "params": [
                "log_kappa",
                "log_kdeg",
                "log_fmod_0"
              ]
            },
            "ndata": 7,
            "nfree": 4,
            "r2": 0.42596499356707496,
            "reduced_chisq": 1.7036948965924625e-07,
            "status": "completed",
            "success": true,
            "time_max": 540.0,
            "time_min": 0.0
          },
          "nt_id": 409,
          "params": {
            "fmod0": 0.0008430577455825013,
            "kdeg": 0.01985629646787199,
            "kobs": 0.0007681179974125419,
            "log_fmod0": -7.078475102210577,
            "log_fmod0_err": 0.4751313759167119,
            "log_kdeg": -3.9192341197352993,
            "log_kdeg_err": 1.3618613148807788,
            "log_kobs": -7.171567194154149,
            "log_kobs_err": 0.5848682135563726,
            "metadata": {
              "base": "U",
              "fmod_run_ids": [
                531,
                532,
                533,
                534,
                535,
                536,
                537
              ],
              "site": 20,
              "valtype": "modrate"
            }
          },
          "valtype": "modrate"
        },
        {
          "diagnostics": {
            "chisq": 1.4931030424861757e-08,
            "covariance": {
              "matrix": [
                [
                  0.007692121969234283,
                  0.0014164592848597887,
                  -0.006656246508474219
                ],
                [
                  0.0014164592848597887,
                  0.04917868375552118,
                  -0.011382246014068424
                ],
                [
                  -0.006656246508474219,
                  -0.011382246014068424,
                  0.00943380747919612
                ]
              ],
              "params": [
                "log_kappa",
                "log_kdeg",
                "log_fmod_0"
              ]
            },
            "ndata": 7,
            "nfree": 4,
            "r2": 0.9703244036403171,
            "reduced_chisq": 3.732757606215439e-09,
            "status": "completed",
            "success": true,
            "time_max": 540.0,
            "time_min": 0.0
          },
          "nt_id": 410,
          "params": {
            "fmod0": 0.0005836629459586341,
            "kdeg": 0.01268502652662044,
            "kobs": 0.0007395841824766265,
            "log_fmod0": -7.446186889080784,
            "log_fmod0_err": 0.09712778942813492,
            "log_kdeg": -4.36733299475291,
            "log_kdeg_err": 0.22176267439657463,
            "log_kobs": -7.2094224452719065,
            "log_kobs_err": 0.08770474313989114,
            "metadata": {
              "base": "G",
              "fmod_run_ids": [
                531,
                532,
                533,
                534,
                535,
                536,
                537
              ],
              "site": 21,
              "valtype": "modrate"
            }
          },
          "valtype": "modrate"
        },
        {
          "diagnostics": {
            "chisq": 3.399891582227687e-06,
            "covariance": {
              "matrix": [
                [
                  0.0006738500042109274,
                  -4.417668130615476e-05,
                  -0.012616267634727901
                ],
                [
                  -4.417668130615476e-05,
                  0.004755366760084318,
                  -0.025780643745665494
                ],
                [
                  -0.012616267634727901,
                  -0.025780643745665494,
                  0.4672275024570347
                ]
              ],
              "params": [
                "log_kappa",
                "log_kdeg",
                "log_fmod_0"
              ]
            },
            "ndata": 7,
            "nfree": 4,
            "r2": 0.9974224599954904,
            "reduced_chisq": 8.499728955569218e-07,
            "status": "completed",
            "success": true,
            "time_max": 540.0,
            "time_min": 0.0
          },
          "nt_id": 411,
          "params": {
            "fmod0": 0.0012164796462031773,
            "kdeg": 0.010075556949974224,
            "kobs": 0.03907393235935136,
            "log_fmod0": -6.7117941273207204,
            "log_fmod0_err": 0.6835404175738511,
            "log_kdeg": -4.597642892282831,
            "log_kdeg_err": 0.06895916733897182,
            "log_kobs": -3.2422997259051636,
            "log_kobs_err": 0.025958620999793642,
            "metadata": {
              "base": "A",
              "fmod_run_ids": [
                531,
                532,
                533,
                534,
                535,
                536,
                537
              ],
              "site": 22,
              "valtype": "modrate"
            }
          },
          "valtype": "modrate"
        },
        {
          "diagnostics": {
            "chisq": 5.937979956808447e-07,
            "covariance": {
              "matrix": [
                [
                  0.6272755251943256,
                  0.17747970017953188,
                  -0.19118519010801474
                ],
                [
                  0.17747970017953188,
                  3.4272413084472855,
                  -0.24420619381666145
                ],
                [
                  -0.19118519010801474,
                  -0.24420619381666145,
                  0.08140034968160254
                ]
              ],
              "params": [
                "log_kappa",
                "log_kdeg",
                "log_fmod_0"
              ]
            },
            "ndata": 7,
            "nfree": 4,
            "r2": 0.28805589758666594,
            "reduced_chisq": 1.4844949892021118e-07,
            "status": "completed",
            "success": true,
            "time_max": 540.0,
            "time_min": 0.0
          },
          "nt_id": 412,
          "params": {
            "fmod0": 0.0013063488919377597,
            "kdeg": 0.019027300525830935,
            "kobs": 0.0005282024270391411,
            "log_fmod0": -6.640519138370154,
            "log_fmod0_err": 0.2853074651697753,
            "log_kdeg": -3.9618804613447174,
            "log_kdeg_err": 1.8512809912185901,
            "log_kobs": -7.546030963187261,
            "log_kobs_err": 0.7920072759730971,
            "metadata": {
              "base": "U",
              "fmod_run_ids": [
                531,
                532,
                533,
                534,
                535,
                536,
                537
              ],
              "site": 23,
              "valtype": "modrate"
            }
          },
          "valtype": "modrate"
        },
        {
          "diagnostics": {
            "chisq": 8.457076825520319e-07,
            "covariance": {
              "matrix": [
                [
                  0.4189873014217936,
                  0.11767271262513837,
                  -0.228575061606831
                ],
                [
                  0.11767271262513837,
                  2.2783566371495243,
                  -0.28722770695515837
                ],
                [
                  -0.228575061606831,
                  -0.28722770695515837,
                  0.17319158886235064
                ]
              ],
              "params": [
                "log_kappa",
                "log_kdeg",
                "log_fmod_0"
              ]
            },
            "ndata": 7,
            "nfree": 4,
            "r2": 0.3773078940026474,
            "reduced_chisq": 2.1142692063800799e-07,
            "status": "completed",
            "success": true,
            "time_max": 540.0,
            "time_min": 0.0
          },
          "nt_id": 413,
          "params": {
            "fmod0": 0.0010708098352232415,
            "kdeg": 0.019502687921438323,
            "kobs": 0.0007724952972599881,
            "log_fmod0": -6.8393400614300734,
            "log_fmod0_err": 0.4161629354740168,
            "log_kdeg": -3.9372029807867466,
            "log_kdeg_err": 1.5094226171452196,
            "log_kobs": -7.165884636900239,
            "log_kobs_err": 0.647292284383024,
            "metadata": {
              "base": "U",
              "fmod_run_ids": [
                531,
                532,
                533,
                534,
                535,
                536,
                537
              ],
              "site": 24,
              "valtype": "modrate"
            }
          },
          "valtype": "modrate"
        },
        {
          "diagnostics": {
            "chisq": 4.457596794480959e-06,
            "covariance": {
              "matrix": [
                [
                  0.000685573035264887,
                  -5.563012815867399e-05,
                  -0.020239209115304965
                ],
                [
                  -5.563012815867399e-05,
                  0.004841325504964096,
                  -0.04160095960004055
                ],
                [
                  -0.020239209115304965,
                  -0.04160095960004055,
                  1.1942558026222716
                ]
              ],
              "params": [
                "log_kappa",
                "log_kdeg",
                "log_fmod_0"
              ]
            },
            "ndata": 7,
            "nfree": 4,
            "r2": 0.9973940899150975,
            "reduced_chisq": 1.1143991986202398e-06,
            "status": "completed",
            "success": true,
            "time_max": 540.0,
            "time_min": 0.0
          },
          "nt_id": 414,
          "params": {
            "fmod0": 0.0008703230207485285,
            "kdeg": 0.009972662961377724,
            "kobs": 0.044629034599823675,
            "log_fmod0": -7.0466461270093586,
            "log_fmod0_err": 1.0928201144846628,
            "log_kdeg": -4.607907633242496,
            "log_kdeg_err": 0.06957963426868595,
            "log_kobs": -3.1093706317686496,
            "log_kobs_err": 0.026183449644095542,
            "metadata": {
              "base": "C",
              "fmod_run_ids": [
                531,
                532,
                533,
                534,
                535,
                536,
                537
