{
  "artifacts": {},
  "engine": "python_baseline",
  "engine_version": "0.1.0",
  "metadata": {
    "buffer_pH": 6.5,
    "done_by": [
      "EKC"
    ],
    "experiment_id": "ekc.01.0xx",
    "fmod_run_id": 607,
    "initial_kdeg": 0.012567749803723586,
    "initial_kdeg_source": "arrhenius:nmr:deg:dms:Schwalbe_bistris",
    "initial_log_kdeg": -4.3766212856327975,
    "notes": "Baseline python engine demo using examples/nerd.sqlite",
    "rg_id": 44,
    "rg_label": "65_2",
    "rounds_requested": [
      "round1_free",
      "round2_global",
      "round3_constrained"
    ],
    "temperature_c": 65.0,
    "valtypes": [
      "modrate",
      "GAmodrate"
    ]
  },
  "rounds": [
    {
      "global_params": {},
      "notes": null,
      "per_nt": [
        {
          "diagnostics": {
            "reason": "Non-zero fmod values are required for a fit.",
            "status": "failed"
          },
          "nt_id": 390,
          "params": {},
          "valtype": "modrate"
        },
        {
          "diagnostics": {
            "reason": "Non-zero fmod values are required for a fit.",
            "status": "failed"
          },
          "nt_id": 391,
          "params": {},
          "valtype": "modrate"
        },
        {
          "diagnostics": {
            "reason": "Non-zero fmod values are required for a fit.",
            "status": "failed"
          },
          "nt_id": 392,
          "params": {},
          "valtype": "modrate"
        },
        {
          "diagnostics": {
            "reason": "Non-zero fmod values are required for a fit.",
            "status": "failed"
          },
          "nt_id": 393,
          "params": {},
          "valtype": "modrate"
        },
        {
          "diagnostics": {
            "chisq": 5.891999778526078e-07,
            "covariance": {
              "matrix": [
                [
                  107.845658811288,
                  -203.84999370783873,
                  0.50139439377107
                ],
                [
                  -203.84999370783873,
                  452.3468425663146,
                  -1.9628234858588702
                ],
                [
                  0.50139439377107,
                  -1.9628234858588702,
                  0.02286308526105828
                ]
              ],
              "params": [
                "log_kappa",
                "log_kdeg",
                "log_fmod_0"
              ]
            },
            "ndata": 7,
            "nfree": 4,
            "r2": 0.015402105038042513,
            "reduced_chisq": 1.4729999446315196e-07,
            "status": "completed",
            "success": true,
            "time_max": 300.0,
            "time_min": 0.0
          },
          "nt_id": 394,
          "params": {
            "fmod0": 0.002019424209599082,
            "kdeg": 0.004913926592637145,
            "kobs": 0.00013779723289237424,
            "log_fmod0": -6.204942852954931,
            "log_fmod0_err": 0.15120544058021948,
            "log_kdeg": -5.315681943408008,
            "log_kdeg_err": 21.26844711224387,
            "log_kobs": -8.889727280193197,
            "log_kobs_err": 10.384876446606768,
            "metadata": {
              "base": "U",
              "fmod_run_ids": [
                601,
                602,
                603,
                604,
                605,
                606,
                607
              ],
              "site": 5,
              "valtype": "modrate"
            }
          },
          "valtype": "modrate"
        },
        {
          "diagnostics": {
            "chisq": 1.0035114745024592e-07,
            "covariance": {
              "matrix": [
                [
                  5422741164750.103,
                  -5422356649417.688,
                  -285889.40332349914
                ],
                [
                  -5422356649417.688,
                  5421972161351.307,
                  285869.0254820349
                ],
                [
                  -285889.40332349914,
                  285869.0254820349,
                  0.039629998073393895
                ]
              ],
              "params": [
                "log_kappa",
                "log_kdeg",
                "log_fmod_0"
              ]
            },
            "ndata": 7,
            "nfree": 4,
            "r2": 0.2281376489682012,
            "reduced_chisq": 2.508778686256148e-08,
            "status": "completed",
            "success": true,
            "time_max": 300.0,
            "time_min": 0.0
          },
          "nt_id": 395,
          "params": {
            "fmod0": 0.0005638953449761703,
            "kdeg": 3.114224478790509e-09,
            "kobs": 206.32692819396138,
            "log_fmod0": -7.480641882237223,
            "log_fmod0_err": 0.1990728461478207,
            "log_kdeg": -19.587285679173686,
            "log_kdeg_err": 2328512.8647596748,
            "log_kobs": 5.329461940855952,
            "log_kobs_err": 2328677.9864872047,
            "metadata": {
              "base": "G",
              "fmod_run_ids": [
                601,
                602,
                603,
                604,
                605,
                606,
                607
              ],
              "site": 6,
              "valtype": "modrate"
            }
          },
          "valtype": "modrate"
        },
        {
          "diagnostics": {
            "chisq": 5.061280956472147e-06,
            "covariance": {
              "matrix": [
                [
                  0.002308509031923669,
                  -0.00234608224034049,
                  -0.013398078140151653
                ],
                [
                  -0.00234608224034049,
                  0.0167442200196703,
                  -0.04488122644099523
                ],
                [
                  -0.013398078140151653,
                  -0.04488122644099523,
                  0.3902883029354925
                ]
              ],
              "params": [
                "log_kappa",
                "log_kdeg",
                "log_fmod_0"
              ]
            },
            "ndata": 7,
            "nfree": 4,
            "r2": 0.992368816090281,
            "reduced_chisq": 1.2653202391180368e-06,
            "status": "completed",
            "success": true,
            "time_max": 300.0,
            "time_min": 0.0
          },
          "nt_id": 396,
          "params": {
            "fmod0": 0.001560433376124957,
            "kdeg": 0.011168647882976106,
            "kobs": 0.029451278172225745,
            "log_fmod0": -6.462791691093107,
            "log_fmod0_err": 0.6247305842805301,
            "log_kdeg": -4.494644722200642,
            "log_kdeg_err": 0.12939945911660644,
            "log_kobs": -3.525017968392545,
            "log_kobs_err": 0.04804694612484407,
            "metadata": {
              "base": "A",
              "fmod_run_ids": [
                601,
                602,
                603,
                604,
                605,
                606,
                607
              ],
              "site": 7,
              "valtype": "modrate"
            }
          },
          "valtype": "modrate"
        },
        {
          "diagnostics": {
            "chisq": 2.5327586819920336e-06,
            "covariance": {
              "matrix": [
                [
                  0.001513751370195088,
                  -0.0018827124939245026,
                  -0.004366909984348138
                ],
                [
                  -0.0018827124939245026,
                  0.011151276149651074,
                  -0.018397610350970296
                ],
                [
                  -0.004366909984348138,
                  -0.018397610350970296,
                  0.09563643292635021
                ]
              ],
              "params": [
                "log_kappa",
                "log_kdeg",
                "log_fmod_0"
              ]
            },
            "ndata": 7,
            "nfree": 4,
            "r2": 0.9953638712629829,
            "reduced_chisq": 6.331896704980084e-07,
            "status": "completed",
            "success": true,
            "time_max": 300.0,
            "time_min": 0.0
          },
          "nt_id": 397,
          "params": {
            "fmod0": 0.0022060995357136843,
            "kdeg": 0.010220214583623174,
            "kobs": 0.0270987260214813,
            "log_fmod0": -6.116529238718277,
            "log_fmod0_err": 0.30925140731506817,
            "log_kdeg": -4.583387697986377,
            "log_kdeg_err": 0.10559960298055611,
            "log_kobs": -3.6082685624789423,
            "log_kobs_err": 0.03890695786353757,
            "metadata": {
              "base": "A",
              "fmod_run_ids": [
                601,
                602,
                603,
                604,
                605,
                606,
                607
              ],
              "site": 8,
              "valtype": "modrate"
            }
          },
          "valtype": "modrate"
        },
        {
          "diagnostics": {
            "chisq": 4.201173511239826e-06,
            "covariance": {
              "matrix": [
                [
                  0.00130138552309978,
                  -0.0011902876048863428,
                  -0.005452447795134911
                ],
                [
                  -0.0011902876048863428,
                  0.009290470157905116,
                  -0.016664236924332762
                ],
                [
                  -0.005452447795134911,
                  -0.016664236924332762,
                  0.09854298506735402
                ]
              ],
              "params": [
                "log_kappa",
                "log_kdeg",
                "log_fmod_0"
              ]
            },
            "ndata": 7,
            "nfree": 4,
            "r2": 0.995584221716908,
            "reduced_chisq": 1.0502933778099566e-06,
            "status": "completed",
            "success": true,
            "time_max": 300.0,
            "time_min": 0.0
          },
          "nt_id": 398,
          "params": {
            "fmod0": 0.002844442266534374,
            "kdeg": 0.011624073051576046,
            "kobs": 0.03524705526264501,
            "log_fmod0": -5.862388270504642,
            "log_fmod0_err": 0.3139155699664386,
            "log_kdeg": -4.454677068186755,
            "log_kdeg_err": 0.09638708501612193,
            "log_kobs": -3.345373291861775,
            "log_kobs_err": 0.03607472138630845,
            "metadata": {
              "base": "C",
              "fmod_run_ids": [
                601,
                602,
                603,
                604,
                605,
                606,
                607
              ],
              "site": 9,
              "valtype": "modrate"
            }
          },
          "valtype": "modrate"
        },
        {
          "diagnostics": {
            "chisq": 3.1134637149862113e-06,
            "covariance": {
              "matrix": [
                [
                  1.1016869482614683e+18,
                  -1.1411534694613847e+18,
                  87603991.23705894
                ],
                [
                  -1.1411534694613847e+18,
                  1.196024444496567e+18,
                  -112523100.24695311
                ],
                [
                  87603991.23705894,
                  -112523100.24695311,
                  0.06686309594250503
                ]
              ],
              "params": [
                "log_kappa",
                "log_kdeg",
                "log_fmod_0"
              ]
            },
            "ndata": 7,
            "nfree": 4,
            "r2": -2.24989582520152e-10,
            "reduced_chisq": 7.783659287465528e-07,
            "status": "completed",
            "success": true,
            "time_max": 300.0,
            "time_min": 0.0
          },
          "nt_id": 399,
          "params": {
            "fmod0": 0.0020684285774724993,
            "kdeg": 1.8941360597366617e-11,
            "kobs": 8.665277390045756e-05,
            "log_fmod0": -6.180966101316176,
            "log_fmod0_err": 0.25857899362188147,
            "log_kdeg": -24.68967319350862,
            "log_kdeg_err": 1093629025.0796049,
            "log_kobs": -9.353601529615025,
            "log_kobs_err": 1049612761.0988103,
            "metadata": {
              "base": "U",
              "fmod_run_ids": [
                601,
                602,
                603,
                604,
                605,
                606,
                607
              ],
              "site": 10,
              "valtype": "modrate"
            }
          },
          "valtype": "modrate"
        },
        {
          "diagnostics": {
            "chisq": 3.730060160860814e-07,
            "covariance": {
              "matrix": [
                [
                  0.513276708585773,
                  0.048120849507716786,
                  -0.09460280882927853
                ],
                [
                  0.048120849507716786,
                  2.9517290079390683,
                  -0.11799109182389712
                ],
                [
                  -0.09460280882927853,
                  -0.11799109182389712,
                  0.025350711220854298
                ]
              ],
              "params": [
                "log_kappa",
                "log_kdeg",
                "log_fmod_0"
              ]
            },
            "ndata": 7,
            "nfree": 4,
            "r2": 0.3279624095871606,
            "reduced_chisq": 9.325150402152035e-08,
            "status": "completed",
            "success": true,
            "time_max": 300.0,
            "time_min": 0.0
          },
          "nt_id": 400,
          "params": {
            "fmod0": 0.0018543145233040437,
            "kdeg": 0.029712646914465585,
            "kobs": 0.0004652508830695283,
            "log_fmod0": -6.290240180431633,
            "log_fmod0_err": 0.15921906676291725,
            "log_kdeg": -3.516182501774079,
            "log_kdeg_err": 1.718059663672676,
            "log_kobs": -7.67293376438992,
            "log_kobs_err": 0.7164333245918793,
            "metadata": {
              "base": "U",
              "fmod_run_ids": [
                601,
                602,
                603,
                604,
                605,
                606,
                607
              ],
              "site": 11,
              "valtype": "modrate"
            }
          },
          "valtype": "modrate"
        },
        {
          "diagnostics": {
            "chisq": 6.140740247824388e-07,
            "covariance": {
              "matrix": [
                [
                  0.11252443975269202,
                  -0.02617340831852457,
                  -0.06685964514500707
                ],
                [
                  -0.02617340831852457,
                  1.4293765228022706,
                  -0.03481132585012058
                ],
                [
                  -0.06685964514500707,
                  -0.03481132585012058,
                  0.04842852752623179
                ]
              ],
              "params": [
                "log_kappa",
                "log_kdeg",
                "log_fmod_0"
              ]
            },
            "ndata": 7,
            "nfree": 4,
            "r2": 0.6907813617678706,
            "reduced_chisq": 1.535185061956097e-07,
            "status": "completed",
            "success": true,
            "time_max": 300.0,
            "time_min": 0.0
          },
          "nt_id": 401,
          "params": {
            "fmod0": 0.0017802096650502864,
            "kdeg": 0.09626251644670124,
            "kobs": 0.0012869688323905997,
            "log_fmod0": -6.331024132260671,
            "log_fmod0_err": 0.22006482573603578,
            "log_kdeg": -2.3406762732641537,
            "log_kdeg_err": 1.1955653569764686,
            "log_kobs": -6.655465567918111,
            "log_kobs_err": 0.33544662727875507,
            "metadata": {
              "base": "U",
              "fmod_run_ids": [
                601,
                602,
                603,
                604,
                605,
                606,
                607
              ],
              "site": 12,
              "valtype": "modrate"
            }
          },
          "valtype": "modrate"
        },
        {
          "diagnostics": {
            "chisq": 2.0997413429183523e-05,
            "covariance": {
              "matrix": [
                [
                  2.5620701223670876e+18,
                  -2.4245460788741965e+18,
                  -16005668.747378077
                ],
                [
                  -2.4245460788741965e+18,
                  2.496490650028578e+18,
                  -137510103.52980766
                ],
                [
                  -16005668.747378077,
                  -137510103.52980766,
                  0.2189461378265219
                ]
              ],
              "params": [
                "log_kappa",
                "log_kdeg",
                "log_fmod_0"
              ]
            },
            "ndata": 7,
            "nfree": 4,
            "r2": -2.9151125957582735e-11,
            "reduced_chisq": 5.249353357295881e-06,
            "status": "completed",
            "success": true,
            "time_max": 300.0,
            "time_min": 0.0
          },
          "nt_id": 402,
          "params": {
            "fmod0": 0.002691285718923127,
            "kdeg": 3.693470507460346e-12,
            "kobs": 0.0001847586650000798,
            "log_fmod0": -5.917736237131091,
            "log_fmod0_err": 0.46791680652282824,
            "log_kdeg": -26.32445458295811,
            "log_kdeg_err": 1580028686.457489,
            "log_kobs": -8.596460098017497,
            "log_kobs_err": 1600646782.512334,
            "metadata": {
              "base": "U",
              "fmod_run_ids": [
                601,
                602,
                603,
                604,
                605,
                606,
                607
              ],
              "site": 13,
              "valtype": "modrate"
            }
          },
          "valtype": "modrate"
        },
        {
          "diagnostics": {
            "chisq": 8.114833333333327e-09,
            "ndata": 7,
            "nfree": 4,
            "r2": 0.6415347755115779,
            "reduced_chisq": 2.028708333333332e-09,
            "status": "completed",
            "success": true,
            "time_max": 300.0,
            "time_min": 0.0
          },
          "nt_id": 403,
          "params": {
            "fmod0": 0.0007290000000002607,
            "kdeg": 12.56267406848026,
            "kobs": 0.00013017513921822634,
            "log_fmod0": -7.223836825955258,
            "log_kdeg": 2.530730041920732,
            "log_kobs": -8.94662978944612,
            "metadata": {
              "base": "G",
              "fmod_run_ids": [
                601,
                602,
                603,
                604,
                605,
                606,
                607
              ],
              "site": 14,
              "valtype": "modrate"
            }
          },
          "valtype": "modrate"
        },
        {
          "diagnostics": {
            "chisq": 4.401152031262336e-06,
            "covariance": {
              "matrix": [
                [
                  0.0017432933549979838,
                  -0.0014533505042185202,
                  -0.07784303206727762
                ],
                [
                  -0.0014533505042185202,
                  0.012352144336821734,
                  -0.22322927365884607
                ],
                [
                  -0.07784303206727762,
                  -0.22322927365884607,
                  13.436792037905889
                ]
              ],
              "params": [
                "log_kappa",
                "log_kdeg",
                "log_fmod_0"
              ]
            },
            "ndata": 7,
            "nfree": 4,
            "r2": 0.9939386804814299,
            "reduced_chisq": 1.100288007815584e-06,
            "status": "completed",
            "success": true,
            "time_max": 300.0,
            "time_min": 0.0
          },
          "nt_id": 404,
          "params": {
            "fmod0": 0.0002502622172184458,
            "kdeg": 0.012037444385477868,
            "kobs": 0.030568767654934163,
            "log_fmod0": -8.293001320906875,
            "log_fmod0_err": 3.6656230081537147,
            "log_kdeg": -4.419733121974247,
            "log_kdeg_err": 0.11114020126318709,
            "log_kobs": -3.487776456128324,
            "log_kobs_err": 0.041752764638979104,
            "metadata": {
              "base": "A",
              "fmod_run_ids": [
                601,
                602,
                603,
                604,
                605,
                606,
                607
              ],
              "site": 15,
              "valtype": "modrate"
            }
          },
          "valtype": "modrate"
        },
        {
          "diagnostics": {
            "chisq": 2.6724490818407336e-06,
            "covariance": {
              "matrix": [
                [
                  0.0016954446370532831,
                  -0.0015562713830712545,
                  -0.01089603854067713
                ],
                [
                  -0.0015562713830712545,
                  0.012212998641707957,
                  -0.03361266091233454
                ],
                [
                  -0.01089603854067713,
                  -0.03361266091233454,
                  0.30364451553526034
                ]
              ],
              "params": [
                "log_kappa",
                "log_kdeg",
                "log_fmod_0"
              ]
            },
            "ndata": 7,
            "nfree": 4,
            "r2": 0.9941897117088069,
            "reduced_chisq": 6.681122704601834e-07,
            "status": "completed",
            "success": true,
            "time_max": 300.0,
            "time_min": 0.0
          },
          "nt_id": 405,
          "params": {
            "fmod0": 0.0012913293168215357,
            "kdeg": 0.011634369012493526,
            "kobs": 0.024356555380724478,
            "log_fmod0": -6.652083113030474,
            "log_fmod0_err": 0.5510394863666853,
            "log_kdeg": -4.453791715542613,
            "log_kdeg_err": 0.11051243659293716,
            "log_kobs": -3.714954250871197,
            "log_kobs_err": 0.041175777309642655,
            "metadata": {
              "base": "A",
              "fmod_run_ids": [
                601,
                602,
                603,
                604,
                605,
                606,
                607
              ],
              "site": 16,
              "valtype": "modrate"
            }
          },
          "valtype": "modrate"
        },
        {
          "diagnostics": {
            "chisq": 9.207711162879614e-08,
            "covariance": {
              "matrix": [
                [
                  0.017856038942164726,
                  0.0010233115113867323,
                  -0.02729226820605705
                ],
                [
                  0.0010233115113867323,
                  0.12135319864919733,
                  -0.02295303880594823
                ],
                [
                  -0.02729226820605705,
                  -0.02295303880594823,
                  0.0531377840499215
                ]
              ],
              "params": [
                "log_kappa",
                "log_kdeg",
                "log_fmod_0"
              ]
            },
            "ndata": 7,
            "nfree": 4,
            "r2": 0.9334420037954229,
            "reduced_chisq": 2.3019277907199036e-08,
            "status": "completed",
            "success": true,
            "time_max": 300.0,
            "time_min": 0.0
          },
          "nt_id": 406,
          "params": {
            "fmod0": 0.0006555720525753905,
            "kdeg": 0.055325300664761476,
            "kobs": 0.0012526118773140006,
            "log_fmod0": -7.330002340777804,
            "log_fmod0_err": 0.23051634226215176,
            "log_kdeg": -2.8945249585408304,
            "log_kdeg_err": 0.3483578600364822,
            "log_kobs": -6.682524405789543,
            "log_kobs_err": 0.13362649042074226,
            "metadata": {
              "base": "U",
              "fmod_run_ids": [
                601,
                602,
                603,
                604,
                605,
                606,
                607
              ],
              "site": 17,
              "valtype": "modrate"
            }
          },
          "valtype": "modrate"
        },
        {
          "diagnostics": {
            "chisq": 1.9427038091091595e-06,
            "covariance": {
              "matrix": [
                [
                  0.0011601743641316046,
                  -0.0009351667219679189,
                  -0.006361264104503035
                ],
                [
                  -0.0009351667219679189,
                  0.00822460463278691,
                  -0.017911767405771405
                ],
                [
                  -0.006361264104503035,
                  -0.017911767405771405,
                  0.13018901386734966
                ]
              ],
              "params": [
                "log_kappa",
                "log_kdeg",
                "log_fmod_0"
              ]
            },
            "ndata": 7,
            "nfree": 4,
            "r2": 0.9959048756192375,
            "reduced_chisq": 4.856759522772899e-07,
            "status": "completed",
            "success": true,
            "time_max": 300.0,
            "time_min": 0.0
          },
          "nt_id": 407,
          "params": {
            "fmod0": 0.001691171734190375,
            "kdeg": 0.01219460388244404,
            "kobs": 0.024623560310451358,
            "log_fmod0": -6.382333656451563,
            "log_fmod0_err": 0.36081714741313176,
            "log_kdeg": -4.406761729806212,
            "log_kdeg_err": 0.09068960597988564,
            "log_kobs": -3.7040515581833016,
            "log_kobs_err": 0.0340613323892593,
            "metadata": {
              "base": "A",
              "fmod_run_ids": [
                601,
                602,
                603,
                604,
                605,
                606,
                607
              ],
              "site": 18,
              "valtype": "modrate"
            }
          },
          "valtype": "modrate"
        },
        {
          "diagnostics": {
            "chisq": 2.1772041201692082e-08,
            "covariance": {
              "matrix": [
                [
                  0.6972714876647577,
                  -1.164718861148208,
                  0.03424084069749898
                ],
                [
                  -1.164718861148208,
                  2.0711641972286676,
                  -0.08146251830247389
                ],
                [
                  0.03424084069749898,
                  -0.08146251830247389,
                  0.00833056925878362
                ]
              ],
              "params": [
                "log_kappa",
                "log_kdeg",
                "log_fmod_0"
              ]
            },
            "ndata": 7,
            "nfree": 4,
            "r2": 0.8553495540906786,
            "reduced_chisq": 5.4430103004230205e-09,
            "status": "completed",
            "success": true,
            "time_max": 300.0,
            "time_min": 0.0
          },
          "nt_id": 408,
          "params": {
            "fmod0": 0.0006295930076035996,
            "kdeg": 0.0036222603169211456,
            "kobs": 0.0006011978790210796,
            "log_fmod0": -7.370436967016147,
            "log_fmod0_err": 0.09127195220210654,
            "log_kdeg": -5.620657051059577,
            "log_kdeg_err": 1.439153986628487,
            "log_kobs": -7.416586428000727,
            "log_kobs_err": 0.8350278364610114,
            "metadata": {
              "base": "G",
              "fmod_run_ids": [
                601,
                602,
                603,
                604,
                605,
                606,
                607
              ],
              "site": 19,
              "valtype": "modrate"
            }
          },
          "valtype": "modrate"
        },
        {
          "diagnostics": {
            "chisq": 5.908996611349695e-07,
            "covariance": {
              "matrix": [
                [
                  0.14862577278010475,
                  -0.0370977708566057,
                  -0.09722362829243825
                ],
                [
                  -0.0370977708566057,
                  1.963575011805822,
                  -0.0496383544309425
                ],
                [
                  -0.09722362829243825,
                  -0.0496383544309425,
                  0.07746171804928742
                ]
              ],
              "params": [
                "log_kappa",
                "log_kdeg",
                "log_fmod_0"
              ]
            },
            "ndata": 7,
            "nfree": 4,
            "r2": 0.6284985732942399,
            "reduced_chisq": 1.4772491528374237e-07,
            "status": "completed",
            "success": true,
            "time_max": 300.0,
            "time_min": 0.0
          },
          "nt_id": 409,
          "params": {
            "fmod0": 0.001380795993357466,
            "kdeg": 0.09827007643692974,
            "kobs": 0.0010981002677393342,
            "log_fmod0": -6.585095139321341,
            "log_fmod0_err": 0.27831945323546364,
            "log_kdeg": -2.3200357087824224,
            "log_kdeg_err": 1.4012762082494021,
            "log_kobs": -6.814173621540097,
            "log_kobs_err": 0.3855201327818104,
            "metadata": {
              "base": "U",
              "fmod_run_ids": [
                601,
                602,
                603,
                604,
                605,
                606,
                607
              ],
              "site": 20,
              "valtype": "modrate"
            }
          },
          "valtype": "modrate"
        },
        {
          "diagnostics": {
            "chisq": 2.8948375445769855e-08,
            "covariance": {
              "matrix": [
                [
                  0.35779916906001313,
                  -0.6436780293858014,
                  0.013857308073726014
                ],
                [
                  -0.6436780293858014,
                  1.288552111292049,
                  -0.042147238501699075
                ],
                [
                  0.013857308073726014,
                  -0.042147238501699075,
                  0.0036456228404680353
                ]
              ],
              "params": [
                "log_kappa",
                "log_kdeg",
                "log_fmod_0"
              ]
            },
            "ndata": 7,
            "nfree": 4,
            "r2": 0.8733829864919346,
            "reduced_chisq": 7.237093861442464e-09,
            "status": "completed",
            "success": true,
            "time_max": 300.0,
            "time_min": 0.0
          },
          "nt_id": 410,
          "params": {
            "fmod0": 0.0011103065787303125,
            "kdeg": 0.004315174659944409,
            "kobs": 0.0006822653977835318,
            "log_fmod0": -6.803119104738943,
            "log_fmod0_err": 0.060378993370774535,
            "log_kdeg": -5.445617477874413,
            "log_kdeg_err": 1.1351440927441983,
            "log_kobs": -7.290091829508436,
            "log_kobs_err": 0.5981631625735683,
            "metadata": {
              "base": "G",
              "fmod_run_ids": [
                601,
                602,
                603,
                604,
                605,
                606,
                607
              ],
              "site": 21,
              "valtype": "modrate"
            }
          },
          "valtype": "modrate"
        },
        {
          "diagnostics": {
            "chisq": 6.4212900636495945e-06,
            "covariance": {
              "matrix": [
                [
                  0.0024725127099822736,
                  -0.001966928709075813,
                  -0.013064913780105304
                ],
                [
                  -0.001966928709075813,
                  0.01741182523886483,
                  -0.0363356341159736
                ],
                [
                  -0.013064913780105304,
                  -0.0363356341159736,
                  0.2540808422840129
                ]
              ],
              "params": [
                "log_kappa",
                "log_kdeg",
                "log_fmod_0"
              ]
            },
            "ndata": 7,
            "nfree": 4,
            "r2": 0.9913504283477756,
            "reduced_chisq": 1.6053225159123986e-06,
            "status": "completed",
            "success": true,
            "time_max": 300.0,
            "time_min": 0.0
          },
          "nt_id": 411,
          "params": {
            "fmod0": 0.0022029429809743983,
            "kdeg": 0.012237219006573742,
            "kobs": 0.030815727222309262,
            "log_fmod0": -6.117961093941554,
            "log_fmod0_err": 0.5040643235580285,
            "log_kdeg": -4.403273233058284,
            "log_kdeg_err": 0.13195387542192472,
            "log_kobs": -3.479730095225782,
            "log_kobs_err": 0.04972436736633533,
            "metadata": {
              "base": "A",
              "fmod_run_ids": [
                601,
                602,
                603,
                604,
                605,
                606,
                607
              ],
              "site": 22,
              "valtype": "modrate"
            }
          },
          "valtype": "modrate"
        },
        {
          "diagnostics": {
            "chisq": 1.9411974285714285e-06,
            "ndata": 7,
            "nfree": 4,
            "r2": -2.220446049250313e-16,
            "reduced_chisq": 4.852993571428571e-07,
            "status": "completed",
            "success": true,
            "time_max": 300.0,
            "time_min": 0.0
          },
          "nt_id": 412,
          "params": {
            "fmod0": 0.0032707142873598717,
            "kdeg": 1.610215699435121e-15,
            "kobs": 4.002065038705502e-05,
            "log_fmod0": -5.722746881425264,
            "log_kdeg": -34.06240825008371,
            "log_kobs": -10.126114977390142,
            "metadata": {
              "base": "U",
              "fmod_run_ids": [
                601,
                602,
                603,
                604,
                605,
                606,
                607
              ],
              "site": 23,
              "valtype": "modrate"
            }
          },
          "valtype": "modrate"
        },
        {
          "diagnostics": {
            "chisq": 5.781773253598841e-07,
            "covariance": {
              "matrix": [
                [
                  0.2215553719704905,
                  -0.01943591680306673,
                  -0.08238210492882424
                ],
                [
                  -0.01943591680306673,
                  2.0304465257837063,
                  -0.05230298050557967
                ],
                [
                  -0.08238210492882424,
                  -0.05230298050557967,
                  0.03778285946662139
                ]
              ],
              "params": [
                "log_kappa",
                "log_kdeg",
                "log_fmod_0"
              ]
            },
            "ndata": 7,
            "nfree": 4,
            "r2": 0.530575246202005,
            "reduced_chisq": 1.4454433133997103e-07,
            "status": "completed",
            "success": true,
            "time_max": 300.0,
            "time_min": 0.0
          },
          "nt_id": 413,
          "params": {
            "fmod0": 0.001954785480075896,
            "kdeg": 0.07791080474355515,
            "kobs": 0.0008907703085688944,
            "log_fmod0": -6.237474820426894,
            "log_fmod0_err": 0.19437813525862777,
            "log_kdeg": -2.5521906355494073,
            "log_kdeg_err": 1.424937376091913,
            "log_kobs": -7.0234239543344765,
            "log_kobs_err": 0.4706966878686215,
            "metadata": {
              "base": "U",
              "fmod_run_ids": [
                601,
                602,
                603,
                604,
                605,
                606,
                607
              ],
              "site": 24,
              "valtype": "modrate"
            }
          },
          "valtype": "modrate"
        },
        {
          "diagnostics": {
            "chisq": 3.788956594744697e-06,
            "covariance": {
              "matrix": [
                [
                  0.0008557783184137701,
                  -0.00057484351050259,
                  -0.012281755763961448
                ],
                [
                  -0.00057484351050259,
                  0.005850391481257703,
                  -0.030830510388262906
                ],
                [
                  -0.012281755763961448,
                  -0.030830510388262906,
                  0.5579831623675934
                ]
              ],
              "params": [
                "log_kappa",
                "log_kdeg",
                "log_fmod_0"
              ]
            },
            "ndata": 7,
            "nfree": 4,
            "r2": 0.9969395231240978,
            "reduced_chisq": 9.472391486861742e-07,
            "status": "completed",
            "success": true,
            "time_max": 300.0,
            "time_min": 0.0
          },
          "nt_id": 414,
          "params": {
            "fmod0": 0.0011505438533854942,
            "kdeg": 0.012929825120209452,
            "kobs": 0.03986421715177944,
            "log_fmod0": -6.767520532409114,
            "log_fmod0_err": 0.7469827055344678,
            "log_kdeg": -4.348218611408981,
            "log_kdeg_err": 0.07648785185411931,
            "log_kobs": -3.222276170702512,
            "log_kobs_err": 0.029253688971030135,
            "metadata": {
              "base": "C",
              "fmod_run_ids": [
                601,
                602,
                603,
                604,
                605,
                606,
                607
              ],
              "site": 25,
              "valtype": "modrate"
            }
          },
          "valtype": "modrate"
        },
        {
          "diagnostics": {
            "chisq": 4.741023803683105e-06,
            "covariance": {
              "matrix": [
                [
                  0.0017242175577320018,
                  -0.0013718601552103265,
                  -0.02154563195146344
                ],
                [
                  -0.0013718601552103265,
                  0.012133441431428159,
                  -0.05989173696672202
                ],
                [
                  -0.02154563195146344,
                  -0.05989173696672202,
                  0.9909358003104997
                ]
              ],
              "params": [
                "log_kappa",
                "log_kdeg",
