{
  "artifacts": {},
  "engine": "python_baseline",
  "engine_version": "0.1.0",
  "metadata": {
    "buffer_pH": 6.4,
    "done_by": [
      "EKC"
    ],
    "experiment_id": "ekc.01.0xx",
    "fmod_run_id": 938,
    "initial_kdeg": 0.046628528165773286,
    "initial_kdeg_source": "arrhenius:nmr:deg:dms:Schwalbe_bistris",
    "initial_log_kdeg": -3.065542732765291,
    "notes": "Baseline python engine demo using examples/nerd.sqlite",
    "rg_id": 98,
    "rg_label": "80_2_14",
    "rounds_requested": [
      "round1_free",
      "round2_global",
      "round3_constrained"
    ],
    "rt_protocol": [
      "MRT"
    ],
    "selected_site_bases": [
      "17_G",
      "18_G",
      "19_C",
      "1_U",
      "20_A",
      "21_G",
      "22_A",
      "23_U",
      "24_C",
      "25_U",
      "26_G",
      "27_A",
      "28_G",
      "29_C",
      "2_A",
      "31_U",
      "32_U",
      "33_C",
      "34_G",
      "36_G",
      "37_C",
      "38_U",
      "39_C",
      "3_A",
      "40_U",
      "41_C",
      "42_U",
      "43_G",
      "44_C",
      "45_C",
      "61_A",
      "62_A",
      "63_U",
      "64_C",
      "65_C"
    ],
    "temperature_c": 80.0,
    "valtypes": [
      "modrate",
      "GAmodrate"
    ]
  },
  "rounds": [
    {
      "global_params": {},
      "notes": null,
      "per_nt": [
        {
          "diagnostics": {
            "reason": "Non-zero fmod values are required for a fit.",
            "status": "failed"
          },
          "nt_id": 243,
          "params": {},
          "valtype": "modrate"
        },
        {
          "diagnostics": {
            "reason": "Non-zero fmod values are required for a fit.",
            "status": "failed"
          },
          "nt_id": 244,
          "params": {},
          "valtype": "modrate"
        },
        {
          "diagnostics": {
            "reason": "Non-zero fmod values are required for a fit.",
            "status": "failed"
          },
          "nt_id": 245,
          "params": {},
          "valtype": "modrate"
        },
        {
          "diagnostics": {
            "reason": "Non-zero fmod values are required for a fit.",
            "status": "failed"
          },
          "nt_id": 246,
          "params": {},
          "valtype": "modrate"
        },
        {
          "diagnostics": {
            "chisq": 2.8690884113673616e-08,
            "covariance": {
              "matrix": [
                [
                  0.01627968811250438,
                  0.0038344949849519533,
                  -0.02505438538662935
                ],
                [
                  0.0038344949849519533,
                  0.09014855062463326,
                  -0.025706207941234623
                ],
                [
                  -0.02505438538662935,
                  -0.025706207941234623,
                  0.050307009294569154
                ]
              ],
              "params": [
                "log_kappa",
                "log_kdeg",
                "log_fmod_0"
              ]
            },
            "ndata": 7,
            "nfree": 4,
            "r2": 0.9394770564161097,
            "reduced_chisq": 7.172721028418404e-09,
            "status": "completed",
            "success": true,
            "time_max": 135.0,
            "time_min": 0.0
          },
          "nt_id": 247,
          "params": {
            "fmod0": 0.00037327767056896996,
            "kdeg": 0.08126425599355898,
            "kobs": 0.000729319806563718,
            "log_fmod0": -7.893187990149519,
            "log_fmod0_err": 0.22429224082560045,
            "log_kdeg": -2.5100490147810475,
            "log_kdeg_err": 0.30024748229524467,
            "log_kobs": -7.2233982300215756,
            "log_kobs_err": 0.12759188106029468,
            "metadata": {
              "base": "G",
              "fmod_run_ids": [
                933,
                934,
                935,
                936,
                937,
                938,
                939
              ],
              "site": 18,
              "valtype": "modrate"
            }
          },
          "valtype": "modrate"
        },
        {
          "diagnostics": {
            "chisq": 8.91103334176105e-06,
            "covariance": {
              "matrix": [
                [
                  0.002641424300733838,
                  0.0006844308790391738,
                  -0.1523819056501912
                ],
                [
                  0.0006844308790391738,
                  0.015006791148526474,
                  -0.19476098326170105
                ],
                [
                  -0.1523819056501912,
                  -0.19476098326170105,
                  12.265973751432524
                ]
              ],
              "params": [
                "log_kappa",
                "log_kdeg",
                "log_fmod_0"
              ]
            },
            "ndata": 7,
            "nfree": 4,
            "r2": 0.9900169137095105,
            "reduced_chisq": 2.2277583354402626e-06,
            "status": "completed",
            "success": true,
            "time_max": 135.0,
            "time_min": 0.0
          },
          "nt_id": 248,
          "params": {
            "fmod0": 0.0004148252907282166,
            "kdeg": 0.05901018354800983,
            "kobs": 0.03254135927688032,
            "log_fmod0": -7.7876531125702115,
            "log_fmod0_err": 3.5022812210661387,
            "log_kdeg": -2.8300452474618756,
            "log_kdeg_err": 0.12250220874958326,
            "log_kobs": -3.425243405571979,
            "log_kobs_err": 0.051394788653460165,
            "metadata": {
              "base": "C",
              "fmod_run_ids": [
                933,
                934,
                935,
                936,
                937,
                938,
                939
              ],
              "site": 19,
              "valtype": "modrate"
            }
          },
          "valtype": "modrate"
        },
        {
          "diagnostics": {
            "chisq": 2.487266733702251e-06,
            "covariance": {
              "matrix": [
                [
                  0.004297813356335025,
                  0.0011574770893144578,
                  -0.11941923705022554
                ],
                [
                  0.0011574770893144578,
                  0.02489879141500798,
                  -0.1557283399484112
                ],
                [
                  -0.11941923705022554,
                  -0.1557283399484112,
                  4.640002793557286
                ]
              ],
              "params": [
                "log_kappa",
                "log_kdeg",
                "log_fmod_0"
              ]
            },
            "ndata": 7,
            "nfree": 4,
            "r2": 0.9835370180883477,
            "reduced_chisq": 6.218166834255628e-07,
            "status": "completed",
            "success": true,
            "time_max": 135.0,
            "time_min": 0.0
          },
          "nt_id": 249,
          "params": {
            "fmod0": 0.0003559976817125366,
            "kdeg": 0.0588172214342685,
            "kobs": 0.01320620853180922,
            "log_fmod0": -7.940586339176884,
            "log_fmod0_err": 2.15406657129191,
            "log_kdeg": -2.8333205854238015,
            "log_kdeg_err": 0.15779350878603335,
            "log_kobs": -4.327068216647679,
            "log_kobs_err": 0.06555771012119799,
            "metadata": {
              "base": "A",
              "fmod_run_ids": [
                933,
                934,
                935,
                936,
                937,
                938,
                939
              ],
              "site": 20,
              "valtype": "modrate"
            }
          },
          "valtype": "modrate"
        },
        {
          "diagnostics": {
            "chisq": 3.103847872622385e-08,
            "covariance": {
              "matrix": [
                [
                  0.0413399579239959,
                  0.011574019849517395,
                  -0.05146362376418729
                ],
                [
                  0.011574019849517395,
                  0.23715459941161238,
                  -0.06444415829090555
                ],
                [
                  -0.05146362376418729,
                  -0.06444415829090555,
                  0.08794375941790841
                ]
              ],
              "params": [
                "log_kappa",
                "log_kdeg",
                "log_fmod_0"
              ]
            },
            "ndata": 7,
            "nfree": 4,
            "r2": 0.8598226076262827,
            "reduced_chisq": 7.759619681555963e-09,
            "status": "completed",
            "success": true,
            "time_max": 135.0,
            "time_min": 0.0
          },
          "nt_id": 250,
          "params": {
            "fmod0": 0.00029006671522002265,
            "kdeg": 0.06288719750532347,
            "kobs": 0.0004710410010357047,
            "log_fmod0": -8.145399608958932,
            "log_fmod0_err": 0.2965531308516375,
            "log_kdeg": -2.7664126732685212,
            "log_kdeg_err": 0.48698521477721723,
            "log_kobs": -7.660565416705357,
            "log_kobs_err": 0.20332230060668677,
            "metadata": {
              "base": "G",
              "fmod_run_ids": [
                933,
                934,
                935,
                936,
                937,
                938,
                939
              ],
              "site": 21,
              "valtype": "modrate"
            }
          },
          "valtype": "modrate"
        },
        {
          "diagnostics": {
            "chisq": 8.090086792602697e-07,
            "covariance": {
              "matrix": [
                [
                  0.0014408617885212165,
                  0.00038703727113296494,
                  -0.04133870706632476
                ],
                [
                  0.00038703727113296494,
                  0.008369749300202642,
                  -0.05420919835660968
                ],
                [
                  -0.04133870706632476,
                  -0.05420919835660968,
                  1.6620969453459493
                ]
              ],
              "params": [
                "log_kappa",
                "log_kdeg",
                "log_fmod_0"
              ]
            },
            "ndata": 7,
            "nfree": 4,
            "r2": 0.9944177641808212,
            "reduced_chisq": 2.0225216981506741e-07,
            "status": "completed",
            "success": true,
            "time_max": 135.0,
            "time_min": 0.0
          },
          "nt_id": 251,
          "params": {
            "fmod0": 0.00033908651166320887,
            "kdeg": 0.05841026473055202,
            "kobs": 0.01300016738271549,
            "log_fmod0": -7.989255286494315,
            "log_fmod0_err": 1.2892233884575433,
            "log_kdeg": -2.8402636386588678,
            "log_kdeg_err": 0.09148633395323393,
            "log_kobs": -4.342793046009991,
            "log_kobs_err": 0.03795868528441437,
            "metadata": {
              "base": "A",
              "fmod_run_ids": [
                933,
                934,
                935,
                936,
                937,
                938,
                939
              ],
              "site": 22,
              "valtype": "modrate"
            }
          },
          "valtype": "modrate"
        },
        {
          "diagnostics": {
            "chisq": 8.720477256807454e-07,
            "covariance": {
              "matrix": [
                [
                  0.032847001742207074,
                  -0.00603021218505787,
                  -0.049247794666877724
                ],
                [
                  -0.00603021218505787,
                  0.3361463915117964,
                  -0.02762453904255044
                ],
                [
                  -0.049247794666877724,
                  -0.02762453904255044,
                  0.09083684026696207
                ]
              ],
              "params": [
                "log_kappa",
                "log_kdeg",
                "log_fmod_0"
              ]
            },
            "ndata": 7,
            "nfree": 4,
            "r2": 0.884492054934623,
            "reduced_chisq": 2.1801193142018636e-07,
            "status": "completed",
            "success": true,
            "time_max": 135.0,
            "time_min": 0.0
          },
          "nt_id": 252,
          "params": {
            "fmod0": 0.0015485577588282122,
            "kdeg": 0.17357161280027078,
            "kobs": 0.002851383661143091,
            "log_fmod0": -6.4704312593898665,
            "log_fmod0_err": 0.3013915066271146,
            "log_kdeg": -1.7511650108626278,
            "log_kdeg_err": 0.579781330772039,
            "log_kobs": -5.859950907378285,
            "log_kobs_err": 0.181237418162495,
            "metadata": {
              "base": "U",
              "fmod_run_ids": [
                933,
                934,
                935,
                936,
                937,
                938,
                939
              ],
              "site": 23,
              "valtype": "modrate"
            }
          },
          "valtype": "modrate"
        },
        {
          "diagnostics": {
            "chisq": 2.6338816903497845e-06,
            "covariance": {
              "matrix": [
                [
                  0.0016081235754298786,
                  0.00042011502678348584,
                  -0.023558236623024625
                ],
                [
                  0.00042011502678348584,
                  0.009314314077027128,
                  -0.031033058378286613
                ],
                [
                  -0.023558236623024625,
                  -0.031033058378286613,
                  0.48596357432633974
                ]
              ],
              "params": [
                "log_kappa",
                "log_kdeg",
                "log_fmod_0"
              ]
            },
            "ndata": 7,
            "nfree": 4,
            "r2": 0.9938318551371207,
            "reduced_chisq": 6.584704225874461e-07,
            "status": "completed",
            "success": true,
            "time_max": 135.0,
            "time_min": 0.0
          },
          "nt_id": 253,
          "params": {
            "fmod0": 0.0011304284446026086,
            "kdeg": 0.057444422457254216,
            "kobs": 0.022402641261848117,
            "log_fmod0": -6.785158563603215,
            "log_fmod0_err": 0.6971108766375258,
            "log_kdeg": -2.85693736456573,
            "log_kdeg_err": 0.09651069410706323,
            "log_kobs": -3.798576413597028,
            "log_kobs_err": 0.04010141612748705,
            "metadata": {
              "base": "C",
              "fmod_run_ids": [
                933,
                934,
                935,
                936,
                937,
                938,
                939
              ],
              "site": 24,
              "valtype": "modrate"
            }
          },
          "valtype": "modrate"
        },
        {
          "diagnostics": {
            "chisq": 5.405543887030068e-07,
            "covariance": {
              "matrix": [
                [
                  0.04055173892053634,
                  0.005388945082547745,
                  -0.051333053740304155
                ],
                [
                  0.005388945082547745,
                  0.2404145802535469,
                  -0.043270564745407386
                ],
                [
                  -0.051333053740304155,
                  -0.043270564745407386,
                  0.08241245705348493
                ]
              ],
              "params": [
                "log_kappa",
                "log_kdeg",
                "log_fmod_0"
              ]
            },
            "ndata": 7,
            "nfree": 4,
            "r2": 0.8610312146467343,
            "reduced_chisq": 1.351385971757517e-07,
            "status": "completed",
            "success": true,
            "time_max": 135.0,
            "time_min": 0.0
          },
          "nt_id": 254,
          "params": {
            "fmod0": 0.0012742407283805927,
            "kdeg": 0.10462148817756034,
            "kobs": 0.0020182260353917313,
            "log_fmod0": -6.665404784909034,
            "log_fmod0_err": 0.28707569916919984,
            "log_kdeg": -2.257406316541717,
            "log_kdeg_err": 0.4903208951834981,
            "log_kobs": -6.2055363537139465,
            "log_kobs_err": 0.2013746233281054,
            "metadata": {
              "base": "U",
              "fmod_run_ids": [
                933,
                934,
                935,
                936,
                937,
                938,
                939
              ],
              "site": 25,
              "valtype": "modrate"
            }
          },
          "valtype": "modrate"
        },
        {
          "diagnostics": {
            "chisq": 1.2848157702609567e-08,
            "covariance": {
              "matrix": [
                [
                  0.012171347329355722,
                  0.002691205609157019,
                  -0.012872252274192161
                ],
                [
                  0.002691205609157019,
                  0.07699217720039317,
                  -0.019527095509053318
                ],
                [
                  -0.012872252274192161,
                  -0.019527095509053318,
                  0.020442010875268472
                ]
              ],
              "params": [
                "log_kappa",
                "log_kdeg",
                "log_fmod_0"
              ]
            },
            "ndata": 7,
            "nfree": 4,
            "r2": 0.9539396331039629,
            "reduced_chisq": 3.212039425652392e-09,
            "status": "completed",
            "success": true,
            "time_max": 135.0,
            "time_min": 0.0
          },
          "nt_id": 255,
          "params": {
            "fmod0": 0.0003794723227967142,
            "kdeg": 0.04922340645710357,
            "kobs": 0.0005509788027507959,
            "log_fmod0": -7.876728894495108,
            "log_fmod0_err": 0.14297556041250012,
            "log_kdeg": -3.0113860276147046,
            "log_kdeg_err": 0.27747464244574344,
            "log_kobs": -7.503814220058091,
            "log_kobs_err": 0.11032382938130693,
            "metadata": {
              "base": "G",
              "fmod_run_ids": [
                933,
                934,
                935,
                936,
                937,
                938,
                939
              ],
              "site": 26,
              "valtype": "modrate"
            }
          },
          "valtype": "modrate"
        },
        {
          "diagnostics": {
            "chisq": 4.952008484747281e-07,
            "covariance": {
              "matrix": [
                [
                  0.0003298362231697817,
                  7.90404937399269e-05,
                  -0.012512650615975446
                ],
                [
                  7.90404937399269e-05,
                  0.0019836271461290893,
                  -0.017703958205441635
                ],
                [
                  -0.012512650615975446,
                  -0.017703958205441635,
                  0.6909446895017113
                ]
              ],
              "params": [
                "log_kappa",
                "log_kdeg",
                "log_fmod_0"
              ]
            },
            "ndata": 7,
            "nfree": 4,
            "r2": 0.9987242996702135,
            "reduced_chisq": 1.2380021211868203e-07,
            "status": "completed",
            "success": true,
            "time_max": 135.0,
            "time_min": 0.0
          },
          "nt_id": 256,
          "params": {
            "fmod0": 0.00040807484329265134,
            "kdeg": 0.0525052444314407,
            "kobs": 0.021316919741930947,
            "log_fmod0": -7.804059960940297,
            "log_fmod0_err": 0.8312308280506151,
            "log_kdeg": -2.9468422204414217,
            "log_kdeg_err": 0.04453792929772431,
            "log_kobs": -3.8482541675177164,
            "log_kobs_err": 0.0181613937562562,
            "metadata": {
              "base": "A",
              "fmod_run_ids": [
                933,
                934,
                935,
                936,
                937,
                938,
                939
              ],
              "site": 27,
              "valtype": "modrate"
            }
          },
          "valtype": "modrate"
        },
        {
          "diagnostics": {
            "chisq": 5.0434322171583825e-09,
            "covariance": {
              "matrix": [
                [
                  0.0034838118334784888,
                  0.0009327568371712302,
                  -0.004866835864133097
                ],
                [
                  0.0009327568371712302,
                  0.01942289183881608,
                  -0.00552088082025077
                ],
                [
                  -0.004866835864133097,
                  -0.00552088082025077,
                  0.0090660252038659
                ]
              ],
              "params": [
                "log_kappa",
                "log_kdeg",
                "log_fmod_0"
              ]
            },
            "ndata": 7,
            "nfree": 4,
            "r2": 0.9864389493803696,
            "reduced_chisq": 1.2608580542895956e-09,
            "status": "completed",
            "success": true,
            "time_max": 135.0,
            "time_min": 0.0
          },
          "nt_id": 257,
          "params": {
            "fmod0": 0.0003667214507601548,
            "kdeg": 0.07141401882268517,
            "kobs": 0.0006580139487856781,
            "log_fmod0": -7.9109079878426,
            "log_fmod0_err": 0.09521567730088307,
            "log_kdeg": -2.639261086854763,
            "log_kdeg_err": 0.13936603545633378,
            "log_kobs": -7.326284428101219,
            "log_kobs_err": 0.059023824287134166,
            "metadata": {
              "base": "G",
              "fmod_run_ids": [
                933,
                934,
                935,
                936,
                937,
                938,
                939
              ],
              "site": 28,
              "valtype": "modrate"
            }
          },
          "valtype": "modrate"
        },
        {
          "diagnostics": {
            "chisq": 3.975115563213206e-06,
            "covariance": {
              "matrix": [
                [
                  0.0017426625878959427,
                  0.00043288899474391466,
                  -0.0184119690126318
                ],
                [
                  0.00043288899474391466,
                  0.010262075132959616,
                  -0.02517587166580076
                ],
                [
                  -0.0184119690126318,
                  -0.02517587166580076,
                  0.27890593055141316
                ]
              ],
              "params": [
                "log_kappa",
                "log_kdeg",
                "log_fmod_0"
              ]
            },
            "ndata": 7,
            "nfree": 4,
            "r2": 0.9933395180616978,
            "reduced_chisq": 9.937788908033015e-07,
            "status": "completed",
            "success": true,
            "time_max": 135.0,
            "time_min": 0.0
          },
          "nt_id": 258,
          "params": {
            "fmod0": 0.001825983783063588,
            "kdeg": 0.05451290005716202,
            "kobs": 0.026474236086146238,
            "log_fmod0": -6.305636377974982,
            "log_fmod0_err": 0.528115451915027,
            "log_kdeg": -2.90931790702501,
            "log_kdeg_err": 0.10130190093458077,
            "log_kobs": -3.6315832420697385,
            "log_kobs_err": 0.041745210358745864,
            "metadata": {
              "base": "C",
              "fmod_run_ids": [
                933,
                934,
                935,
                936,
                937,
                938,
                939
              ],
              "site": 29,
              "valtype": "modrate"
            }
          },
          "valtype": "modrate"
        },
        {
          "diagnostics": {
            "chisq": 2.2100644250595613e-07,
            "covariance": {
              "matrix": [
                [
                  0.006369282422100201,
                  -0.013770069902136623,
                  -0.011127128443472259
                ],
                [
                  -0.013770069902136623,
                  1.221055690470047,
                  -0.0027702944745779815
                ],
                [
                  -0.011127128443472259,
                  -0.0027702944745779815,
                  0.023383719877202388
                ]
              ],
              "params": [
                "log_kappa",
                "log_kdeg",
                "log_fmod_0"
              ]
            },
            "ndata": 7,
            "nfree": 4,
            "r2": 0.97582188885242,
            "reduced_chisq": 5.525161062648903e-08,
            "status": "completed",
            "success": true,
            "time_max": 135.0,
            "time_min": 0.0
          },
          "nt_id": 259,
          "params": {
            "fmod0": 0.0015370973009808011,
            "kdeg": 0.4016664572840357,
            "kobs": 0.0032405032330304053,
            "log_fmod0": -6.4778595106513945,
            "log_fmod0_err": 0.1529173629029823,
            "log_kdeg": -0.9121332430101856,
            "log_kdeg_err": 1.105013887003257,
            "log_kobs": -5.732026642402076,
            "log_kobs_err": 0.07980778421996317,
            "metadata": {
              "base": "U",
              "fmod_run_ids": [
                933,
                934,
                935,
                936,
                937,
                938,
                939
              ],
              "site": 31,
              "valtype": "modrate"
            }
          },
          "valtype": "modrate"
        },
        {
          "diagnostics": {
            "chisq": 5.287258657579603e-07,
            "covariance": {
              "matrix": [
                [
                  0.029424182146661357,
                  -0.007632910594029812,
                  -0.04348019372851483
                ],
                [
                  -0.007632910594029812,
                  0.3553795278055506,
                  -0.02253953082086228
                ],
                [
                  -0.04348019372851483,
                  -0.02253953082086228,
                  0.0787402649904068
                ]
              ],
              "params": [
                "log_kappa",
                "log_kdeg",
                "log_fmod_0"
              ]
            },
            "ndata": 7,
            "nfree": 4,
            "r2": 0.8954345521564838,
            "reduced_chisq": 1.3218146643949007e-07,
            "status": "completed",
            "success": true,
            "time_max": 135.0,
            "time_min": 0.0
          },
          "nt_id": 260,
          "params": {
            "fmod0": 0.001295340133607099,
            "kdeg": 0.1899172010696219,
            "kobs": 0.002343151936631293,
            "log_fmod0": -6.648981966883432,
            "log_fmod0_err": 0.2806069582002677,
            "log_kdeg": -1.6611670856471208,
            "log_kdeg_err": 0.5961371719709739,
            "log_kobs": -6.056258274511884,
            "log_kobs_err": 0.1715347840720982,
            "metadata": {
              "base": "U",
              "fmod_run_ids": [
                933,
                934,
                935,
                936,
                937,
                938,
                939
              ],
              "site": 32,
              "valtype": "modrate"
            }
          },
          "valtype": "modrate"
        },
        {
          "diagnostics": {
            "chisq": 5.465773552429763e-06,
            "covariance": {
              "matrix": [
                [
                  0.00210190673299435,
                  0.0005311543540646166,
                  -0.037888207688601565
                ],
                [
                  0.0005311543540646166,
                  0.012243439454103654,
                  -0.050814153089262494
                ],
                [
                  -0.037888207688601565,
                  -0.050814153089262494,
                  0.9710948965698886
                ]
              ],
              "params": [
                "log_kappa",
                "log_kdeg",
                "log_fmod_0"
              ]
            },
            "ndata": 7,
            "nfree": 4,
            "r2": 0.9919969965017974,
            "reduced_chisq": 1.3664433881074408e-06,
            "status": "completed",
            "success": true,
            "time_max": 135.0,
            "time_min": 0.0
          },
          "nt_id": 261,
          "params": {
            "fmod0": 0.001149624766517716,
            "kdeg": 0.055754186811691225,
            "kobs": 0.028358072244534207,
            "log_fmod0": -6.768319679835733,
            "log_fmod0_err": 0.9854414729297162,
            "log_kdeg": -2.886802771700477,
            "log_kdeg_err": 0.11065007661137724,
            "log_kobs": -3.5628435540808274,
            "log_kobs_err": 0.04584655639188564,
            "metadata": {
              "base": "C",
              "fmod_run_ids": [
                933,
                934,
                935,
                936,
                937,
                938,
                939
              ],
              "site": 33,
              "valtype": "modrate"
            }
          },
          "valtype": "modrate"
        },
        {
          "diagnostics": {
            "chisq": 2.1492963310416082e-08,
            "covariance": {
              "matrix": [
                [
                  0.039353632770326524,
                  -0.07782414479938708,
                  -0.0013068975736860334
                ],
                [
                  -0.07782414479938708,
                  0.2980098629314783,
                  -0.03145253723161248
                ],
                [
                  -0.0013068975736860334,
                  -0.03145253723161248,
                  0.010157482561648638
                ]
              ],
              "params": [
                "log_kappa",
                "log_kdeg",
                "log_fmod_0"
              ]
            },
            "ndata": 7,
            "nfree": 4,
            "r2": 0.9292970705903054,
            "reduced_chisq": 5.373240827604021e-09,
            "status": "completed",
            "success": true,
            "time_max": 135.0,
            "time_min": 0.0
          },
          "nt_id": 262,
          "params": {
            "fmod0": 0.0006082213904817866,
            "kdeg": 0.017136510427103433,
            "kobs": 0.0006206979944391772,
            "log_fmod0": -7.404971613195126,
            "log_fmod0_err": 0.10078433688648568,
            "log_kdeg": -4.066543978891264,
            "log_kdeg_err": 0.5459027962297668,
            "log_kobs": -7.384665915677361,
            "log_kobs_err": 0.19837750066559093,
            "metadata": {
              "base": "G",
              "fmod_run_ids": [
                933,
                934,
                935,
                936,
                937,
                938,
                939
              ],
              "site": 34,
              "valtype": "modrate"
            }
          },
          "valtype": "modrate"
        },
        {
          "diagnostics": {
            "chisq": 1.494901263940314e-08,
            "covariance": {
              "matrix": [
                [
                  0.02973719419724082,
                  0.006815012910685295,
                  -0.016200216009695245
                ],
                [
                  0.006815012910685295,
                  0.18672680506672915,
                  -0.02427171533566185
                ],
                [
                  -0.016200216009695245,
                  -0.02427171533566185,
                  0.013151922406830467
                ]
              ],
              "params": [
                "log_kappa",
                "log_kdeg",
                "log_fmod_0"
              ]
            },
            "ndata": 7,
            "nfree": 4,
            "r2": 0.8945230104447542,
            "reduced_chisq": 3.737253159850785e-09,
            "status": "completed",
            "success": true,
            "time_max": 135.0,
            "time_min": 0.0
          },
          "nt_id": 263,
          "params": {
            "fmod0": 0.0005110924124054761,
            "kdeg": 0.050008003527863325,
            "kobs": 0.0003804913488026994,
            "log_fmod0": -7.578960137916602,
            "log_fmod0_err": 0.11468183119758102,
            "log_kdeg": -2.995572215806649,
            "log_kdeg_err": 0.4321189709637025,
            "log_kobs": -7.874047117313389,
            "log_kobs_err": 0.17244475694332032,
            "metadata": {
              "base": "G",
              "fmod_run_ids": [
                933,
                934,
                935,
                936,
                937,
                938,
                939
              ],
              "site": 36,
              "valtype": "modrate"
            }
          },
          "valtype": "modrate"
        },
        {
          "diagnostics": {
            "chisq": 4.970000109305876e-06,
            "covariance": {
              "matrix": [
                [
                  0.0026721315628966485,
                  0.0005553914530546634,
                  -0.0606665589290962
                ],
                [
                  0.0005553914530546634,
                  0.016563656173649542,
                  -0.09061738521278384
                ],
                [
                  -0.0606665589290962,
                  -0.09061738521278384,
                  2.06952795883938
                ]
              ],
              "params": [
                "log_kappa",
                "log_kdeg",
                "log_fmod_0"
              ]
            },
            "ndata": 7,
            "nfree": 4,
            "r2": 0.9897576712031773,
            "reduced_chisq": 1.242500027326469e-06,
            "status": "completed",
            "success": true,
            "time_max": 135.0,
            "time_min": 0.0
          },
          "nt_id": 264,
          "params": {
            "fmod0": 0.0007421700479547709,
            "kdeg": 0.048924080823235495,
            "kobs": 0.023692928606274147,
            "log_fmod0": -7.205932165912304,
            "log_fmod0_err": 1.438585401997177,
            "log_kdeg": -3.0174855533422886,
            "log_kdeg_err": 0.12869986858442997,
            "log_kobs": -3.7425786464058324,
            "log_kobs_err": 0.0516926644979406,
            "metadata": {
              "base": "C",
              "fmod_run_ids": [
                933,
                934,
                935,
                936,
                937,
                938,
                939
              ],
              "site": 37,
              "valtype": "modrate"
            }
          },
          "valtype": "modrate"
        },
        {
          "diagnostics": {
            "chisq": 1.8070639211918928e-07,
            "covariance": {
              "matrix": [
                [
                  0.021191349271957663,
                  -0.0033216132643591433,
                  -0.029415729980504717
                ],
                [
                  -0.0033216132643591433,
                  0.205178631189922,
                  -0.017006143285021882
                ],
                [
                  -0.029415729980504717,
                  -0.017006143285021882,
                  0.05030916335514599
                ]
              ],
              "params": [
                "log_kappa",
                "log_kdeg",
                "log_fmod_0"
              ]
            },
            "ndata": 7,
            "nfree": 4,
            "r2": 0.9221522546347696,
            "reduced_chisq": 4.517659802979732e-08,
            "status": "completed",
            "success": true,
            "time_max": 135.0,
            "time_min": 0.0
          },
          "nt_id": 265,
          "params": {
            "fmod0": 0.0009471386755984686,
            "kdeg": 0.16780221361896586,
            "kobs": 0.0016143220443462184,
            "log_fmod0": -6.9620650387530025,
            "log_fmod0_err": 0.2242970426803394,
            "log_kdeg": -1.7849692930279053,
            "log_kdeg_err": 0.4529664791018448,
            "log_kobs": -6.428840197225182,
            "log_kobs_err": 0.14557248803244954,
            "metadata": {
              "base": "U",
              "fmod_run_ids": [
                933,
                934,
                935,
                936,
                937,
                938,
                939
              ],
              "site": 38,
              "valtype": "modrate"
            }
          },
          "valtype": "modrate"
        },
        {
          "diagnostics": {
            "chisq": 5.877388450250601e-06,
            "covariance": {
              "matrix": [
                [
                  0.003039475733531305,
                  0.0007860102719458072,
                  -0.2592364102624373
                ],
                [
                  0.0007860102719458072,
                  0.01763626739941945,
                  -0.3435113249735703
                ],
                [
                  -0.2592364102624373,
                  -0.3435113249735703,
                  31.231450839386618
                ]
              ],
              "params": [
                "log_kappa",
                "log_kdeg",
                "log_fmod_0"
              ]
            },
            "ndata": 7,
            "nfree": 4,
            "r2": 0.9884270911309182,
            "reduced_chisq": 1.4693471125626502e-06,
            "status": "completed",
            "success": true,
            "time_max": 135.0,
            "time_min": 0.0
          },
          "nt_id": 266,
          "params": {
            "fmod0": 0.0002104906489275921,
            "kdeg": 0.056881237070138,
            "kobs": 0.024379131634091486,
            "log_fmod0": -8.466069328975406,
            "log_fmod0_err": 5.588510610116672,
            "log_kdeg": -2.8667897449518875,
            "log_kdeg_err": 0.13280160917481176,
            "log_kobs": -3.7140277735251392,
            "log_kobs_err": 0.055131440517469744,
            "metadata": {
              "base": "C",
              "fmod_run_ids": [
                933,
                934,
                935,
                936,
                937,
                938,
                939
              ],
              "site": 39,
              "valtype": "modrate"
            }
          },
          "valtype": "modrate"
        },
        {
          "diagnostics": {
            "chisq": 5.579484623194915e-07,
            "covariance": {
              "matrix": [
                [
                  0.03828003205660991,
                  -0.019358825007287726,
                  -0.053252272100690015
                ],
                [
