{
  "artifacts": {},
  "engine": "python_baseline",
  "engine_version": "0.1.0",
  "metadata": {
    "buffer_pH": 6.4,
    "done_by": [
      "EKC"
    ],
    "experiment_id": "ekc.01.0xx",
    "fmod_run_id": 916,
    "initial_kdeg": 0.046628528165773286,
    "initial_kdeg_source": "arrhenius:nmr:deg:dms:Schwalbe_bistris",
    "initial_log_kdeg": -3.065542732765291,
    "notes": "Baseline python engine demo using examples/nerd.sqlite",
    "rg_id": 122,
    "rg_label": "80_2_12",
    "rounds_requested": [
      "round1_free",
      "round2_global",
      "round3_constrained"
    ],
    "rt_protocol": [
      "MRT"
    ],
    "selected_site_bases": [
      "17_G",
      "18_G",
      "19_C",
      "1_U",
      "20_A",
      "21_G",
      "22_A",
      "23_U",
      "24_C",
      "25_U",
      "26_G",
      "27_A",
      "28_G",
      "29_C",
      "2_A",
      "30_U",
      "31_U",
      "32_G",
      "33_G",
      "34_G",
      "35_A",
      "36_G",
      "37_C",
      "38_U",
      "39_C",
      "3_A",
      "40_U",
      "41_C",
      "42_U",
      "43_G",
      "44_C",
      "45_C",
      "61_A",
      "62_A",
      "63_U",
      "64_C"
    ],
    "temperature_c": 80.0,
    "valtypes": [
      "modrate",
      "GAmodrate"
    ]
  },
  "rounds": [
    {
      "global_params": {},
      "notes": null,
      "per_nt": [
        {
          "diagnostics": {
            "reason": "Non-zero fmod values are required for a fit.",
            "status": "failed"
          },
          "nt_id": 93,
          "params": {},
          "valtype": "modrate"
        },
        {
          "diagnostics": {
            "reason": "Non-zero fmod values are required for a fit.",
            "status": "failed"
          },
          "nt_id": 94,
          "params": {},
          "valtype": "modrate"
        },
        {
          "diagnostics": {
            "reason": "Non-zero fmod values are required for a fit.",
            "status": "failed"
          },
          "nt_id": 95,
          "params": {},
          "valtype": "modrate"
        },
        {
          "diagnostics": {
            "reason": "Non-zero fmod values are required for a fit.",
            "status": "failed"
          },
          "nt_id": 96,
          "params": {},
          "valtype": "modrate"
        },
        {
          "diagnostics": {
            "chisq": 4.638267869891131e-08,
            "covariance": {
              "matrix": [
                [
                  0.03565753863720637,
                  0.005611599729750171,
                  -0.036438714769407236
                ],
                [
                  0.005611599729750171,
                  0.2366973438327951,
                  -0.059757987026572555
                ],
                [
                  -0.036438714769407236,
                  -0.059757987026572555,
                  0.05899756201550354
                ]
              ],
              "params": [
                "log_kappa",
                "log_kdeg",
                "log_fmod_0"
              ]
            },
            "ndata": 7,
            "nfree": 4,
            "r2": 0.8756435585917735,
            "reduced_chisq": 1.1595669674727828e-08,
            "status": "completed",
            "success": true,
            "time_max": 135.0,
            "time_min": 0.0
          },
          "nt_id": 97,
          "params": {
            "fmod0": 0.00042013725380934247,
            "kdeg": 0.04475151663631387,
            "kobs": 0.0006087154988172088,
            "log_fmod0": -7.774929105288496,
            "log_fmod0_err": 0.24289413746631172,
            "log_kdeg": -3.106629943521294,
            "log_kdeg_err": 0.4865155124277078,
            "log_kobs": -7.404159560627866,
            "log_kobs_err": 0.18883203816409536,
            "metadata": {
              "base": "G",
              "fmod_run_ids": [
                912,
                913,
                914,
                915,
                916,
                917,
                918
              ],
              "site": 18,
              "valtype": "modrate"
            }
          },
          "valtype": "modrate"
        },
        {
          "diagnostics": {
            "chisq": 3.0718344448541095e-06,
            "covariance": {
              "matrix": [
                [
                  0.0011228020445446338,
                  0.0002906249088702451,
                  -0.04974757992257805
                ],
                [
                  0.0002906249088702451,
                  0.0064408555152602395,
                  -0.06469416389842614
                ],
                [
                  -0.04974757992257805,
                  -0.06469416389842614,
                  3.0937024853458777
                ]
              ],
              "params": [
                "log_kappa",
                "log_kdeg",
                "log_fmod_0"
              ]
            },
            "ndata": 7,
            "nfree": 4,
            "r2": 0.9957158858668922,
            "reduced_chisq": 7.679586112135274e-07,
            "status": "completed",
            "success": true,
            "time_max": 135.0,
            "time_min": 0.0
          },
          "nt_id": 98,
          "params": {
            "fmod0": 0.0004842587312078003,
            "kdeg": 0.057941702404602155,
            "kobs": 0.02917342954201169,
            "log_fmod0": -7.632891225467385,
            "log_fmod0_err": 1.7588924030041968,
            "log_kdeg": -2.8483179048737175,
            "log_kdeg_err": 0.08025494075295452,
            "log_kobs": -3.534496931152545,
            "log_kobs_err": 0.03350823845779771,
            "metadata": {
              "base": "C",
              "fmod_run_ids": [
                912,
                913,
                914,
                915,
                916,
                917,
                918
              ],
              "site": 19,
              "valtype": "modrate"
            }
          },
          "valtype": "modrate"
        },
        {
          "diagnostics": {
            "chisq": 1.7720081750997109e-06,
            "covariance": {
              "matrix": [
                [
                  0.0012046083522857024,
                  0.00031611757783519406,
                  -0.05648246247708777
                ],
                [
                  0.00031611757783519406,
                  0.006975824254453811,
                  -0.07427469794995575
                ],
                [
                  -0.05648246247708777,
                  -0.07427469794995575,
                  3.725126161499089
                ]
              ],
              "params": [
                "log_kappa",
                "log_kdeg",
                "log_fmod_0"
              ]
            },
            "ndata": 7,
            "nfree": 4,
            "r2": 0.9953670330160198,
            "reduced_chisq": 4.430020437749277e-07,
            "status": "completed",
            "success": true,
            "time_max": 135.0,
            "time_min": 0.0
          },
          "nt_id": 99,
          "params": {
            "fmod0": 0.00033497763282342797,
            "kdeg": 0.057651695767873046,
            "kobs": 0.02120866838076302,
            "log_fmod0": -8.001446796059529,
            "log_fmod0_err": 1.9300585901726117,
            "log_kdeg": -2.853335617818966,
            "log_kdeg_err": 0.08352139997901023,
            "log_kobs": -3.853345294990176,
            "log_kobs_err": 0.03470746824943736,
            "metadata": {
              "base": "A",
              "fmod_run_ids": [
                912,
                913,
                914,
                915,
                916,
                917,
                918
              ],
              "site": 20,
              "valtype": "modrate"
            }
          },
          "valtype": "modrate"
        },
        {
          "diagnostics": {
            "chisq": 1.3365293091408333e-08,
            "covariance": {
              "matrix": [
                [
                  0.005812879976683733,
                  0.00012443089347604196,
                  -0.009877290549886416
                ],
                [
                  0.00012443089347604196,
                  0.04141984126908422,
                  -0.018161607570939955
                ],
                [
                  -0.009877290549886416,
                  -0.018161607570939955,
                  0.029385711017085377
                ]
              ],
              "params": [
                "log_kappa",
                "log_kdeg",
                "log_fmod_0"
              ]
            },
            "ndata": 7,
            "nfree": 4,
            "r2": 0.9772956920057596,
            "reduced_chisq": 3.3413232728520833e-09,
            "status": "completed",
            "success": true,
            "time_max": 135.0,
            "time_min": 0.0
          },
          "nt_id": 100,
          "params": {
            "fmod0": 0.00031459963100656936,
            "kdeg": 0.03932633043934525,
            "kobs": 0.0008065278445158538,
            "log_fmod0": -8.064209740237894,
            "log_fmod0_err": 0.1714226094104432,
            "log_kdeg": -3.23586099871319,
            "log_kdeg_err": 0.20351865091210736,
            "log_kobs": -7.122772135866838,
            "log_kobs_err": 0.07624224535442102,
            "metadata": {
              "base": "G",
              "fmod_run_ids": [
                912,
                913,
                914,
                915,
                916,
                917,
                918
              ],
              "site": 21,
              "valtype": "modrate"
            }
          },
          "valtype": "modrate"
        },
        {
          "diagnostics": {
            "chisq": 2.2517375215190605e-06,
            "covariance": {
              "matrix": [
                [
                  0.0021926167541930727,
                  0.0005570105350000006,
                  -0.06540310231162887
                ],
                [
                  0.0005570105350000006,
                  0.013001092700790312,
                  -0.08984043805443846
                ],
                [
                  -0.06540310231162887,
                  -0.08984043805443846,
                  2.7944489895037097
                ]
              ],
              "params": [
                "log_kappa",
                "log_kdeg",
                "log_fmod_0"
              ]
            },
            "ndata": 7,
            "nfree": 4,
            "r2": 0.9915581126960952,
            "reduced_chisq": 5.629343803797651e-07,
            "status": "completed",
            "success": true,
            "time_max": 135.0,
            "time_min": 0.0
          },
          "nt_id": 101,
          "params": {
            "fmod0": 0.0004341545633525146,
            "kdeg": 0.054748740959622955,
            "kobs": 0.017603215895786017,
            "log_fmod0": -7.742109950508565,
            "log_fmod0_err": 1.671660548527634,
            "log_kdeg": -2.905000906721213,
            "log_kdeg_err": 0.11402233421917968,
            "log_kobs": -4.039673672278066,
            "log_kobs_err": 0.046825385787979075,
            "metadata": {
              "base": "A",
              "fmod_run_ids": [
                912,
                913,
                914,
                915,
                916,
                917,
                918
              ],
              "site": 22,
              "valtype": "modrate"
            }
          },
          "valtype": "modrate"
        },
        {
          "diagnostics": {
            "chisq": 8.832443227106727e-08,
            "covariance": {
              "matrix": [
                [
                  0.03966158681978133,
                  -0.04520021058716347,
                  -0.007816473345536907
                ],
                [
                  -0.04520021058716347,
                  0.35001816140406816,
                  -0.02914959856052887
                ],
                [
                  -0.007816473345536907,
                  -0.02914959856052887,
                  0.007869153931053967
                ]
              ],
              "params": [
                "log_kappa",
                "log_kdeg",
                "log_fmod_0"
              ]
            },
            "ndata": 7,
            "nfree": 4,
            "r2": 0.8809109084214417,
            "reduced_chisq": 2.2081108067766817e-08,
            "status": "completed",
            "success": true,
            "time_max": 135.0,
            "time_min": 0.0
          },
          "nt_id": 102,
          "params": {
            "fmod0": 0.0014615700806102484,
            "kdeg": 0.02415756918598681,
            "kobs": 0.0008834207381057796,
            "log_fmod0": -6.528244023409498,
            "log_fmod0_err": 0.0887082517641621,
            "log_kdeg": -3.723157524140164,
            "log_kdeg_err": 0.5916233272987705,
            "log_kobs": -7.03170898374823,
            "log_kobs_err": 0.19915217001022442,
            "metadata": {
              "base": "U",
              "fmod_run_ids": [
                912,
                913,
                914,
                915,
                916,
                917,
                918
              ],
              "site": 23,
              "valtype": "modrate"
            }
          },
          "valtype": "modrate"
        },
        {
          "diagnostics": {
            "chisq": 2.1561419590567045e-06,
            "covariance": {
              "matrix": [
                [
                  0.0010581741594118074,
                  0.00022601386118065847,
                  -0.012364145061070931
                ],
                [
                  0.00022601386118065847,
                  0.006513259203257476,
                  -0.018268023990315966
                ],
                [
                  -0.012364145061070931,
                  -0.018268023990315966,
                  0.21574995119294366
                ]
              ],
              "params": [
                "log_kappa",
                "log_kdeg",
                "log_fmod_0"
              ]
            },
            "ndata": 7,
            "nfree": 4,
            "r2": 0.9959252137107921,
            "reduced_chisq": 5.390354897641761e-07,
            "status": "completed",
            "success": true,
            "time_max": 135.0,
            "time_min": 0.0
          },
          "nt_id": 103,
          "params": {
            "fmod0": 0.001515900907937778,
            "kdeg": 0.04952855540552289,
            "kobs": 0.024845476623867706,
            "log_fmod0": -6.491745358055425,
            "log_fmod0_err": 0.4644889139612954,
            "log_kdeg": -3.0052058988577444,
            "log_kdeg_err": 0.08070476567872233,
            "log_kobs": -3.6950795702170054,
            "log_kobs_err": 0.03252958898313668,
            "metadata": {
              "base": "C",
              "fmod_run_ids": [
                912,
                913,
                914,
                915,
                916,
                917,
                918
              ],
              "site": 24,
              "valtype": "modrate"
            }
          },
          "valtype": "modrate"
        },
        {
          "diagnostics": {
            "chisq": 9.36356119290292e-08,
            "covariance": {
              "matrix": [
                [
                  0.04258565373819106,
                  -0.018467287094637165,
                  -0.013476275250579919
                ],
                [
                  -0.018467287094637165,
                  0.34747934164064714,
                  -0.03259745870879028
                ],
                [
                  -0.013476275250579919,
                  -0.03259745870879028,
                  0.010450933363298106
                ]
              ],
              "params": [
                "log_kappa",
                "log_kdeg",
                "log_fmod_0"
              ]
            },
            "ndata": 7,
            "nfree": 4,
            "r2": 0.8574187814761889,
            "reduced_chisq": 2.34089029822573e-08,
            "status": "completed",
            "success": true,
            "time_max": 135.0,
            "time_min": 0.0
          },
          "nt_id": 104,
          "params": {
            "fmod0": 0.0013505724363615718,
            "kdeg": 0.030792641896106098,
            "kobs": 0.0008024637340289868,
            "log_fmod0": -6.607226749471317,
            "log_fmod0_err": 0.10222980662848828,
            "log_kdeg": -3.480479517020709,
            "log_kdeg_err": 0.5894737836754466,
            "log_kobs": -7.127823895222396,
            "log_kobs_err": 0.20636291754622743,
            "metadata": {
              "base": "U",
              "fmod_run_ids": [
                912,
                913,
                914,
                915,
                916,
                917,
                918
              ],
              "site": 25,
              "valtype": "modrate"
            }
          },
          "valtype": "modrate"
        },
        {
          "diagnostics": {
            "chisq": 2.1208946916625583e-07,
            "covariance": {
              "matrix": [
                [
                  0.09918260538000709,
                  0.024196539454786534,
                  -0.2415448871060743
                ],
                [
                  0.024196539454786534,
                  0.5488092397465996,
                  -0.25332366763091285
                ],
                [
                  -0.2415448871060743,
                  -0.25332366763091285,
                  0.7707447864287095
                ]
              ],
              "params": [
                "log_kappa",
                "log_kdeg",
                "log_fmod_0"
              ]
            },
            "ndata": 7,
            "nfree": 4,
            "r2": 0.718310644359389,
            "reduced_chisq": 5.302236729156396e-08,
            "status": "completed",
            "success": true,
            "time_max": 135.0,
            "time_min": 0.0
          },
          "nt_id": 105,
          "params": {
            "fmod0": 0.0002590393290048473,
            "kdeg": 0.0789810648294957,
            "kobs": 0.0008027309190465918,
            "log_fmod0": -8.25853065835313,
            "log_fmod0_err": 0.8779207176213063,
            "log_kdeg": -2.5385471409469105,
            "log_kdeg_err": 0.7408166033146123,
            "log_kobs": -7.127490994761308,
            "log_kobs_err": 0.3149326997629924,
            "metadata": {
              "base": "G",
              "fmod_run_ids": [
                912,
                913,
                914,
                915,
                916,
                917,
                918
              ],
              "site": 26,
              "valtype": "modrate"
            }
          },
          "valtype": "modrate"
        },
        {
          "diagnostics": {
            "chisq": 1.875262177799889e-06,
            "covariance": {
              "matrix": [
                [
                  0.0012249398509125823,
                  0.0003182486567029823,
                  -0.1775516116217004
                ],
                [
                  0.0003182486567029823,
                  0.00713042364131307,
                  -0.23612571285220166
                ],
                [
                  -0.1775516116217004,
                  -0.23612571285220166,
                  36.376941828835626
                ]
              ],
              "params": [
                "log_kappa",
                "log_kdeg",
                "log_fmod_0"
              ]
            },
            "ndata": 7,
            "nfree": 4,
            "r2": 0.9952899758055076,
            "reduced_chisq": 4.6881554444997225e-07,
            "status": "completed",
            "success": true,
            "time_max": 135.0,
            "time_min": 0.0
          },
          "nt_id": 106,
          "params": {
            "fmod0": 0.00011014252940814484,
            "kdeg": 0.05679823856435829,
            "kobs": 0.02162781229938943,
            "log_fmod0": -9.11373530900282,
            "log_fmod0_err": 6.031330021548782,
            "log_kdeg": -2.8682499649267634,
            "log_kdeg_err": 0.08444183584760027,
            "log_kobs": -3.8337751860930918,
            "log_kobs_err": 0.0349991407167745,
            "metadata": {
              "base": "A",
              "fmod_run_ids": [
                912,
                913,
                914,
                915,
                916,
                917,
                918
              ],
              "site": 27,
              "valtype": "modrate"
            }
          },
          "valtype": "modrate"
        },
        {
          "diagnostics": {
            "chisq": 7.644523716638346e-08,
            "covariance": {
              "matrix": [
                [
                  0.05576998533866689,
                  0.015177432608644527,
                  -0.08183370099944333
                ],
                [
                  0.015177432608644527,
                  0.3304096915679741,
                  -0.11031007309874331
                ],
                [
                  -0.08183370099944333,
                  -0.11031007309874331,
                  0.1695759966965131
                ]
              ],
              "params": [
                "log_kappa",
                "log_kdeg",
                "log_fmod_0"
              ]
            },
            "ndata": 7,
            "nfree": 4,
            "r2": 0.8195648042065333,
            "reduced_chisq": 1.9111309291595864e-08,
            "status": "completed",
            "success": true,
            "time_max": 135.0,
            "time_min": 0.0
          },
          "nt_id": 107,
          "params": {
            "fmod0": 0.00032564058203276837,
            "kdeg": 0.05719452512978127,
            "kobs": 0.0006333233489269381,
            "log_fmod0": -8.029716293909743,
            "log_fmod0_err": 0.411796062021619,
            "log_kdeg": -2.8612970996916247,
            "log_kdeg_err": 0.5748127447856164,
            "log_kobs": -7.364529446454322,
            "log_kobs_err": 0.23615669657807056,
            "metadata": {
              "base": "G",
              "fmod_run_ids": [
                912,
                913,
                914,
                915,
                916,
                917,
                918
              ],
              "site": 28,
              "valtype": "modrate"
            }
          },
          "valtype": "modrate"
        },
        {
          "diagnostics": {
            "chisq": 5.841815433242116e-06,
            "covariance": {
              "matrix": [
                [
                  0.001882584598411044,
                  0.0004497875688505298,
                  -0.040871495142516125
                ],
                [
                  0.0004497875688505298,
                  0.011155007455619436,
                  -0.056779928699727554
                ],
                [
                  -0.040871495142516125,
                  -0.056779928699727554,
                  1.2842137221964631
                ]
              ],
              "params": [
                "log_kappa",
                "log_kdeg",
                "log_fmod_0"
              ]
            },
            "ndata": 7,
            "nfree": 4,
            "r2": 0.9928367929731415,
            "reduced_chisq": 1.460453858310529e-06,
            "status": "completed",
            "success": true,
            "time_max": 135.0,
            "time_min": 0.0
          },
          "nt_id": 108,
          "params": {
            "fmod0": 0.0010295604859433972,
            "kdeg": 0.05315069637852068,
            "kobs": 0.030980919045792567,
            "log_fmod0": -6.878623280484668,
            "log_fmod0_err": 1.133231539534822,
            "log_kdeg": -2.9346240721441577,
            "log_kdeg_err": 0.10561726873773737,
            "log_kobs": -3.4743837786557537,
            "log_kobs_err": 0.043388761199313404,
            "metadata": {
              "base": "C",
              "fmod_run_ids": [
                912,
                913,
                914,
                915,
                916,
                917,
                918
              ],
              "site": 29,
              "valtype": "modrate"
            }
          },
          "valtype": "modrate"
        },
        {
          "diagnostics": {
            "chisq": 1.2403702112031485e-07,
            "covariance": {
              "matrix": [
                [
                  0.02434177941030612,
                  -0.010512317033832782,
                  -0.008592721731773624
                ],
                [
                  -0.010512317033832782,
                  0.19847043537226822,
                  -0.02075785911235369
                ],
                [
                  -0.008592721731773624,
                  -0.02075785911235369,
                  0.0074221723749056
                ]
              ],
              "params": [
                "log_kappa",
                "log_kdeg",
                "log_fmod_0"
              ]
            },
            "ndata": 7,
            "nfree": 4,
            "r2": 0.9132217958724089,
            "reduced_chisq": 3.100925528007871e-08,
            "status": "completed",
            "success": true,
            "time_max": 135.0,
            "time_min": 0.0
          },
          "nt_id": 109,
          "params": {
            "fmod0": 0.0018447454625642448,
            "kdeg": 0.030818433775948905,
            "kobs": 0.0012219946416768403,
            "log_fmod0": -6.295413971676881,
            "log_fmod0_err": 0.08615203059072722,
            "log_kdeg": -3.4796422688127167,
            "log_kdeg_err": 0.44550020804963514,
            "log_kobs": -6.707270803122183,
            "log_kobs_err": 0.15601852265133817,
            "metadata": {
              "base": "U",
              "fmod_run_ids": [
                912,
                913,
                914,
                915,
                916,
                917,
                918
              ],
              "site": 30,
              "valtype": "modrate"
            }
          },
          "valtype": "modrate"
        },
        {
          "diagnostics": {
            "chisq": 8.446549487794956e-08,
            "covariance": {
              "matrix": [
                [
                  0.04013190945460318,
                  0.011216119882369776,
                  -0.020692040271977845
                ],
                [
                  0.011216119882369776,
                  0.2316103253108534,
                  -0.0263215053457347
                ],
                [
                  -0.020692040271977845,
                  -0.0263215053457347,
                  0.014727117959898136
                ]
              ],
              "params": [
                "log_kappa",
                "log_kdeg",
                "log_fmod_0"
              ]
            },
            "ndata": 7,
            "nfree": 4,
            "r2": 0.8633835602934544,
            "reduced_chisq": 2.111637371948739e-08,
            "status": "completed",
            "success": true,
            "time_max": 135.0,
            "time_min": 0.0
          },
          "nt_id": 110,
          "params": {
            "fmod0": 0.001167759206232774,
            "kdeg": 0.061606476181927015,
            "kobs": 0.000788083596654304,
            "log_fmod0": -6.752668574877082,
            "log_fmod0_err": 0.12135533758305869,
            "log_kdeg": -2.7869882811452404,
            "log_kdeg_err": 0.4812591041329539,
            "log_kobs": -7.145906386608485,
            "log_kobs_err": 0.2003295022072465,
            "metadata": {
              "base": "U",
              "fmod_run_ids": [
                912,
                913,
                914,
                915,
                916,
                917,
                918
              ],
              "site": 31,
              "valtype": "modrate"
            }
          },
          "valtype": "modrate"
        },
        {
          "diagnostics": {
            "chisq": 5.443517546774443e-08,
            "covariance": {
              "matrix": [
                [
                  0.03293417558823595,
                  -0.017531493988775175,
                  -0.020527529615871922
                ],
                [
                  -0.017531493988775175,
                  0.27382418882424975,
                  -0.052457743766436006
                ],
                [
                  -0.020527529615871922,
                  -0.052457743766436006,
                  0.03401755828532015
                ]
              ],
              "params": [
                "log_kappa",
                "log_kdeg",
                "log_fmod_0"
              ]
            },
            "ndata": 7,
            "nfree": 4,
            "r2": 0.8871823863998698,
            "reduced_chisq": 1.3608793866936107e-08,
            "status": "completed",
            "success": true,
            "time_max": 135.0,
            "time_min": 0.0
          },
          "nt_id": 111,
          "params": {
            "fmod0": 0.0005676542548256719,
            "kdeg": 0.029622816408452966,
            "kobs": 0.0007012243918442791,
            "log_fmod0": -7.473998030872844,
            "log_fmod0_err": 0.18443849458646142,
            "log_kdeg": -3.5192103899749356,
            "log_kdeg_err": 0.5232821311914346,
            "log_kobs": -7.262682619663282,
            "log_kobs_err": 0.18147775507823527,
            "metadata": {
              "base": "G",
              "fmod_run_ids": [
                912,
                913,
                914,
                915,
                916,
                917,
                918
              ],
              "site": 32,
              "valtype": "modrate"
            }
          },
          "valtype": "modrate"
        },
        {
          "diagnostics": {
            "chisq": 2.8177163769158545e-08,
            "covariance": {
              "matrix": [
                [
                  0.039753499407207085,
                  -0.048911785993601166,
                  -0.008662920186479276
                ],
                [
                  -0.048911785993601166,
                  0.3512654465428618,
                  -0.03467617549778014
                ],
                [
                  -0.008662920186479276,
                  -0.03467617549778014,
                  0.011035179024565155
                ]
              ],
              "params": [
                "log_kappa",
                "log_kdeg",
                "log_fmod_0"
              ]
            },
            "ndata": 7,
            "nfree": 4,
            "r2": 0.8836149060705545,
            "reduced_chisq": 7.044290942289636e-09,
            "status": "completed",
            "success": true,
            "time_max": 135.0,
            "time_min": 0.0
          },
          "nt_id": 112,
          "params": {
            "fmod0": 0.0006944153579439724,
            "kdeg": 0.023474688961778484,
            "kobs": 0.0005073598151285718,
            "log_fmod0": -7.272440278007909,
            "log_fmod0_err": 0.10504846036265908,
            "log_kdeg": -3.751832503740084,
            "log_kdeg_err": 0.5926765108749138,
            "log_kobs": -7.586290111553498,
            "log_kobs_err": 0.19938279616658777,
            "metadata": {
              "base": "G",
              "fmod_run_ids": [
                912,
                913,
                914,
                915,
                916,
                917,
                918
              ],
              "site": 33,
              "valtype": "modrate"
            }
          },
          "valtype": "modrate"
        },
        {
          "diagnostics": {
            "chisq": 1.2103023937012368e-07,
            "covariance": {
              "matrix": [
                [
                  0.056714957177167805,
                  0.015843847647104285,
                  -0.0632612103323819
                ],
                [
                  0.015843847647104285,
                  0.3232391406555717,
                  -0.07785668340263957
                ],
                [
                  -0.0632612103323819,
                  -0.07785668340263957,
                  0.09631316195429859
                ]
              ],
              "params": [
                "log_kappa",
                "log_kdeg",
                "log_fmod_0"
              ]
            },
            "ndata": 7,
            "nfree": 4,
            "r2": 0.8172740748460987,
            "reduced_chisq": 3.025755984253092e-08,
            "status": "completed",
            "success": true,
            "time_max": 135.0,
            "time_min": 0.0
          },
          "nt_id": 113,
          "params": {
            "fmod0": 0.0005480653307185742,
            "kdeg": 0.06429144859394641,
            "kobs": 0.000795276445024523,
            "log_fmod0": -7.509116061482263,
            "log_fmod0_err": 0.31034361916156517,
            "log_kdeg": -2.744328648900922,
            "log_kdeg_err": 0.5685412391863687,
            "log_kobs": -7.13682077416327,
            "log_kobs_err": 0.23814902304474778,
            "metadata": {
              "base": "G",
              "fmod_run_ids": [
                912,
                913,
                914,
                915,
                916,
                917,
                918
              ],
              "site": 34,
              "valtype": "modrate"
            }
          },
          "valtype": "modrate"
        },
        {
          "diagnostics": {
            "chisq": 2.6767931929864417e-06,
            "covariance": {
              "matrix": [
                [
                  0.0017985551055963982,
                  0.0004818077088963284,
                  -0.012692661827935825
                ],
                [
                  0.0004818077088963284,
                  0.010186561652122417,
                  -0.015864694814563072
                ],
                [
                  -0.012692661827935825,
                  -0.015864694814563072,
                  0.12355954499403926
                ]
              ],
              "params": [
                "log_kappa",
                "log_kdeg",
                "log_fmod_0"
              ]
            },
            "ndata": 7,
            "nfree": 4,
            "r2": 0.9931045761563055,
            "reduced_chisq": 6.691982982466104e-07,
            "status": "completed",
            "success": true,
            "time_max": 135.0,
            "time_min": 0.0
          },
          "nt_id": 114,
          "params": {
            "fmod0": 0.002270762173468455,
            "kdeg": 0.06152150634516945,
            "kobs": 0.021410652185572556,
            "log_fmod0": -6.08763974460614,
            "log_fmod0_err": 0.3515103767942552,
            "log_kdeg": -2.7883684686298724,
            "log_kdeg_err": 0.10092849772052696,
            "log_kobs": -3.843866715117612,
            "log_kobs_err": 0.04240937520874834,
            "metadata": {
              "base": "A",
              "fmod_run_ids": [
                912,
                913,
                914,
                915,
                916,
                917,
                918
              ],
              "site": 35,
              "valtype": "modrate"
            }
          },
          "valtype": "modrate"
        },
        {
          "diagnostics": {
            "chisq": 7.881412862636312e-08,
            "covariance": {
              "matrix": [
                [
                  0.03900250130392248,
                  0.010112247223553172,
                  -0.03725075481972049
                ],
                [
                  0.010112247223553172,
                  0.23630268882485725,
                  -0.052438905662355186
                ],
                [
                  -0.03725075481972049,
                  -0.052438905662355186,
                  0.05126189102943029
                ]
              ],
              "params": [
                "log_kappa",
                "log_kdeg",
                "log_fmod_0"
              ]
            },
            "ndata": 7,
            "nfree": 4,
            "r2": 0.8664274686914897,
            "reduced_chisq": 1.970353215659078e-08,
            "status": "completed",
            "success": true,
            "time_max": 135.0,
            "time_min": 0.0
          },
          "nt_id": 115,
          "params": {
            "fmod0": 0.0005986955925806941,
            "kdeg": 0.05409136331040743,
            "kobs": 0.0007666236599936608,
            "log_fmod0": -7.420757281709148,
            "log_fmod0_err": 0.22641088982076435,
            "log_kdeg": -2.917080748934872,
            "log_kdeg_err": 0.4861097497735025,
            "log_kobs": -7.173514541949006,
            "log_kobs_err": 0.1974905094021545,
            "metadata": {
              "base": "G",
              "fmod_run_ids": [
                912,
                913,
                914,
                915,
                916,
                917,
                918
              ],
              "site": 36,
              "valtype": "modrate"
            }
          },
          "valtype": "modrate"
        },
        {
          "diagnostics": {
            "chisq": 7.429320621378931e-06,
            "covariance": {
              "matrix": [
                [
                  0.0020382068233400124,
                  0.0005123548446110748,
                  -0.10692292915454757
                ],
                [
                  0.0005123548446110748,
                  0.011775487192843697,
                  -0.14185840951592674
                ],
                [
                  -0.10692292915454757,
                  -0.14185840951592674,
                  7.9516399649375415
                ]
              ],
              "params": [
                "log_kappa",
                "log_kdeg",
                "log_fmod_0"
              ]
            },
            "ndata": 7,
            "nfree": 4,
            "r2": 0.9922821298204386,
            "reduced_chisq": 1.8573301553447327e-06,
            "status": "completed",
            "success": true,
            "time_max": 135.0,
            "time_min": 0.0
          },
          "nt_id": 116,
          "params": {
            "fmod0": 0.0004687437064861714,
            "kdeg": 0.05617602769847377,
            "kobs": 0.03377973612102545,
            "log_fmod0": -7.66545440693262,
            "log_fmod0_err": 2.819865238790241,
            "log_kdeg": -2.879265166490215,
            "log_kdeg_err": 0.10851491691396026,
            "log_kobs": -3.3878941793255506,
            "log_kobs_err": 0.04514650399909181,
            "metadata": {
              "base": "C",
              "fmod_run_ids": [
                912,
                913,
                914,
                915,
                916,
                917,
                918
              ],
              "site": 37,
              "valtype": "modrate"
            }
          },
          "valtype": "modrate"
        },
        {
          "diagnostics": {
            "chisq": 5.54134743632611e-08,
            "covariance": {
              "matrix": [
                [
                  0.027760462334321164,
                  -0.003892267325545993,
                  -0.012799590228149652
                ],
                [
