{
  "artifacts": {},
  "engine": "python_baseline",
  "engine_version": "0.1.0",
  "metadata": {
    "buffer_pH": 6.4,
    "done_by": [
      "EKC"
    ],
    "experiment_id": "ekc.01.0xx",
    "fmod_run_id": 718,
    "initial_kdeg": 0.030500380987197977,
    "initial_kdeg_source": "arrhenius:nmr:deg:dms:Schwalbe_bistris",
    "initial_log_kdeg": -3.4900161040632476,
    "notes": "Baseline python engine demo using examples/nerd.sqlite",
    "outlier_specs": [
      "119:085-HIV-C30U-75c-a-6-m:34_G:modrate"
    ],
    "outliers_applied": 1,
    "rg_id": 119,
    "rg_label": "75_1_12",
    "rounds_requested": [
      "round1_free",
      "round2_global",
      "round3_constrained"
    ],
    "rt_protocol": [
      "MRT"
    ],
    "selected_site_bases": [
      "17_G",
      "18_G",
      "19_C",
      "1_U",
      "20_A",
      "21_G",
      "22_A",
      "23_U",
      "24_C",
      "25_U",
      "26_G",
      "27_A",
      "28_G",
      "29_C",
      "2_A",
      "30_U",
      "31_U",
      "32_G",
      "33_G",
      "34_G",
      "35_A",
      "36_G",
      "37_C",
      "38_U",
      "39_C",
      "3_A",
      "40_U",
      "41_C",
      "42_U",
      "43_G",
      "44_C",
      "45_C",
      "61_A",
      "62_A",
      "63_U",
      "64_C",
      "65_C"
    ],
    "temperature_c": 75.0,
    "valtypes": [
      "modrate",
      "GAmodrate"
    ]
  },
  "rounds": [
    {
      "global_params": {},
      "notes": null,
      "per_nt": [
        {
          "diagnostics": {
            "reason": "Non-zero fmod values are required for a fit.",
            "status": "failed"
          },
          "nt_id": 93,
          "params": {},
          "valtype": "modrate"
        },
        {
          "diagnostics": {
            "reason": "Non-zero fmod values are required for a fit.",
            "status": "failed"
          },
          "nt_id": 94,
          "params": {},
          "valtype": "modrate"
        },
        {
          "diagnostics": {
            "reason": "Non-zero fmod values are required for a fit.",
            "status": "failed"
          },
          "nt_id": 95,
          "params": {},
          "valtype": "modrate"
        },
        {
          "diagnostics": {
            "reason": "Non-zero fmod values are required for a fit.",
            "status": "failed"
          },
          "nt_id": 96,
          "params": {},
          "valtype": "modrate"
        },
        {
          "diagnostics": {
            "chisq": 6.785301294360776e-05,
            "covariance": {
              "matrix": [
                [
                  9.599687764467302e+18,
                  -9.589783729825395e+18,
                  -215533044.4327314
                ],
                [
                  -9.589783729825395e+18,
                  9.5821170006767e+18,
                  197854902.80594236
                ],
                [
                  -215533044.4327314,
                  197854902.80594236,
                  0.2474964907278758
                ]
              ],
              "params": [
                "log_kappa",
                "log_kdeg",
                "log_fmod_0"
              ]
            },
            "ndata": 7,
            "nfree": 4,
            "r2": -1.2742973343193853e-09,
            "reduced_chisq": 1.696325323590194e-05,
            "status": "completed",
            "success": true,
            "time_max": 200.0,
            "time_min": 0.0
          },
          "nt_id": 97,
          "params": {
            "fmod0": 0.0047848571678276745,
            "kdeg": 8.178407576753176e-11,
            "kobs": 0.0011137868189562104,
            "log_fmod0": -5.342299104506506,
            "log_fmod0_err": 0.497490191589619,
            "log_kdeg": -23.22693856403961,
            "log_kdeg_err": 3095499475.153679,
            "log_kobs": -6.7999895211791355,
            "log_kobs_err": 3098336289.7637987,
            "metadata": {
              "base": "G",
              "fmod_run_ids": [
                713,
                714,
                715,
                716,
                717,
                718,
                719
              ],
              "site": 18,
              "valtype": "modrate"
            }
          },
          "valtype": "modrate"
        },
        {
          "diagnostics": {
            "chisq": 1.4080351142310606e-05,
            "covariance": {
              "matrix": [
                [
                  0.008781357540568366,
                  -0.007234394941319977,
                  -0.010154767039608026
                ],
                [
                  -0.007234394941319977,
                  0.06661043440380787,
                  -0.02891831659616694
                ],
                [
                  -0.010154767039608026,
                  -0.02891831659616694,
                  0.042350142680653555
                ]
              ],
              "params": [
                "log_kappa",
                "log_kdeg",
                "log_fmod_0"
              ]
            },
            "ndata": 7,
            "nfree": 4,
            "r2": 0.9697276043773683,
            "reduced_chisq": 3.5200877855776515e-06,
            "status": "completed",
            "success": true,
            "time_max": 200.0,
            "time_min": 0.0
          },
          "nt_id": 98,
          "params": {
            "fmod0": 0.00808773503797069,
            "kdeg": 0.018106949843158724,
            "kobs": 0.02379313424914823,
            "log_fmod0": -4.817406557695405,
            "log_fmod0_err": 0.20579150293598994,
            "log_kdeg": -4.011459445172391,
            "log_kdeg_err": 0.25808997346624657,
            "log_kobs": -3.7383582168487255,
            "log_kobs_err": 0.09370889787297877,
            "metadata": {
              "base": "C",
              "fmod_run_ids": [
                713,
                714,
                715,
                716,
                717,
                718,
                719
              ],
              "site": 19,
              "valtype": "modrate"
            }
          },
          "valtype": "modrate"
        },
        {
          "diagnostics": {
            "chisq": 4.2229600625255567e-07,
            "covariance": {
              "matrix": [
                [
                  0.0003833901482430121,
                  -5.290071657240245e-05,
                  -0.0021501538448408
                ],
                [
                  -5.290071657240245e-05,
                  0.0025134380469256506,
                  -0.0038630837700965844
                ],
                [
                  -0.0021501538448408,
                  -0.0038630837700965844,
                  0.022721934480552704
                ]
              ],
              "params": [
                "log_kappa",
                "log_kdeg",
                "log_fmod_0"
              ]
            },
            "ndata": 7,
            "nfree": 4,
            "r2": 0.9985022701880318,
            "reduced_chisq": 1.0557400156313892e-07,
            "status": "completed",
            "success": true,
            "time_max": 200.0,
            "time_min": 0.0
          },
          "nt_id": 99,
          "params": {
            "fmod0": 0.0020030846724419407,
            "kdeg": 0.025939723482528744,
            "kobs": 0.01834945742643411,
            "log_fmod0": -6.213066950380173,
            "log_fmod0_err": 0.15073796628770306,
            "log_kdeg": -3.6519797600377517,
            "log_kdeg_err": 0.05013420037185844,
            "log_kobs": -3.998155272960439,
            "log_kobs_err": 0.019580351075581155,
            "metadata": {
              "base": "A",
              "fmod_run_ids": [
                713,
                714,
                715,
                716,
                717,
                718,
                719
              ],
              "site": 20,
              "valtype": "modrate"
            }
          },
          "valtype": "modrate"
        },
        {
          "diagnostics": {
            "chisq": 7.852519435912753e-06,
            "covariance": {
              "matrix": [
                [
                  3.1278253876744294e+19,
                  -3.14971219093977e+19,
                  1294717186.569019
                ],
                [
                  -3.14971219093977e+19,
                  3.171904231922992e+19,
                  -1313796505.174524
                ],
                [
                  1294717186.569019,
                  -1313796505.174524,
                  0.17061198269525416
                ]
              ],
              "params": [
                "log_kappa",
                "log_kdeg",
                "log_fmod_0"
              ]
            },
            "ndata": 7,
            "nfree": 4,
            "r2": -9.349006013792405e-10,
            "reduced_chisq": 1.9631298589781884e-06,
            "status": "completed",
            "success": true,
            "time_max": 200.0,
            "time_min": 0.0
          },
          "nt_id": 100,
          "params": {
            "fmod0": 0.0023447142924286554,
            "kdeg": 9.418602183606538e-11,
            "kobs": 0.0005018310845748469,
            "log_fmod0": -6.055591721424032,
            "log_fmod0_err": 0.4130520338834493,
            "log_kdeg": -23.085749333509014,
            "log_kdeg_err": 5631966114.886517,
            "log_kobs": -7.597246979806958,
            "log_kobs_err": 5592696476.364893,
            "metadata": {
              "base": "G",
              "fmod_run_ids": [
                713,
                714,
                715,
                716,
                717,
                718,
                719
              ],
              "site": 21,
              "valtype": "modrate"
            }
          },
          "valtype": "modrate"
        },
        {
          "diagnostics": {
            "chisq": 6.589870675848338e-07,
            "covariance": {
              "matrix": [
                [
                  0.0009409029552789609,
                  -9.507038661692948e-05,
                  -0.0035492121413655967
                ],
                [
                  -9.507038661692948e-05,
                  0.006111291064119365,
                  -0.006219822347502471
                ],
                [
                  -0.0035492121413655967,
                  -0.006219822347502471,
                  0.02450620594890833
                ]
              ],
              "params": [
                "log_kappa",
                "log_kdeg",
                "log_fmod_0"
              ]
            },
            "ndata": 7,
            "nfree": 4,
            "r2": 0.996312936239862,
            "reduced_chisq": 1.6474676689620846e-07,
            "status": "completed",
            "success": true,
            "time_max": 200.0,
            "time_min": 0.0
          },
          "nt_id": 101,
          "params": {
            "fmod0": 0.0024178418080337133,
            "kdeg": 0.02673899372748704,
            "kobs": 0.014556535554368729,
            "log_fmod0": -6.0248799515791065,
            "log_fmod0_err": 0.15654458134636384,
            "log_kdeg": -3.6216323397484045,
            "log_kdeg_err": 0.07817474697189218,
            "log_kobs": -4.229715207220907,
            "log_kobs_err": 0.030674141475825544,
            "metadata": {
              "base": "A",
              "fmod_run_ids": [
                713,
                714,
                715,
                716,
                717,
                718,
                719
              ],
              "site": 22,
              "valtype": "modrate"
            }
          },
          "valtype": "modrate"
        },
        {
          "diagnostics": {
            "chisq": 5.122951428701581e-06,
            "covariance": {
              "matrix": [
                [
                  1.5328122984639235e+18,
                  -1.5649347888364849e+18,
                  136797370.9443769
                ],
                [
                  -1.5649347888364849e+18,
                  1.6359485850198666e+18,
                  -175364610.51532406
                ],
                [
                  136797370.9443769,
                  -175364610.51532406,
                  0.06822812865643475
                ]
              ],
              "params": [
                "log_kappa",
                "log_kdeg",
                "log_fmod_0"
              ]
            },
            "ndata": 7,
            "nfree": 4,
            "r2": -2.5405899606312232e-11,
            "reduced_chisq": 1.2807378571753952e-06,
            "status": "completed",
            "success": true,
            "time_max": 200.0,
            "time_min": 0.0
          },
          "nt_id": 102,
          "params": {
            "fmod0": 0.002840714294939462,
            "kdeg": 2.0596163142632303e-12,
            "kobs": 0.00032652330078466454,
            "log_fmod0": -5.863699746130312,
            "log_fmod0_err": 0.2612051466882587,
            "log_kdeg": -26.90850140568674,
            "log_kdeg_err": 1279042057.5649054,
            "log_kobs": -8.027009246450637,
            "log_kobs_err": 1238067970.050079,
            "metadata": {
              "base": "U",
              "fmod_run_ids": [
                713,
                714,
                715,
                716,
                717,
                718,
                719
              ],
              "site": 23,
              "valtype": "modrate"
            }
          },
          "valtype": "modrate"
        },
        {
          "diagnostics": {
            "chisq": 7.124134637740681e-06,
            "covariance": {
              "matrix": [
                [
                  0.006168924413807952,
                  -0.0020378497028646168,
                  -0.011874596975084343
                ],
                [
                  -0.0020378497028646168,
                  0.04282246171654637,
                  -0.024411535262808273
                ],
                [
                  -0.011874596975084343,
                  -0.024411535262808273,
                  0.050550186552505594
                ]
              ],
              "params": [
                "log_kappa",
                "log_kdeg",
                "log_fmod_0"
              ]
            },
            "ndata": 7,
            "nfree": 4,
            "r2": 0.9767452755581357,
            "reduced_chisq": 1.7810336594351702e-06,
            "status": "completed",
            "success": true,
            "time_max": 200.0,
            "time_min": 0.0
          },
          "nt_id": 103,
          "params": {
            "fmod0": 0.0054247305881973025,
            "kdeg": 0.02277919614888381,
            "kobs": 0.019002124394192625,
            "log_fmod0": -5.216787041950558,
            "log_fmod0_err": 0.22483368642733587,
            "log_kdeg": -3.7819076091676447,
            "log_kdeg_err": 0.2069358879376566,
            "log_kobs": -3.963204495845329,
            "log_kobs_err": 0.07854250068471179,
            "metadata": {
              "base": "C",
              "fmod_run_ids": [
                713,
                714,
                715,
                716,
                717,
                718,
                719
              ],
              "site": 24,
              "valtype": "modrate"
            }
          },
          "valtype": "modrate"
        },
        {
          "diagnostics": {
            "chisq": 2.388974000174816e-06,
            "covariance": {
              "matrix": [
                [
                  5.766652497840545e+17,
                  -4.849552496466186e+17,
                  13299253.892411716
                ],
                [
                  -4.849552496466186e+17,
                  4.8122298349531546e+17,
                  -47438861.64519266
                ],
                [
                  13299253.892411716,
                  -47438861.64519266,
                  0.03121364967580998
                ]
              ],
              "params": [
                "log_kappa",
                "log_kdeg",
                "log_fmod_0"
              ]
            },
            "ndata": 7,
            "nfree": 4,
            "r2": -7.317590977606869e-11,
            "reduced_chisq": 5.97243500043704e-07,
            "status": "completed",
            "success": true,
            "time_max": 200.0,
            "time_min": 0.0
          },
          "nt_id": 104,
          "params": {
            "fmod0": 0.002562000001505915,
            "kdeg": 5.099544109235732e-12,
            "kobs": 0.00035180485384114877,
            "log_fmod0": -5.966967074919806,
            "log_fmod0_err": 0.17667385113765416,
            "log_kdeg": -26.001869970539758,
            "log_kdeg_err": 693702373.8573449,
            "log_kobs": -7.952433928595255,
            "log_kobs_err": 759384783.7454044,
            "metadata": {
              "base": "U",
              "fmod_run_ids": [
                713,
                714,
                715,
                716,
                717,
                718,
                719
              ],
              "site": 25,
              "valtype": "modrate"
            }
          },
          "valtype": "modrate"
        },
        {
          "diagnostics": {
            "chisq": 9.1374217162363e-06,
            "covariance": {
              "matrix": [
                [
                  2.614689064565227e+18,
                  -2.6210907949684787e+18,
                  388598266.0003782
                ],
                [
                  -2.6210907949684787e+18,
                  2.631500079295346e+18,
                  -407574518.28928196
                ],
                [
                  388598266.0003782,
                  -407574518.28928196,
                  0.20193880186116106
                ]
              ],
              "params": [
                "log_kappa",
                "log_kdeg",
                "log_fmod_0"
              ]
            },
            "ndata": 7,
            "nfree": 4,
            "r2": -2.1347212886269062e-10,
            "reduced_chisq": 2.284355429059075e-06,
            "status": "completed",
            "success": true,
            "time_max": 200.0,
            "time_min": 0.0
          },
          "nt_id": 105,
          "params": {
            "fmod0": 0.0022795714430250036,
            "kdeg": 2.1023820640827807e-11,
            "kobs": 0.000565474461600448,
            "log_fmod0": -6.083767817268681,
            "log_fmod0_err": 0.4493760138916641,
            "log_kdeg": -24.5853650048258,
            "log_kdeg_err": 1622189902.3527875,
            "log_kobs": -7.477845424169789,
            "log_kobs_err": 1617000019.9645104,
            "metadata": {
              "base": "G",
              "fmod_run_ids": [
                713,
                714,
                715,
                716,
                717,
                718,
                719
              ],
              "site": 26,
              "valtype": "modrate"
            }
          },
          "valtype": "modrate"
        },
        {
          "diagnostics": {
            "chisq": 6.931927085760042e-08,
            "covariance": {
              "matrix": [
                [
                  7.457110405177784e-05,
                  -5.63361287775095e-06,
                  -0.0005399985244689912
                ],
                [
                  -5.63361287775095e-06,
                  0.0004787116085690735,
                  -0.0009251460252736644
                ],
                [
                  -0.0005399985244689912,
                  -0.0009251460252736644,
                  0.007005020341860782
                ]
              ],
              "params": [
                "log_kappa",
                "log_kdeg",
                "log_fmod_0"
              ]
            },
            "ndata": 7,
            "nfree": 4,
            "r2": 0.9997072865422427,
            "reduced_chisq": 1.7329817714400106e-08,
            "status": "completed",
            "success": true,
            "time_max": 200.0,
            "time_min": 0.0
          },
          "nt_id": 106,
          "params": {
            "fmod0": 0.0014711076012113755,
            "kdeg": 0.027363549918829513,
            "kobs": 0.01679911465472549,
            "log_fmod0": -6.5217396916958466,
            "log_fmod0_err": 0.08369599955709223,
            "log_kdeg": -3.5985434461491645,
            "log_kdeg_err": 0.02187947916585478,
            "log_kobs": -4.086429093085054,
            "log_kobs_err": 0.0086354562156135,
            "metadata": {
              "base": "A",
              "fmod_run_ids": [
                713,
                714,
                715,
                716,
                717,
                718,
                719
              ],
              "site": 27,
              "valtype": "modrate"
            }
          },
          "valtype": "modrate"
        },
        {
          "diagnostics": {
            "chisq": 1.1387478858251267e-05,
            "covariance": {
              "matrix": [
                [
                  1.5651965779738135e+18,
                  -1.6837663609788698e+18,
                  294075982.51509523
                ],
                [
                  -1.6837663609788698e+18,
                  1.8496918514538237e+18,
                  -379390071.8513778
                ],
                [
                  294075982.51509523,
                  -379390071.8513778,
                  0.24611700904496822
                ]
              ],
              "params": [
                "log_kappa",
                "log_kdeg",
                "log_fmod_0"
              ]
            },
            "ndata": 7,
            "nfree": 4,
            "r2": -9.733591710414657e-11,
            "reduced_chisq": 2.846869714562817e-06,
            "status": "completed",
            "success": true,
            "time_max": 200.0,
            "time_min": 0.0
          },
          "nt_id": 107,
          "params": {
            "fmod0": 0.002158142862426999,
            "kdeg": 7.781492523333495e-12,
            "kobs": 0.00048156964137802393,
            "log_fmod0": -6.138507213027395,
            "log_fmod0_err": 0.49610181318451985,
            "log_kdeg": -25.57927295509195,
            "log_kdeg_err": 1360033768.4976149,
            "log_kobs": -7.638459702962343,
            "log_kobs_err": 1251078166.2125726,
            "metadata": {
              "base": "G",
              "fmod_run_ids": [
                713,
                714,
                715,
                716,
                717,
                718,
                719
              ],
              "site": 28,
              "valtype": "modrate"
            }
          },
          "valtype": "modrate"
        },
        {
          "diagnostics": {
            "chisq": 2.452729604941925e-06,
            "covariance": {
              "matrix": [
                [
                  0.0015932131692200549,
                  -0.0004311007742138225,
                  -0.004888863318298311
                ],
                [
                  -0.0004311007742138225,
                  0.010851000390595056,
                  -0.009628780815118792
                ],
                [
                  -0.004888863318298311,
                  -0.009628780815118792,
                  0.031511426991126655
                ]
              ],
              "params": [
                "log_kappa",
                "log_kdeg",
                "log_fmod_0"
              ]
            },
            "ndata": 7,
            "nfree": 4,
            "r2": 0.9938766518474292,
            "reduced_chisq": 6.131824012354812e-07,
            "status": "completed",
            "success": true,
            "time_max": 200.0,
            "time_min": 0.0
          },
          "nt_id": 108,
          "params": {
            "fmod0": 0.004051459539803714,
            "kdeg": 0.02361654193085119,
            "kobs": 0.021918332978131224,
            "log_fmod0": -5.508678082586588,
            "log_fmod0_err": 0.17751458247458618,
            "log_kdeg": -3.7458078832134114,
            "log_kdeg_err": 0.104168135197838,
            "log_kobs": -3.8204318700620266,
            "log_kobs_err": 0.03991507446091082,
            "metadata": {
              "base": "C",
              "fmod_run_ids": [
                713,
                714,
                715,
                716,
                717,
                718,
                719
              ],
              "site": 29,
              "valtype": "modrate"
            }
          },
          "valtype": "modrate"
        },
        {
          "diagnostics": {
            "chisq": 2.236457666107263e-06,
            "covariance": {
              "matrix": [
                [
                  30820.301260765256,
                  -30694.402660248594,
                  -13.767484454985144
                ],
                [
                  -30694.402660248594,
                  30587.0493704968,
                  13.278446917457368
                ],
                [
                  -13.767484454985144,
                  13.278446917457368,
                  0.024889258759169967
                ]
              ],
              "params": [
                "log_kappa",
                "log_kdeg",
                "log_fmod_0"
              ]
            },
            "ndata": 7,
            "nfree": 4,
            "r2": 0.013557366248761582,
            "reduced_chisq": 5.591144165268157e-07,
            "status": "completed",
            "success": true,
            "time_max": 200.0,
            "time_min": 0.0
          },
          "nt_id": 109,
          "params": {
            "fmod0": 0.0030925983590552697,
            "kdeg": 5.832098845089956e-14,
            "kobs": 16586768.676088598,
            "log_fmod0": -5.778743648526697,
            "log_fmod0_err": 0.15776329978537457,
            "log_kdeg": -30.472814358607348,
            "log_kdeg_err": 174.8915360173179,
            "log_kobs": 16.624115867793904,
            "log_kobs_err": 175.55711680466064,
            "metadata": {
              "base": "U",
              "fmod_run_ids": [
                713,
                714,
                715,
                716,
                717,
                718,
                719
              ],
              "site": 30,
              "valtype": "modrate"
            }
          },
          "valtype": "modrate"
        },
        {
          "diagnostics": {
            "chisq": 1.968194211859743e-06,
            "covariance": {
              "matrix": [
                [
                  376076092996.22534,
                  -376047935909.6776,
                  3693.8413107860865
                ],
                [
                  -376047935909.6776,
                  376019781085.80096,
                  -3695.0880520462088
                ],
                [
                  3693.8413107860865,
                  -3695.0880520462088,
                  0.026692363498643953
                ]
              ],
              "params": [
                "log_kappa",
                "log_kdeg",
                "log_fmod_0"
              ]
            },
            "ndata": 7,
            "nfree": 4,
            "r2": 0.001614861729896666,
            "reduced_chisq": 4.920485529649358e-07,
            "status": "completed",
            "success": true,
            "time_max": 200.0,
            "time_min": 0.0
          },
          "nt_id": 110,
          "params": {
            "fmod0": 0.0024573513400028006,
            "kdeg": 1.377812732120494e-10,
            "kobs": 2258.0529812277773,
            "log_fmod0": -6.008671200141845,
            "log_fmod0_err": 0.1633779773979466,
            "log_kdeg": -22.705353664900045,
            "log_kdeg_err": 613204.5181550777,
            "log_kobs": 7.722258208219889,
            "log_kobs_err": 613250.4325283639,
            "metadata": {
              "base": "U",
              "fmod_run_ids": [
                713,
                714,
                715,
                716,
                717,
                718,
                719
              ],
              "site": 31,
              "valtype": "modrate"
            }
          },
          "valtype": "modrate"
        },
        {
          "diagnostics": {
            "chisq": 6.591058857505454e-06,
            "covariance": {
              "matrix": [
                [
                  6.90959647286003e+17,
                  -6.97670038524357e+17,
                  12169917.432190983
                ],
                [
                  -6.97670038524357e+17,
                  7.07257354829875e+17,
                  -24691897.41624034
                ],
                [
                  12169917.432190983,
                  -24691897.41624034,
                  0.09715065604122408
                ]
              ],
              "params": [
                "log_kappa",
                "log_kdeg",
                "log_fmod_0"
              ]
            },
            "ndata": 7,
            "nfree": 4,
            "r2": -5.501377131622576e-11,
            "reduced_chisq": 1.6477647143763635e-06,
            "status": "completed",
            "success": true,
            "time_max": 200.0,
            "time_min": 0.0
          },
          "nt_id": 111,
          "params": {
            "fmod0": 0.002361142886700893,
            "kdeg": 1.080129613921823e-11,
            "kobs": 0.00036792379791802504,
            "log_fmod0": -6.0486095031416385,
            "log_fmod0_err": 0.31168999990571417,
            "log_kdeg": -25.251354976108768,
            "log_kdeg_err": 840985942.1119207,
            "log_kobs": -7.907634712112409,
            "log_kobs_err": 831239825.3729203,
            "metadata": {
              "base": "G",
              "fmod_run_ids": [
                713,
                714,
                715,
                716,
                717,
                718,
                719
              ],
              "site": 32,
              "valtype": "modrate"
            }
          },
          "valtype": "modrate"
        },
        {
          "diagnostics": {
            "chisq": 7.853778000593847e-06,
            "covariance": {
              "matrix": [
                [
                  4.192708002504361e+18,
                  -4.3547479143706296e+18,
                  34295038.025935285
                ],
                [
                  -4.3547479143706296e+18,
                  4.597230643998917e+18,
                  -105974078.4677332
                ],
                [
                  34295038.025935285,
                  -105974078.4677332,
                  0.11822755334998021
                ]
              ],
              "params": [
                "log_kappa",
                "log_kdeg",
                "log_fmod_0"
              ]
            },
            "ndata": 7,
            "nfree": 4,
            "r2": -7.561307135972584e-11,
            "reduced_chisq": 1.9634445001484618e-06,
            "status": "completed",
            "success": true,
            "time_max": 200.0,
            "time_min": 0.0
          },
          "nt_id": 112,
          "params": {
            "fmod0": 0.0023400000030654854,
            "kdeg": 6.764128206093827e-12,
            "kobs": 0.0003920454484766824,
            "log_fmod0": -6.05760434830249,
            "log_fmod0_err": 0.343842337925364,
            "log_kdeg": -25.71938773088884,
            "log_kdeg_err": 2144115352.3070807,
            "log_kobs": -7.844132784902796,
            "log_kobs_err": 2047610315.1001074,
            "metadata": {
              "base": "G",
              "fmod_run_ids": [
                713,
                714,
                715,
                716,
                717,
                718,
                719
              ],
              "site": 33,
              "valtype": "modrate"
            }
          },
          "valtype": "modrate"
        },
        {
          "diagnostics": {
            "chisq": 2.501847281289349e-06,
            "covariance": {
              "matrix": [
                [
                  1232.2486471859322,
                  -1422.616184219618,
                  14.993300625341513
                ],
                [
                  -1422.616184219618,
                  1644.7790291933986,
                  -17.79156689366921
                ],
                [
                  14.993300625341513,
                  -17.79156689366921,
                  0.32106653644337096
                ]
              ],
              "params": [
                "log_kappa",
                "log_kdeg",
                "log_fmod_0"
              ]
            },
            "ndata": 6,
            "nfree": 3,
            "r2": 0.1572940679954471,
            "reduced_chisq": 8.339490937631163e-07,
            "status": "completed",
            "success": true,
            "time_max": 200.0,
            "time_min": 15.0
          },
          "nt_id": 113,
          "params": {
            "fmod0": 0.001835354024239395,
            "kdeg": 0.0013032998947210934,
            "kobs": 0.0037418977104649795,
            "log_fmod0": -6.300517887343145,
            "log_fmod0_err": 0.5666273347124818,
            "log_kdeg": -6.642855850206324,
            "log_kdeg_err": 40.55587539670915,
            "log_kobs": -5.588162387028987,
            "log_kobs_err": 35.103399367951994,
            "metadata": {
              "base": "G",
              "fmod_run_ids": [
                713,
                714,
                715,
                716,
                717,
                718
              ],
              "site": 34,
              "valtype": "modrate"
            }
          },
          "valtype": "modrate"
        },
        {
          "diagnostics": {
            "chisq": 7.341194120030902e-07,
            "covariance": {
              "matrix": [
                [
                  0.0006532877006762424,
                  -1.2204083093670987e-05,
                  -0.0028565475396665793
                ],
                [
                  -1.2204083093670987e-05,
                  0.004092186931760652,
                  -0.004651527646610361
                ],
                [
                  -0.0028565475396665793,
                  -0.004651527646610361,
                  0.021336031655499795
                ]
              ],
              "params": [
                "log_kappa",
                "log_kdeg",
                "log_fmod_0"
              ]
            },
            "ndata": 7,
            "nfree": 4,
            "r2": 0.9974439599473223,
            "reduced_chisq": 1.8352985300077255e-07,
            "status": "completed",
            "success": true,
            "time_max": 200.0,
            "time_min": 0.0
          },
          "nt_id": 114,
          "params": {
            "fmod0": 0.002762291362136585,
            "kdeg": 0.02898295040092639,
            "kobs": 0.01848927513745984,
            "log_fmod0": -5.891694740008854,
            "log_fmod0_err": 0.146068585450465,
            "log_kdeg": -3.5410475390961875,
            "log_kdeg_err": 0.06397020346818237,
            "log_kobs": -3.9905644373012703,
            "log_kobs_err": 0.02555949335719005,
            "metadata": {
              "base": "A",
              "fmod_run_ids": [
                713,
                714,
                715,
                716,
                717,
                718,
                719
              ],
              "site": 35,
              "valtype": "modrate"
            }
          },
          "valtype": "modrate"
        },
        {
          "diagnostics": {
            "chisq": 7.4204788575680756e-06,
            "covariance": {
              "matrix": [
                [
                  1.0721223764305306e+18,
                  -1.0744238241101422e+18,
                  -18931838.017972406
                ],
                [
                  -1.0744238241101422e+18,
                  1.0788570531756262e+18,
                  8809262.921242638
                ],
                [
                  -18931838.017972406,
                  8809262.921242638,
                  0.08677247734878449
                ]
              ],
              "params": [
                "log_kappa",
                "log_kdeg",
                "log_fmod_0"
              ]
            },
            "ndata": 7,
            "nfree": 4,
            "r2": -5.7303273237607755e-11,
            "reduced_chisq": 1.8551197143920189e-06,
            "status": "completed",
            "success": true,
            "time_max": 200.0,
            "time_min": 0.0
          },
          "nt_id": 115,
          "params": {
            "fmod0": 0.0026451428906302085,
            "kdeg": 1.0518443720966335e-11,
            "kobs": 0.000509916422913712,
            "log_fmod0": -5.935030192208486,
            "log_fmod0_err": 0.29457168456724503,
            "log_kdeg": -25.277890854831846,
            "log_kdeg_err": 1038680438.4292728,
            "log_kobs": -7.581263722314927,
            "log_kobs_err": 1035433424.4317838,
            "metadata": {
              "base": "G",
              "fmod_run_ids": [
                713,
                714,
                715,
                716,
                717,
                718,
                719
              ],
              "site": 36,
              "valtype": "modrate"
            }
          },
          "valtype": "modrate"
        },
        {
          "diagnostics": {
            "chisq": 6.733244657400732e-07,
            "covariance": {
              "matrix": [
                [
                  0.00040368012659285817,
                  -0.0001739208775569279,
                  -0.0011201406391056668
                ],
                [
                  -0.0001739208775569279,
                  0.002861805755204013,
                  -0.0024531003543661898
                ],
                [
                  -0.0011201406391056668,
                  -0.0024531003543661898,
                  0.007501544206922674
                ]
              ],
              "params": [
                "log_kappa",
                "log_kdeg",
                "log_fmod_0"
              ]
            },
            "ndata": 7,
            "nfree": 4,
            "r2": 0.9984670928001274,
            "reduced_chisq": 1.683311164350183e-07,
            "status": "completed",
            "success": true,
            "time_max": 200.0,
            "time_min": 0.0
          },
          "nt_id": 116,
          "params": {
            "fmod0": 0.004299360871422235,
            "kdeg": 0.02155256971992097,
            "kobs": 0.023123376167622545,
            "log_fmod0": -5.449288901882799,
            "log_fmod0_err": 0.08661145540240434,
            "log_kdeg": -3.837260224997549,
            "log_kdeg_err": 0.05349584801836506,
            "log_kobs": -3.7669112178276567,
            "log_kobs_err": 0.02009179251816169,
            "metadata": {
              "base": "C",
              "fmod_run_ids": [
                713,
                714,
                715,
                716,
                717,
                718,
                719
              ],
              "site": 37,
              "valtype": "modrate"
            }
          },
          "valtype": "modrate"
        },
        {
          "diagnostics": {
            "chisq": 3.3956745763704436e-06,
            "covariance": {
              "matrix": [
                [
