{
  "artifacts": {},
  "engine": "python_baseline",
  "engine_version": "0.1.0",
  "metadata": {
    "buffer_pH": 6.4,
    "done_by": [
      "EKC"
    ],
    "experiment_id": "ekc.01.0xx",
    "fmod_run_id": 584,
    "initial_kdeg": 0.019705462789320123,
    "initial_kdeg_source": "arrhenius:nmr:deg:dms:Schwalbe_bistris",
    "initial_log_kdeg": -3.926859382728182,
    "notes": "Baseline python engine demo using examples/nerd.sqlite",
    "rg_id": 117,
    "rg_label": "70_1_12",
    "rounds_requested": [
      "round1_free",
      "round2_global",
      "round3_constrained"
    ],
    "rt_protocol": [
      "MRT"
    ],
    "selected_site_bases": [
      "17_G",
      "18_G",
      "19_C",
      "1_U",
      "20_A",
      "21_G",
      "22_A",
      "23_U",
      "24_C",
      "25_U",
      "26_G",
      "27_A",
      "28_G",
      "29_C",
      "2_A",
      "30_U",
      "31_U",
      "32_G",
      "33_G",
      "34_G",
      "35_A",
      "36_G",
      "37_C",
      "38_U",
      "39_C",
      "3_A",
      "40_U",
      "41_C",
      "42_U",
      "43_G",
      "44_C",
      "45_C",
      "61_A",
      "62_A",
      "63_U",
      "64_C"
    ],
    "temperature_c": 70.0,
    "valtypes": [
      "modrate",
      "GAmodrate"
    ]
  },
  "rounds": [
    {
      "global_params": {},
      "notes": null,
      "per_nt": [
        {
          "diagnostics": {
            "reason": "Non-zero fmod values are required for a fit.",
            "status": "failed"
          },
          "nt_id": 93,
          "params": {},
          "valtype": "modrate"
        },
        {
          "diagnostics": {
            "reason": "Non-zero fmod values are required for a fit.",
            "status": "failed"
          },
          "nt_id": 94,
          "params": {},
          "valtype": "modrate"
        },
        {
          "diagnostics": {
            "reason": "Non-zero fmod values are required for a fit.",
            "status": "failed"
          },
          "nt_id": 95,
          "params": {},
          "valtype": "modrate"
        },
        {
          "diagnostics": {
            "reason": "Non-zero fmod values are required for a fit.",
            "status": "failed"
          },
          "nt_id": 96,
          "params": {},
          "valtype": "modrate"
        },
        {
          "diagnostics": {
            "chisq": 5.293436647970575e-08,
            "covariance": {
              "matrix": [
                [
                  0.06738480431643411,
                  0.01262883060754181,
                  -0.052937632742140944
                ],
                [
                  0.01262883060754181,
                  0.37224546761632177,
                  -0.06856321623984307
                ],
                [
                  -0.052937632742140944,
                  -0.06856321623984307,
                  0.06027650238713628
                ]
              ],
              "params": [
                "log_kappa",
                "log_kdeg",
                "log_fmod_0"
              ]
            },
            "ndata": 7,
            "nfree": 4,
            "r2": 0.7888241411936825,
            "reduced_chisq": 1.3233591619926437e-08,
            "status": "completed",
            "success": true,
            "time_max": 300.0,
            "time_min": 0.0
          },
          "nt_id": 97,
          "params": {
            "fmod0": 0.0004486489467364519,
            "kdeg": 0.026369468919158784,
            "kobs": 0.00048028266554654686,
            "log_fmod0": -7.709269831851511,
            "log_fmod0_err": 0.2455127336557847,
            "log_kdeg": -3.635548418404168,
            "log_kdeg_err": 0.6101192240999473,
            "log_kobs": -7.641135740832676,
            "log_kobs_err": 0.2595858322721679,
            "metadata": {
              "base": "G",
              "fmod_run_ids": [
                580,
                581,
                582,
                583,
                584,
                585,
                586
              ],
              "site": 18,
              "valtype": "modrate"
            }
          },
          "valtype": "modrate"
        },
        {
          "diagnostics": {
            "chisq": 4.549408045863513e-07,
            "covariance": {
              "matrix": [
                [
                  0.00011930684642100558,
                  1.3525990174894536e-05,
                  -0.002475470034765244
                ],
                [
                  1.3525990174894536e-05,
                  0.0006804824432547672,
                  -0.0036840843547353975
                ],
                [
                  -0.002475470034765244,
                  -0.0036840843547353975,
                  0.08170102110731532
                ]
              ],
              "params": [
                "log_kappa",
                "log_kdeg",
                "log_fmod_0"
              ]
            },
            "ndata": 7,
            "nfree": 4,
            "r2": 0.9995411385007931,
            "reduced_chisq": 1.1373520114658782e-07,
            "status": "completed",
            "success": true,
            "time_max": 300.0,
            "time_min": 0.0
          },
          "nt_id": 98,
          "params": {
            "fmod0": 0.0011061869404785309,
            "kdeg": 0.020731208257673016,
            "kobs": 0.03437553061541944,
            "log_fmod0": -6.806836366224125,
            "log_fmod0_err": 0.2858339047546937,
            "log_kdeg": -3.8761150687687733,
            "log_kdeg_err": 0.026086058407792604,
            "log_kobs": -3.3704102870296078,
            "log_kobs_err": 0.010922767342619981,
            "metadata": {
              "base": "C",
              "fmod_run_ids": [
                580,
                581,
                582,
                583,
                584,
                585,
                586
              ],
              "site": 19,
              "valtype": "modrate"
            }
          },
          "valtype": "modrate"
        },
        {
          "diagnostics": {
            "chisq": 7.258242368785928e-08,
            "covariance": {
              "matrix": [
                [
                  3.452664479894084e-05,
                  4.595382088746328e-06,
                  -0.0010485953589879937
                ],
                [
                  4.595382088746328e-06,
                  0.00019563991887393704,
                  -0.0015259752872554607
                ],
                [
                  -0.0010485953589879937,
                  -0.0015259752872554607,
                  0.04972914657167256
                ]
              ],
              "params": [
                "log_kappa",
                "log_kdeg",
                "log_fmod_0"
              ]
            },
            "ndata": 7,
            "nfree": 4,
            "r2": 0.999865995263988,
            "reduced_chisq": 1.814560592196482e-08,
            "status": "completed",
            "success": true,
            "time_max": 300.0,
            "time_min": 0.0
          },
          "nt_id": 99,
          "params": {
            "fmod0": 0.0005682560100407432,
            "kdeg": 0.021548256847448505,
            "kobs": 0.025312986504040576,
            "log_fmod0": -7.4729385188850115,
            "log_fmod0_err": 0.22300032863579497,
            "log_kdeg": -3.837460354453541,
            "log_kdeg_err": 0.013987134047900486,
            "log_kobs": -3.676437714387365,
            "log_kobs_err": 0.005875937780383727,
            "metadata": {
              "base": "A",
              "fmod_run_ids": [
                580,
                581,
                582,
                583,
                584,
                585,
                586
              ],
              "site": 20,
              "valtype": "modrate"
            }
          },
          "valtype": "modrate"
        },
        {
          "diagnostics": {
            "chisq": 4.26712418331739e-08,
            "covariance": {
              "matrix": [
                [
                  0.02302065836036271,
                  0.0017356744223530458,
                  -0.025127414773465487
                ],
                [
                  0.0017356744223530458,
                  0.14113616902110307,
                  -0.04133501352280464
                ],
                [
                  -0.025127414773465487,
                  -0.04133501352280464,
                  0.046124177169798
                ]
              ],
              "params": [
                "log_kappa",
                "log_kdeg",
                "log_fmod_0"
              ]
            },
            "ndata": 7,
            "nfree": 4,
            "r2": 0.9158078220337511,
            "reduced_chisq": 1.0667810458293475e-08,
            "status": "completed",
            "success": true,
            "time_max": 300.0,
            "time_min": 0.0
          },
          "nt_id": 100,
          "params": {
            "fmod0": 0.00044587580292914714,
            "kdeg": 0.019034695306721458,
            "kobs": 0.000729750674247345,
            "log_fmod0": -7.715470113492565,
            "log_fmod0_err": 0.2147654003087974,
            "log_kdeg": -3.961491896277552,
            "log_kdeg_err": 0.3756809404549332,
            "log_kobs": -7.222807624287558,
            "log_kobs_err": 0.15172560219146508,
            "metadata": {
              "base": "G",
              "fmod_run_ids": [
                580,
                581,
                582,
                583,
                584,
                585,
                586
              ],
              "site": 21,
              "valtype": "modrate"
            }
          },
          "valtype": "modrate"
        },
        {
          "diagnostics": {
            "chisq": 3.117256728561956e-07,
            "covariance": {
              "matrix": [
                [
                  0.0001946200737135735,
                  2.9912325187830474e-05,
                  -0.005782110787238659
                ],
                [
                  2.9912325187830474e-05,
                  0.0010848645196963288,
                  -0.008078499669430186
                ],
                [
                  -0.005782110787238659,
                  -0.008078499669430186,
                  0.26134694028927014
                ]
              ],
              "params": [
                "log_kappa",
                "log_kdeg",
                "log_fmod_0"
              ]
            },
            "ndata": 7,
            "nfree": 4,
            "r2": 0.9992433182736884,
            "reduced_chisq": 7.79314182140489e-08,
            "status": "completed",
            "success": true,
            "time_max": 300.0,
            "time_min": 0.0
          },
          "nt_id": 101,
          "params": {
            "fmod0": 0.0005165895655981575,
            "kdeg": 0.022865277346008035,
            "kobs": 0.022066183477464724,
            "log_fmod0": -7.568261875729212,
            "log_fmod0_err": 0.5112210288018971,
            "log_kdeg": -3.778135792227422,
            "log_kdeg_err": 0.03293728160756939,
            "log_kobs": -3.8137090017386512,
            "log_kobs_err": 0.013950629867987091,
            "metadata": {
              "base": "A",
              "fmod_run_ids": [
                580,
                581,
                582,
                583,
                584,
                585,
                586
              ],
              "site": 22,
              "valtype": "modrate"
            }
          },
          "valtype": "modrate"
        },
        {
          "diagnostics": {
            "chisq": 3.712166607679107e-08,
            "covariance": {
              "matrix": [
                [
                  0.04413186138127714,
                  0.005988139830235169,
                  -0.010808517686086537
                ],
                [
                  0.005988139830235169,
                  0.2575933019816885,
                  -0.016271031566819118
                ],
                [
                  -0.010808517686086537,
                  -0.016271031566819118,
                  0.004179749007797806
                ]
              ],
              "params": [
                "log_kappa",
                "log_kdeg",
                "log_fmod_0"
              ]
            },
            "ndata": 7,
            "nfree": 4,
            "r2": 0.8504194316276763,
            "reduced_chisq": 9.280416519197768e-09,
            "status": "completed",
            "success": true,
            "time_max": 300.0,
            "time_min": 0.0
          },
          "nt_id": 102,
          "params": {
            "fmod0": 0.0013972245159997489,
            "kdeg": 0.021182099630534735,
            "kobs": 0.0004929701522152787,
            "log_fmod0": -6.573267498664101,
            "log_fmod0_err": 0.06465097839783869,
            "log_kdeg": -3.8545988110246183,
            "log_kdeg_err": 0.507536503102672,
            "log_kobs": -7.615061928928273,
            "log_kobs_err": 0.21007584673464283,
            "metadata": {
              "base": "U",
              "fmod_run_ids": [
                580,
                581,
                582,
                583,
                584,
                585,
                586
              ],
              "site": 23,
              "valtype": "modrate"
            }
          },
          "valtype": "modrate"
        },
        {
          "diagnostics": {
            "chisq": 1.267279572757007e-06,
            "covariance": {
              "matrix": [
                [
                  0.0004171986846161387,
                  6.067978098956217e-05,
                  -0.006123398977813021
                ],
                [
                  6.067978098956217e-05,
                  0.002318767766578054,
                  -0.008594916237552059
                ],
                [
                  -0.006123398977813021,
                  -0.008594916237552059,
                  0.13757757884566052
                ]
              ],
              "params": [
                "log_kappa",
                "log_kdeg",
                "log_fmod_0"
              ]
            },
            "ndata": 7,
            "nfree": 4,
            "r2": 0.9983932912120326,
            "reduced_chisq": 3.1681989318925176e-07,
            "status": "completed",
            "success": true,
            "time_max": 300.0,
            "time_min": 0.0
          },
          "nt_id": 103,
          "params": {
            "fmod0": 0.00143406021285114,
            "kdeg": 0.022490794932993455,
            "kobs": 0.03064490931958883,
            "log_fmod0": -6.547245548250299,
            "log_fmod0_err": 0.37091451689797816,
            "log_kdeg": -3.7946491675709435,
            "log_kdeg_err": 0.04815358518924685,
            "log_kobs": -3.48528872110939,
            "log_kobs_err": 0.020425442091081866,
            "metadata": {
              "base": "C",
              "fmod_run_ids": [
                580,
                581,
                582,
                583,
                584,
                585,
                586
              ],
              "site": 24,
              "valtype": "modrate"
            }
          },
          "valtype": "modrate"
        },
        {
          "diagnostics": {
            "chisq": 1.4112901718879649e-08,
            "covariance": {
              "matrix": [
                [
                  0.006357287113285421,
                  0.0011040686392584328,
                  -0.0030177895611762156
                ],
                [
                  0.0011040686392584328,
                  0.035694319298516235,
                  -0.0041571598140077584
                ],
                [
                  -0.0030177895611762156,
                  -0.0041571598140077584,
                  0.002144327181575913
                ]
              ],
              "params": [
                "log_kappa",
                "log_kdeg",
                "log_fmod_0"
              ]
            },
            "ndata": 7,
            "nfree": 4,
            "r2": 0.9753503655310028,
            "reduced_chisq": 3.528225429719912e-09,
            "status": "completed",
            "success": true,
            "time_max": 300.0,
            "time_min": 0.0
          },
          "nt_id": 104,
          "params": {
            "fmod0": 0.001217494525455733,
            "kdeg": 0.023943043459693503,
            "kobs": 0.000804725137123537,
            "log_fmod0": -6.710960199563238,
            "log_fmod0_err": 0.04630688049929419,
            "log_kdeg": -3.732077458290303,
            "log_kdeg_err": 0.1889294029486047,
            "log_kobs": -7.125009783418214,
            "log_kobs_err": 0.07973259755762019,
            "metadata": {
              "base": "U",
              "fmod_run_ids": [
                580,
                581,
                582,
                583,
                584,
                585,
                586
              ],
              "site": 25,
              "valtype": "modrate"
            }
          },
          "valtype": "modrate"
        },
        {
          "diagnostics": {
            "chisq": 5.021017776489999e-08,
            "covariance": {
              "matrix": [
                [
                  0.03350685958661086,
                  0.002401432360176173,
                  -0.039999865491834194
                ],
                [
                  0.002401432360176173,
                  0.20600860961630382,
                  -0.06611258731764477
                ],
                [
                  -0.039999865491834194,
                  -0.06611258731764477,
                  0.08059327914147663
                ]
              ],
              "params": [
                "log_kappa",
                "log_kdeg",
                "log_fmod_0"
              ]
            },
            "ndata": 7,
            "nfree": 4,
            "r2": 0.8819654497016487,
            "reduced_chisq": 1.2552544441224998e-08,
            "status": "completed",
            "success": true,
            "time_max": 300.0,
            "time_min": 0.0
          },
          "nt_id": 105,
          "params": {
            "fmod0": 0.0003656888475366974,
            "kdeg": 0.018935346578618433,
            "kobs": 0.0006560143375772683,
            "log_fmod0": -7.9137277294820585,
            "log_fmod0_err": 0.2838895544775761,
            "log_kdeg": -3.9667249141984,
            "log_kdeg_err": 0.45388171324289306,
            "log_kobs": -7.329327913196116,
            "log_kobs_err": 0.18304879018068068,
            "metadata": {
              "base": "G",
              "fmod_run_ids": [
                580,
                581,
                582,
                583,
                584,
                585,
                586
              ],
              "site": 26,
              "valtype": "modrate"
            }
          },
          "valtype": "modrate"
        },
        {
          "diagnostics": {
            "chisq": 1.966047120148189e-06,
            "covariance": {
              "matrix": [
                [
                  0.0009901367955564963,
                  0.00010908390194288346,
                  -0.042987741166695584
                ],
                [
                  0.00010908390194288346,
                  0.005734378462766902,
                  -0.06524780151339155
                ],
                [
                  -0.042987741166695584,
                  -0.06524780151339155,
                  2.9949809749048506
                ]
              ],
              "params": [
                "log_kappa",
                "log_kdeg",
                "log_fmod_0"
              ]
            },
            "ndata": 7,
            "nfree": 4,
            "r2": 0.9961641208255105,
            "reduced_chisq": 4.915117800370472e-07,
            "status": "completed",
            "success": true,
            "time_max": 300.0,
            "time_min": 0.0
          },
          "nt_id": 106,
          "params": {
            "fmod0": 0.00037900967071880653,
            "kdeg": 0.020438889164146875,
            "kobs": 0.024539030810367252,
            "log_fmod0": -7.877948836798925,
            "log_fmod0_err": 1.7306013333245907,
            "log_kdeg": -3.890315861300208,
            "log_kdeg_err": 0.07572567901819635,
            "log_kobs": -3.7074903347593544,
            "log_kobs_err": 0.031466439194108006,
            "metadata": {
              "base": "A",
              "fmod_run_ids": [
                580,
                581,
                582,
                583,
                584,
                585,
                586
              ],
              "site": 27,
              "valtype": "modrate"
            }
          },
          "valtype": "modrate"
        },
        {
          "diagnostics": {
            "chisq": 2.435995656199009e-08,
            "covariance": {
              "matrix": [
                [
                  0.02407249412860202,
                  0.003638573058164812,
                  -0.025383771024608353
                ],
                [
                  0.003638573058164812,
                  0.1384529315262211,
                  -0.0370748980124596
                ],
                [
                  -0.025383771024608353,
                  -0.0370748980124596,
                  0.04145874063195367
                ]
              ],
              "params": [
                "log_kappa",
                "log_kdeg",
                "log_fmod_0"
              ]
            },
            "ndata": 7,
            "nfree": 4,
            "r2": 0.9125257411707728,
            "reduced_chisq": 6.089989140497522e-09,
            "status": "completed",
            "success": true,
            "time_max": 300.0,
            "time_min": 0.0
          },
          "nt_id": 107,
          "params": {
            "fmod0": 0.0003608469685647343,
            "kdeg": 0.02204105550053396,
            "kobs": 0.0005414896735831605,
            "log_fmod0": -7.927056599299529,
            "log_fmod0_err": 0.20361419555609003,
            "log_kdeg": -3.8148484056202596,
            "log_kdeg_err": 0.3720926383660675,
            "log_kobs": -7.521186561726928,
            "log_kobs_err": 0.1551531312239686,
            "metadata": {
              "base": "G",
              "fmod_run_ids": [
                580,
                581,
                582,
                583,
                584,
                585,
                586
              ],
              "site": 28,
              "valtype": "modrate"
            }
          },
          "valtype": "modrate"
        },
        {
          "diagnostics": {
            "chisq": 3.629999309245293e-07,
            "covariance": {
              "matrix": [
                [
                  0.00010910462462803279,
                  9.44220501633322e-06,
                  -0.002159406632224982
                ],
                [
                  9.44220501633322e-06,
                  0.000638555453886942,
                  -0.003362896125476071
                ],
                [
                  -0.002159406632224982,
                  -0.003362896125476071,
                  0.07007294962189607
                ]
              ],
              "params": [
                "log_kappa",
                "log_kdeg",
                "log_fmod_0"
              ]
            },
            "ndata": 7,
            "nfree": 4,
            "r2": 0.9995788825420783,
            "reduced_chisq": 9.074998273113232e-08,
            "status": "completed",
            "success": true,
            "time_max": 300.0,
            "time_min": 0.0
          },
          "nt_id": 108,
          "params": {
            "fmod0": 0.001060937235003144,
            "kdeg": 0.01966768831108413,
            "kobs": 0.0319804213246039,
            "log_fmod0": -6.848602577553313,
            "log_fmod0_err": 0.26471295703439995,
            "log_kdeg": -3.928778177072552,
            "log_kdeg_err": 0.025269654803478064,
            "log_kobs": -3.442631397035099,
            "log_kobs_err": 0.010445315918057854,
            "metadata": {
              "base": "C",
              "fmod_run_ids": [
                580,
                581,
                582,
                583,
                584,
                585,
                586
              ],
              "site": 29,
              "valtype": "modrate"
            }
          },
          "valtype": "modrate"
        },
        {
          "diagnostics": {
            "chisq": 1.4274548587743076e-06,
            "ndata": 7,
            "nfree": 4,
            "r2": -1.1429088786485408e-09,
            "reduced_chisq": 3.568637146935769e-07,
            "status": "completed",
            "success": true,
            "time_max": 300.0,
            "time_min": 0.0
          },
          "nt_id": 109,
          "params": {
            "fmod0": 0.003000857155164094,
            "kdeg": 3147.2512595630865,
            "kobs": 1.9826534762958333e-11,
            "log_fmod0": -5.8088573127357215,
            "log_kdeg": 8.054284734856976,
            "log_kobs": -24.643999935870227,
            "metadata": {
              "base": "U",
              "fmod_run_ids": [
                580,
                581,
                582,
                583,
                584,
                585,
                586
              ],
              "site": 30,
              "valtype": "modrate"
            }
          },
          "valtype": "modrate"
        },
        {
          "diagnostics": {
            "chisq": 1.4460834199875178e-08,
            "covariance": {
              "matrix": [
                [
                  0.009390793188987287,
                  0.0017854863264183125,
                  -0.0036827874300292465
                ],
                [
                  0.0017854863264183125,
                  0.05166420156975744,
                  -0.004629836808774487
                ],
                [
                  -0.0036827874300292465,
                  -0.004629836808774487,
                  0.002064024836739933
                ]
              ],
              "params": [
                "log_kappa",
                "log_kdeg",
                "log_fmod_0"
              ]
            },
            "ndata": 7,
            "nfree": 4,
            "r2": 0.9640481151391515,
            "reduced_chisq": 3.6152085499687945e-09,
            "status": "completed",
            "success": true,
            "time_max": 300.0,
            "time_min": 0.0
          },
          "nt_id": 110,
          "params": {
            "fmod0": 0.0012725915966632882,
            "kdeg": 0.027701205912783636,
            "kobs": 0.0006737899977968552,
            "log_fmod0": -6.6666998304694145,
            "log_fmod0_err": 0.04543154010970719,
            "log_kdeg": -3.5862793319789223,
            "log_kdeg_err": 0.2272976057281674,
            "log_kobs": -7.302592071570902,
            "log_kobs_err": 0.09690610501401492,
            "metadata": {
              "base": "U",
              "fmod_run_ids": [
                580,
                581,
                582,
                583,
                584,
                585,
                586
              ],
              "site": 31,
              "valtype": "modrate"
            }
          },
          "valtype": "modrate"
        },
        {
          "diagnostics": {
            "chisq": 1.3765473802337083e-07,
            "covariance": {
              "matrix": [
                [
                  0.1035468889246961,
                  0.01968322957206112,
                  -0.07813007629626623
                ],
                [
                  0.01968322957206112,
                  0.5697500888301397,
                  -0.09833559560879168
                ],
                [
                  -0.07813007629626623,
                  -0.09833559560879168,
                  0.08429246698337059
                ]
              ],
              "params": [
                "log_kappa",
                "log_kdeg",
                "log_fmod_0"
              ]
            },
            "ndata": 7,
            "nfree": 4,
            "r2": 0.7086027304716883,
            "reduced_chisq": 3.441368450584271e-08,
            "status": "completed",
            "success": true,
            "time_max": 300.0,
            "time_min": 0.0
          },
          "nt_id": 111,
          "params": {
            "fmod0": 0.0006142905839902027,
            "kdeg": 0.027650389769474776,
            "kobs": 0.000625972931434013,
            "log_fmod0": -7.395042477943444,
            "log_fmod0_err": 0.2903316499856166,
            "log_kdeg": -3.588115454567949,
            "log_kdeg_err": 0.7548179176663334,
            "log_kobs": -7.37620342831982,
            "log_kobs_err": 0.32178702417079547,
            "metadata": {
              "base": "G",
              "fmod_run_ids": [
                580,
                581,
                582,
                583,
                584,
                585,
                586
              ],
              "site": 32,
              "valtype": "modrate"
            }
          },
          "valtype": "modrate"
        },
        {
          "diagnostics": {
            "chisq": 3.109817605722971e-08,
            "covariance": {
              "matrix": [
                [
                  0.04696714356228438,
                  0.006530874510149688,
                  -0.02012500069851597
                ],
                [
                  0.006530874510149688,
                  0.27331272452900035,
                  -0.030112687224403592
                ],
                [
                  -0.02012500069851597,
                  -0.030112687224403592,
                  0.013561951273863728
                ]
              ],
              "params": [
                "log_kappa",
                "log_kdeg",
                "log_fmod_0"
              ]
            },
            "ndata": 7,
            "nfree": 4,
            "r2": 0.842337202055887,
            "reduced_chisq": 7.774544014307427e-09,
            "status": "completed",
            "success": true,
            "time_max": 300.0,
            "time_min": 0.0
          },
          "nt_id": 112,
          "params": {
            "fmod0": 0.0007105289549991554,
            "kdeg": 0.02135096926355556,
            "kobs": 0.00043746610520431706,
            "log_fmod0": -7.249500858267837,
            "log_fmod0_err": 0.1164557910705334,
            "log_kdeg": -3.8466581415766115,
            "log_kdeg_err": 0.5227931947998179,
            "log_kobs": -7.73451132898656,
            "log_kobs_err": 0.21671904291567085,
            "metadata": {
              "base": "G",
              "fmod_run_ids": [
                580,
                581,
                582,
                583,
                584,
                585,
                586
              ],
              "site": 33,
              "valtype": "modrate"
            }
          },
          "valtype": "modrate"
        },
        {
          "diagnostics": {
            "chisq": 1.1325499248551324e-07,
            "covariance": {
              "matrix": [
                [
                  0.06176545703767701,
                  0.007212417786142568,
                  -0.04903951404375877
                ],
                [
                  0.007212417786142568,
                  0.3664700848085381,
                  -0.07616652409543459
                ],
                [
                  -0.04903951404375877,
                  -0.07616652409543459,
                  0.06279167855959196
                ]
              ],
              "params": [
                "log_kappa",
                "log_kdeg",
                "log_fmod_0"
              ]
            },
            "ndata": 7,
            "nfree": 4,
            "r2": 0.8023631741858189,
            "reduced_chisq": 2.831374812137831e-08,
            "status": "completed",
            "success": true,
            "time_max": 300.0,
            "time_min": 0.0
          },
          "nt_id": 113,
          "params": {
            "fmod0": 0.000627093658198357,
            "kdeg": 0.02035772780289763,
            "kobs": 0.0007270931160757704,
            "log_fmod0": -7.374414653369708,
            "log_fmod0_err": 0.2505826780916669,
            "log_kdeg": -3.8942946945641363,
            "log_kdeg_err": 0.6053677269301182,
            "log_kobs": -7.226456005997463,
            "log_kobs_err": 0.24852657209577614,
            "metadata": {
              "base": "G",
              "fmod_run_ids": [
                580,
                581,
                582,
                583,
                584,
                585,
                586
              ],
              "site": 34,
              "valtype": "modrate"
            }
          },
          "valtype": "modrate"
        },
        {
          "diagnostics": {
            "chisq": 1.547406798283671e-06,
            "covariance": {
              "matrix": [
                [
                  0.0006834146231916422,
                  0.00010599147338200655,
                  -0.005755889253075365
                ],
                [
                  0.00010599147338200655,
                  0.003781692806928857,
                  -0.007944289713357745
                ],
                [
                  -0.005755889253075365,
                  -0.007944289713357745,
                  0.07335831059771813
                ]
              ],
              "params": [
                "log_kappa",
                "log_kdeg",
                "log_fmod_0"
              ]
            },
            "ndata": 7,
            "nfree": 4,
            "r2": 0.997360297121225,
            "reduced_chisq": 3.8685169957091775e-07,
            "status": "completed",
            "success": true,
            "time_max": 300.0,
            "time_min": 0.0
          },
          "nt_id": 114,
          "params": {
            "fmod0": 0.002175662270075006,
            "kdeg": 0.02314697602982483,
            "kobs": 0.02636648486872112,
            "log_fmod0": -6.130422168801259,
            "log_fmod0_err": 0.2708473935590264,
            "log_kdeg": -3.765891132043653,
            "log_kdeg_err": 0.061495469808180644,
            "log_kobs": -3.635661587892023,
            "log_kobs_err": 0.026142200044977894,
            "metadata": {
              "base": "A",
              "fmod_run_ids": [
                580,
                581,
                582,
                583,
                584,
                585,
                586
              ],
              "site": 35,
              "valtype": "modrate"
            }
          },
          "valtype": "modrate"
        },
        {
          "diagnostics": {
            "chisq": 5.330008838343493e-08,
            "covariance": {
              "matrix": [
                [
                  0.032979676691822134,
                  0.004122196797633616,
                  -0.02134713253277343
                ],
                [
                  0.004122196797633616,
                  0.19430469162759179,
                  -0.0327238887788455
                ],
                [
                  -0.02134713253277343,
                  -0.0327238887788455,
                  0.022084190969427382
                ]
              ],
              "params": [
                "log_kappa",
                "log_kdeg",
                "log_fmod_0"
              ]
            },
            "ndata": 7,
            "nfree": 4,
            "r2": 0.8837962832674885,
            "reduced_chisq": 1.3325022095858732e-08,
            "status": "completed",
            "success": true,
            "time_max": 300.0,
            "time_min": 0.0
          },
          "nt_id": 115,
          "params": {
            "fmod0": 0.0007266351443464509,
            "kdeg": 0.020692026225042966,
            "kobs": 0.0006829300160883237,
            "log_fmod0": -7.227086071129906,
            "log_fmod0_err": 0.14860750643701476,
            "log_kdeg": -3.878006859441567,
            "log_kdeg_err": 0.44080005856123905,
            "log_kobs": -7.289118169107083,
            "log_kobs_err": 0.18160307456599442,
            "metadata": {
              "base": "G",
              "fmod_run_ids": [
                580,
                581,
                582,
                583,
                584,
                585,
                586
              ],
              "site": 36,
              "valtype": "modrate"
            }
          },
          "valtype": "modrate"
        },
        {
          "diagnostics": {
            "chisq": 4.88407728243945e-07,
            "covariance": {
              "matrix": [
                [
                  0.00012845627500979057,
                  1.550592421323979e-05,
                  -0.0039958134996663395
                ],
                [
                  1.550592421323979e-05,
                  0.0007278264149404045,
                  -0.005869830607782299
                ],
                [
                  -0.0039958134996663395,
                  -0.005869830607782299,
                  0.19602642310056778
                ]
              ],
              "params": [
                "log_kappa",
                "log_kdeg",
                "log_fmod_0"
              ]
            },
            "ndata": 7,
            "nfree": 4,
            "r2": 0.9995061150818044,
            "reduced_chisq": 1.2210193206098625e-07,
            "status": "completed",
            "success": true,
            "time_max": 300.0,
            "time_min": 0.0
          },
          "nt_id": 116,
          "params": {
            "fmod0": 0.0007411933571818595,
            "kdeg": 0.021077480044204167,
            "kobs": 0.0343424967417395,
            "log_fmod0": -7.207249025841127,
            "log_fmod0_err": 0.44274871326811077,
            "log_kdeg": -3.8595501049498075,
            "log_kdeg_err": 0.02697825818952003,
            "log_kobs": -3.3713717196403787,
            "log_kobs_err": 0.011333855258021896,
            "metadata": {
              "base": "C",
              "fmod_run_ids": [
                580,
                581,
                582,
                583,
                584,
                585,
                586
              ],
              "site": 37,
              "valtype": "modrate"
            }
          },
          "valtype": "modrate"
        },
        {
          "diagnostics": {
            "chisq": 1.5734375131549756e-08,
            "covariance": {
              "matrix": [
                [
                  0.012329290464355012,
                  0.002158056472486777,
                  -0.006134391590134055
                ],
                [
                  0.002158056472486777,
                  0.06913645523554972,
                  -0.008415772224485052
                ],
                [
                  -0.006134391590134055,
                  -0.008415772224485052,
                  0.004557997692446342
                ]
              ],
              "params": [
                "log_kappa",
                "log_kdeg",
                "log_fmod_0"
              ]
            },
            "ndata": 7,
            "nfree": 4,
            "r2": 0.9532709210842034,
            "reduced_chisq": 3.933593782887439e-09,
            "status": "completed",
            "success": true,
            "time_max": 300.0,
            "time_min": 0.0
          },
          "nt_id": 117,
