{
  "artifacts": {},
  "engine": "python_baseline",
  "engine_version": "0.1.0",
  "metadata": {
    "buffer_pH": 6.4,
    "done_by": [
      "EKC"
    ],
    "experiment_id": "ekc.01.0xx",
    "fmod_run_id": 672,
    "initial_kdeg": 0.019705462789320123,
    "initial_kdeg_source": "arrhenius:nmr:deg:dms:Schwalbe_bistris",
    "initial_log_kdeg": -3.926859382728182,
    "notes": "Baseline python engine demo using examples/nerd.sqlite",
    "rg_id": 118,
    "rg_label": "70_2_12",
    "rounds_requested": [
      "round1_free",
      "round2_global",
      "round3_constrained"
    ],
    "rt_protocol": [
      "MRT"
    ],
    "selected_site_bases": [
      "17_G",
      "18_G",
      "19_C",
      "1_U",
      "20_A",
      "21_G",
      "22_A",
      "23_U",
      "24_C",
      "25_U",
      "26_G",
      "27_A",
      "28_G",
      "29_C",
      "2_A",
      "30_U",
      "31_U",
      "32_G",
      "33_G",
      "34_G",
      "35_A",
      "36_G",
      "37_C",
      "38_U",
      "39_C",
      "3_A",
      "40_U",
      "41_C",
      "42_U",
      "43_G",
      "44_C",
      "45_C",
      "61_A",
      "62_A",
      "63_U",
      "64_C"
    ],
    "temperature_c": 70.0,
    "valtypes": [
      "modrate",
      "GAmodrate"
    ]
  },
  "rounds": [
    {
      "global_params": {},
      "notes": null,
      "per_nt": [
        {
          "diagnostics": {
            "reason": "Non-zero fmod values are required for a fit.",
            "status": "failed"
          },
          "nt_id": 93,
          "params": {},
          "valtype": "modrate"
        },
        {
          "diagnostics": {
            "reason": "Non-zero fmod values are required for a fit.",
            "status": "failed"
          },
          "nt_id": 94,
          "params": {},
          "valtype": "modrate"
        },
        {
          "diagnostics": {
            "reason": "Non-zero fmod values are required for a fit.",
            "status": "failed"
          },
          "nt_id": 95,
          "params": {},
          "valtype": "modrate"
        },
        {
          "diagnostics": {
            "reason": "Non-zero fmod values are required for a fit.",
            "status": "failed"
          },
          "nt_id": 96,
          "params": {},
          "valtype": "modrate"
        },
        {
          "diagnostics": {
            "chisq": 6.828666475634041e-08,
            "covariance": {
              "matrix": [
                [
                  0.05609364860079867,
                  0.0031612768450263555,
                  -0.0707747908543408
                ],
                [
                  0.0031612768450263555,
                  0.38668562248843824,
                  -0.05771177542404863
                ],
                [
                  -0.0707747908543408,
                  -0.05771177542404863,
                  0.11302040090438185
                ]
              ],
              "params": [
                "log_kappa",
                "log_kdeg",
                "log_fmod_0"
              ]
            },
            "ndata": 7,
            "nfree": 4,
            "r2": 0.8168948350144365,
            "reduced_chisq": 1.7071666189085102e-08,
            "status": "completed",
            "success": true,
            "time_max": 300.0,
            "time_min": 0.0
          },
          "nt_id": 97,
          "params": {
            "fmod0": 0.00038732427478782285,
            "kdeg": 0.057320727109987,
            "kobs": 0.0006082472064665781,
            "log_fmod0": -7.85624829644455,
            "log_fmod0_err": 0.33618506942513354,
            "log_kdeg": -2.8590929910016616,
            "log_kdeg_err": 0.6218405120997169,
            "log_kobs": -7.404929169050066,
            "log_kobs_err": 0.236840977452802,
            "metadata": {
              "base": "G",
              "fmod_run_ids": [
                671,
                672,
                673,
                674,
                675,
                676,
                677
              ],
              "site": 18,
              "valtype": "modrate"
            }
          },
          "valtype": "modrate"
        },
        {
          "diagnostics": {
            "chisq": 4.089990051320754e-06,
            "covariance": {
              "matrix": [
                [
                  0.0019900985841460007,
                  0.0003564601068422383,
                  -0.038904007858927676
                ],
                [
                  0.0003564601068422383,
                  0.010713329160803819,
                  -0.047283316099757354
                ],
                [
                  -0.038904007858927676,
                  -0.047283316099757354,
                  1.0788511290189644
                ]
              ],
              "params": [
                "log_kappa",
                "log_kdeg",
                "log_fmod_0"
              ]
            },
            "ndata": 7,
            "nfree": 4,
            "r2": 0.992355048850426,
            "reduced_chisq": 1.0224975128301885e-06,
            "status": "completed",
            "success": true,
            "time_max": 300.0,
            "time_min": 0.0
          },
          "nt_id": 98,
          "params": {
            "fmod0": 0.0009388486636427892,
            "kdeg": 0.0283289099657962,
            "kobs": 0.025275025629169428,
            "log_fmod0": -6.970856259324465,
            "log_fmod0_err": 1.0386775866547637,
            "log_kdeg": -3.563872442201999,
            "log_kdeg_err": 0.10350521320592417,
            "log_kobs": -3.677938500063478,
            "log_kobs_err": 0.044610521002853135,
            "metadata": {
              "base": "C",
              "fmod_run_ids": [
                671,
                672,
                673,
                674,
                675,
                676,
                677
              ],
              "site": 19,
              "valtype": "modrate"
            }
          },
          "valtype": "modrate"
        },
        {
          "diagnostics": {
            "chisq": 2.894843726988916e-07,
            "covariance": {
              "matrix": [
                [
                  0.0002369180417160002,
                  4.130798406353619e-05,
                  -0.00888871707555289
                ],
                [
                  4.130798406353619e-05,
                  0.001294962674375316,
                  -0.011647032366673912
                ],
                [
                  -0.00888871707555289,
                  -0.011647032366673912,
                  0.4893512043373629
                ]
              ],
              "params": [
                "log_kappa",
                "log_kdeg",
                "log_fmod_0"
              ]
            },
            "ndata": 7,
            "nfree": 4,
            "r2": 0.9990775230669343,
            "reduced_chisq": 7.23710931747229e-08,
            "status": "completed",
            "success": true,
            "time_max": 300.0,
            "time_min": 0.0
          },
          "nt_id": 99,
          "params": {
            "fmod0": 0.00036714895106088286,
            "kdeg": 0.02524388504206404,
            "kobs": 0.019287403519378733,
            "log_fmod0": -7.909742931047767,
            "log_fmod0_err": 0.699536421022782,
            "log_kdeg": -3.679171329142164,
            "log_kdeg_err": 0.03598558981558196,
            "log_kobs": -3.9483030635410796,
            "log_kobs_err": 0.015392142206853476,
            "metadata": {
              "base": "A",
              "fmod_run_ids": [
                671,
                672,
                673,
                674,
                675,
                676,
                677
              ],
              "site": 20,
              "valtype": "modrate"
            }
          },
          "valtype": "modrate"
        },
        {
          "diagnostics": {
            "chisq": 5.039068120576877e-08,
            "covariance": {
              "matrix": [
                [
                  0.03402286006198603,
                  0.00454213803201197,
                  -0.051446680621707694
                ],
                [
                  0.00454213803201197,
                  0.2049435583660134,
                  -0.04971663464109297
                ],
                [
                  -0.051446680621707694,
                  -0.04971663464109297,
                  0.10159128928058278
                ]
              ],
              "params": [
                "log_kappa",
                "log_kdeg",
                "log_fmod_0"
              ]
            },
            "ndata": 7,
            "nfree": 4,
            "r2": 0.8805885391055547,
            "reduced_chisq": 1.2597670301442193e-08,
            "status": "completed",
            "success": true,
            "time_max": 300.0,
            "time_min": 0.0
          },
          "nt_id": 100,
          "params": {
            "fmod0": 0.0003485525020342216,
            "kdeg": 0.04434283119947659,
            "kobs": 0.0006691355196522392,
            "log_fmod0": -7.961721687649306,
            "log_fmod0_err": 0.31873388473863706,
            "log_kdeg": -3.115804224791908,
            "log_kdeg_err": 0.45270692325831885,
            "log_kobs": -7.309523947869002,
            "log_kobs_err": 0.1844528667762744,
            "metadata": {
              "base": "G",
              "fmod_run_ids": [
                671,
                672,
                673,
                674,
                675,
                676,
                677
              ],
              "site": 21,
              "valtype": "modrate"
            }
          },
          "valtype": "modrate"
        },
        {
          "diagnostics": {
            "chisq": 1.4368570900441128e-06,
            "covariance": {
              "matrix": [
                [
                  0.0015113421182005626,
                  0.00027628975457429886,
                  -0.04613622569275418
                ],
                [
                  0.00027628975457429886,
                  0.008195506010906772,
                  -0.05683486786767842
                ],
                [
                  -0.04613622569275418,
                  -0.05683486786767842,
                  2.0046900447531955
                ]
              ],
              "params": [
                "log_kappa",
                "log_kdeg",
                "log_fmod_0"
              ]
            },
            "ndata": 7,
            "nfree": 4,
            "r2": 0.9941337466899768,
            "reduced_chisq": 3.592142725110282e-07,
            "status": "completed",
            "success": true,
            "time_max": 300.0,
            "time_min": 0.0
          },
          "nt_id": 101,
          "params": {
            "fmod0": 0.00040768318794753443,
            "kdeg": 0.028013869338522998,
            "kobs": 0.017037102600284234,
            "log_fmod0": -7.8050201853210845,
            "log_fmod0_err": 1.415870772617754,
            "log_kdeg": -3.575055557925406,
            "log_kdeg_err": 0.09052903407695662,
            "log_kobs": -4.072361807233177,
            "log_kobs_err": 0.03887598382292804,
            "metadata": {
              "base": "A",
              "fmod_run_ids": [
                671,
                672,
                673,
                674,
                675,
                676,
                677
              ],
              "site": 22,
              "valtype": "modrate"
            }
          },
          "valtype": "modrate"
        },
        {
          "diagnostics": {
            "chisq": 2.1402841182127895e-08,
            "covariance": {
              "matrix": [
                [
                  0.02017209726949874,
                  0.003631171905490968,
                  -0.007315305627844763
                ],
                [
                  0.003631171905490968,
                  0.11261308184984704,
                  -0.008175131801964637
                ],
                [
                  -0.007315305627844763,
                  -0.008175131801964637,
                  0.0036141373135776156
                ]
              ],
              "params": [
                "log_kappa",
                "log_kdeg",
                "log_fmod_0"
              ]
            },
            "ndata": 7,
            "nfree": 4,
            "r2": 0.9257726505679297,
            "reduced_chisq": 5.350710295531974e-09,
            "status": "completed",
            "success": true,
            "time_max": 300.0,
            "time_min": 0.0
          },
          "nt_id": 102,
          "params": {
            "fmod0": 0.0011884447563198773,
            "kdeg": 0.03420994239054628,
            "kobs": 0.0005630379798852895,
            "log_fmod0": -6.735109754095516,
            "log_fmod0_err": 0.060117695511202156,
            "log_kdeg": -3.3752389639885965,
            "log_kdeg_err": 0.3355787267540168,
            "log_kobs": -7.4821634722681205,
            "log_kobs_err": 0.14202850865054784,
            "metadata": {
              "base": "U",
              "fmod_run_ids": [
                671,
                672,
                673,
                674,
                675,
                676,
                677
              ],
              "site": 23,
              "valtype": "modrate"
            }
          },
          "valtype": "modrate"
        },
        {
          "diagnostics": {
            "chisq": 1.3888218736588347e-06,
            "covariance": {
              "matrix": [
                [
                  0.0008449942744606406,
                  0.00015247491410302232,
                  -0.01094972337358516
                ],
                [
                  0.00015247491410302232,
                  0.0045589568017227935,
                  -0.013267086465382933
                ],
                [
                  -0.01094972337358516,
                  -0.013267086465382933,
                  0.2008342827537019
                ]
              ],
              "params": [
                "log_kappa",
                "log_kdeg",
                "log_fmod_0"
              ]
            },
            "ndata": 7,
            "nfree": 4,
            "r2": 0.9967301824741432,
            "reduced_chisq": 3.472054684147087e-07,
            "status": "completed",
            "success": true,
            "time_max": 300.0,
            "time_min": 0.0
          },
          "nt_id": 103,
          "params": {
            "fmod0": 0.0012687486725175478,
            "kdeg": 0.02859371735042891,
            "kobs": 0.022545851823784227,
            "log_fmod0": -6.669724161466312,
            "log_fmod0_err": 0.44814538127007614,
            "log_kdeg": -3.5545682583499176,
            "log_kdeg_err": 0.06752004740610594,
            "log_kobs": -3.7922041845545413,
            "log_kobs_err": 0.029068785225059554,
            "metadata": {
              "base": "C",
              "fmod_run_ids": [
                671,
                672,
                673,
                674,
                675,
                676,
                677
              ],
              "site": 24,
              "valtype": "modrate"
            }
          },
          "valtype": "modrate"
        },
        {
          "diagnostics": {
            "chisq": 4.244007914652538e-08,
            "covariance": {
              "matrix": [
                [
                  0.0377817436541674,
                  0.004024665693726487,
                  -0.01384973356083114
                ],
                [
                  0.004024665693726487,
                  0.23833024929932778,
                  -0.01255702162067316
                ],
                [
                  -0.01384973356083114,
                  -0.01255702162067316,
                  0.006540236424180178
                ]
              ],
              "params": [
                "log_kappa",
                "log_kdeg",
                "log_fmod_0"
              ]
            },
            "ndata": 7,
            "nfree": 4,
            "r2": 0.868979635154003,
            "reduced_chisq": 1.0610019786631345e-08,
            "status": "completed",
            "success": true,
            "time_max": 300.0,
            "time_min": 0.0
          },
          "nt_id": 104,
          "params": {
            "fmod0": 0.0012650128422484377,
            "kdeg": 0.049140683570617974,
            "kobs": 0.0005835174361051997,
            "log_fmod0": -6.672673004879135,
            "log_fmod0_err": 0.08087172821314119,
            "log_kdeg": -3.01306800130987,
            "log_kdeg_err": 0.4881907919034604,
            "log_kobs": -7.4464362247557565,
            "log_kobs_err": 0.19437526502661648,
            "metadata": {
              "base": "U",
              "fmod_run_ids": [
                671,
                672,
                673,
                674,
                675,
                676,
                677
              ],
              "site": 25,
              "valtype": "modrate"
            }
          },
          "valtype": "modrate"
        },
        {
          "diagnostics": {
            "chisq": 3.405379185566336e-08,
            "covariance": {
              "matrix": [
                [
                  0.04073242872563134,
                  0.006817885229628475,
                  -0.04190826150143195
                ],
                [
                  0.006817885229628475,
                  0.23201794588405977,
                  -0.044578153355583405
                ],
                [
                  -0.04190826150143195,
                  -0.044578153355583405,
                  0.05778895317552964
                ]
              ],
              "params": [
                "log_kappa",
                "log_kdeg",
                "log_fmod_0"
              ]
            },
            "ndata": 7,
            "nfree": 4,
            "r2": 0.8605448511827103,
            "reduced_chisq": 8.51344796391584e-09,
            "status": "completed",
            "success": true,
            "time_max": 300.0,
            "time_min": 0.0
          },
          "nt_id": 105,
          "params": {
            "fmod0": 0.00037692951534600277,
            "kdeg": 0.03747216448874468,
            "kobs": 0.0005009451697396492,
            "log_fmod0": -7.883452349942769,
            "log_fmod0_err": 0.2403933301394397,
            "log_kdeg": -3.284156901932339,
            "log_kdeg_err": 0.4816824118483669,
            "log_kobs": -7.599013904506009,
            "log_kobs_err": 0.20182276562774415,
            "metadata": {
              "base": "G",
              "fmod_run_ids": [
                671,
                672,
                673,
                674,
                675,
                676,
                677
              ],
              "site": 26,
              "valtype": "modrate"
            }
          },
          "valtype": "modrate"
        },
        {
          "diagnostics": {
            "chisq": 3.543950479534864e-07,
            "covariance": {
              "matrix": [
                [
                  0.0003124990202267024,
                  5.420660521034061e-05,
                  -0.020240224972681464
                ],
                [
                  5.420660521034061e-05,
                  0.0017117403209510327,
                  -0.026691671846592407
                ],
                [
                  -0.020240224972681464,
                  -0.026691671846592407,
                  1.929499063011232
                ]
              ],
              "params": [
                "log_kappa",
                "log_kdeg",
                "log_fmod_0"
              ]
            },
            "ndata": 7,
            "nfree": 4,
            "r2": 0.9987825993784867,
            "reduced_chisq": 8.85987619883716e-08,
            "status": "completed",
            "success": true,
            "time_max": 300.0,
            "time_min": 0.0
          },
          "nt_id": 106,
          "params": {
            "fmod0": 0.0002043938297625449,
            "kdeg": 0.02501660998158981,
            "kobs": 0.018561100809709,
            "log_fmod0": -8.495461887162062,
            "log_fmod0_err": 1.3890640960773668,
            "log_kdeg": -3.688215275465822,
            "log_kdeg_err": 0.04137318359699955,
            "log_kobs": -3.986687242514961,
            "log_kobs_err": 0.017677641817468257,
            "metadata": {
              "base": "A",
              "fmod_run_ids": [
                671,
                672,
                673,
                674,
                675,
                676,
                677
              ],
              "site": 27,
              "valtype": "modrate"
            }
          },
          "valtype": "modrate"
        },
        {
          "diagnostics": {
            "chisq": 4.085637078816578e-08,
            "covariance": {
              "matrix": [
                [
                  0.040799627555209404,
                  0.002706483664256024,
                  -0.062148401452280656
                ],
                [
                  0.002706483664256024,
                  0.2762424082510557,
                  -0.05170899542230762
                ],
                [
                  -0.062148401452280656,
                  -0.05170899542230762,
                  0.12017084409327464
                ]
              ],
              "params": [
                "log_kappa",
                "log_kdeg",
                "log_fmod_0"
              ]
            },
            "ndata": 7,
            "nfree": 4,
            "r2": 0.8598359777864446,
            "reduced_chisq": 1.0214092697041446e-08,
            "status": "completed",
            "success": true,
            "time_max": 300.0,
            "time_min": 0.0
          },
          "nt_id": 107,
          "params": {
            "fmod0": 0.00029041148111921497,
            "kdeg": 0.055744987629192416,
            "kobs": 0.0005515410313364683,
            "log_fmod0": -8.144211740260655,
            "log_fmod0_err": 0.3466566660159222,
            "log_kdeg": -2.8869677806804237,
            "log_kdeg_err": 0.52558767893764,
            "log_kobs": -7.50279432251607,
            "log_kobs_err": 0.2019891768269018,
            "metadata": {
              "base": "G",
              "fmod_run_ids": [
                671,
                672,
                673,
                674,
                675,
                676,
                677
              ],
              "site": 28,
              "valtype": "modrate"
            }
          },
          "valtype": "modrate"
        },
        {
          "diagnostics": {
            "chisq": 1.7166800345280014e-06,
            "covariance": {
              "matrix": [
                [
                  0.0009560510984891208,
                  0.0001580590516533096,
                  -0.011877506089697783
                ],
                [
                  0.0001580590516533096,
                  0.005251358338251361,
                  -0.015978477802358552
                ],
                [
                  -0.011877506089697783,
                  -0.015978477802358552,
                  0.21988386991387954
                ]
              ],
              "params": [
                "log_kappa",
                "log_kdeg",
                "log_fmod_0"
              ]
            },
            "ndata": 7,
            "nfree": 4,
            "r2": 0.9963021883053224,
            "reduced_chisq": 4.2917000863200035e-07,
            "status": "completed",
            "success": true,
            "time_max": 300.0,
            "time_min": 0.0
          },
          "nt_id": 108,
          "params": {
            "fmod0": 0.0013285421795866113,
            "kdeg": 0.024118286560533858,
            "kobs": 0.02344346002307059,
            "log_fmod0": -6.623673043485498,
            "log_fmod0_err": 0.46891776455352974,
            "log_kdeg": -3.724784947766966,
            "log_kdeg_err": 0.07246625654917854,
            "log_kobs": -3.7531637132611486,
            "log_kobs_err": 0.030920075978061904,
            "metadata": {
              "base": "C",
              "fmod_run_ids": [
                671,
                672,
                673,
                674,
                675,
                676,
                677
              ],
              "site": 29,
              "valtype": "modrate"
            }
          },
          "valtype": "modrate"
        },
        {
          "diagnostics": {
            "chisq": 5.997679970535067e-08,
            "covariance": {
              "matrix": [
                [
                  0.1298977832114106,
                  -0.01271037828906234,
                  -0.012994447406919634
                ],
                [
                  -0.01271037828906234,
                  0.884417195670864,
                  -0.02540783565706199
                ],
                [
                  -0.012994447406919634,
                  -0.02540783565706199,
                  0.0025455581061918408
                ]
              ],
              "params": [
                "log_kappa",
                "log_kdeg",
                "log_fmod_0"
              ]
            },
            "ndata": 7,
            "nfree": 4,
            "r2": 0.6584575852254605,
            "reduced_chisq": 1.4994199926337667e-08,
            "status": "completed",
            "success": true,
            "time_max": 300.0,
            "time_min": 0.0
          },
          "nt_id": 109,
          "params": {
            "fmod0": 0.0022070911947065777,
            "kdeg": 0.016064195570606097,
            "kobs": 0.0003641605638891982,
            "log_fmod0": -6.116079831896701,
            "log_fmod0_err": 0.050453524219739504,
            "log_kdeg": -4.1311623610819055,
            "log_kdeg_err": 0.9404345780918861,
            "log_kobs": -7.917915678002057,
            "log_kobs_err": 0.3604133504899764,
            "metadata": {
              "base": "U",
              "fmod_run_ids": [
                671,
                672,
                673,
                674,
                675,
                676,
                677
              ],
              "site": 30,
              "valtype": "modrate"
            }
          },
          "valtype": "modrate"
        },
        {
          "diagnostics": {
            "chisq": 4.854274407156363e-08,
            "covariance": {
              "matrix": [
                [
                  0.032729195551174886,
                  0.006210845774422294,
                  -0.014026365013866697
                ],
                [
                  0.006210845774422294,
                  0.18016413877713497,
                  -0.017737749067508746
                ],
                [
                  -0.014026365013866697,
                  -0.017737749067508746,
                  0.008614011624969291
                ]
              ],
              "params": [
                "log_kappa",
                "log_kdeg",
                "log_fmod_0"
              ]
            },
            "ndata": 7,
            "nfree": 4,
            "r2": 0.8849725265477983,
            "reduced_chisq": 1.2135686017890907e-08,
            "status": "completed",
            "success": true,
            "time_max": 300.0,
            "time_min": 0.0
          },
          "nt_id": 110,
          "params": {
            "fmod0": 0.0011403645834494863,
            "kdeg": 0.027428213974627764,
            "kobs": 0.0006610171853194885,
            "log_fmod0": -6.776407257660655,
            "log_fmod0_err": 0.0928116998280351,
            "log_kdeg": -3.5961830882696177,
            "log_kdeg_err": 0.42445746403748746,
            "log_kobs": -7.321730719480073,
            "log_kobs_err": 0.18091212107311905,
            "metadata": {
              "base": "U",
              "fmod_run_ids": [
                671,
                672,
                673,
                674,
                675,
                676,
                677
              ],
              "site": 31,
              "valtype": "modrate"
            }
          },
          "valtype": "modrate"
        },
        {
          "diagnostics": {
            "chisq": 4.781818960993308e-08,
            "covariance": {
              "matrix": [
                [
                  0.05976378697654878,
                  -0.0011328153278525473,
                  -0.04130414961388872
                ],
                [
                  -0.0011328153278525473,
                  0.47594124040666064,
                  -0.029267277668290334
                ],
                [
                  -0.04130414961388872,
                  -0.029267277668290334,
                  0.035532520223834366
                ]
              ],
              "params": [
                "log_kappa",
                "log_kdeg",
                "log_fmod_0"
              ]
            },
            "ndata": 7,
            "nfree": 4,
            "r2": 0.8071393926282607,
            "reduced_chisq": 1.195454740248327e-08,
            "status": "completed",
            "success": true,
            "time_max": 300.0,
            "time_min": 0.0
          },
          "nt_id": 111,
          "params": {
            "fmod0": 0.0005792893507114184,
            "kdeg": 0.06856495923501844,
            "kobs": 0.0004932077970233419,
            "log_fmod0": -7.453708463059462,
            "log_fmod0_err": 0.1885007167727337,
            "log_kdeg": -2.6799736730755495,
            "log_kdeg_err": 0.6898849472242895,
            "log_kobs": -7.614579977749286,
            "log_kobs_err": 0.24446633096716772,
            "metadata": {
              "base": "G",
              "fmod_run_ids": [
                671,
                672,
                673,
                674,
                675,
                676,
                677
              ],
              "site": 32,
              "valtype": "modrate"
            }
          },
          "valtype": "modrate"
        },
        {
          "diagnostics": {
            "chisq": 4.894419097373159e-08,
            "covariance": {
              "matrix": [
                [
                  0.07299120813653133,
                  0.005484475629263972,
                  -0.03982560175051542
                ],
                [
                  0.005484475629263972,
                  0.4865496602382463,
                  -0.03374170088879434
                ],
                [
                  -0.03982560175051542,
                  -0.03374170088879434,
                  0.027660721802652877
                ]
              ],
              "params": [
                "log_kappa",
                "log_kdeg",
                "log_fmod_0"
              ]
            },
            "ndata": 7,
            "nfree": 4,
            "r2": 0.7742298675227239,
            "reduced_chisq": 1.2236047743432898e-08,
            "status": "completed",
            "success": true,
            "time_max": 300.0,
            "time_min": 0.0
          },
          "nt_id": 112,
          "params": {
            "fmod0": 0.0006621881690059871,
            "kdeg": 0.0543582793157522,
            "kobs": 0.00045120320750180573,
            "log_fmod0": -7.319960799205253,
            "log_fmod0_err": 0.1663151280029958,
            "log_kdeg": -2.9121583436999523,
            "log_kdeg_err": 0.6975311177562233,
            "log_kobs": -7.7035927489807685,
            "log_kobs_err": 0.2701688511589212,
            "metadata": {
              "base": "G",
              "fmod_run_ids": [
                671,
                672,
                673,
                674,
                675,
                676,
                677
              ],
              "site": 33,
              "valtype": "modrate"
            }
          },
          "valtype": "modrate"
        },
        {
          "diagnostics": {
            "chisq": 1.8958235530676278e-08,
            "covariance": {
              "matrix": [
                [
                  0.016993289184236565,
                  0.0014986013257253517,
                  -0.012586081361781925
                ],
                [
                  0.0014986013257253517,
                  0.11066932598958067,
                  -0.010961185721946707
                ],
                [
                  -0.012586081361781925,
                  -0.010961185721946707,
                  0.011920684093542286
                ]
              ],
              "params": [
                "log_kappa",
                "log_kdeg",
                "log_fmod_0"
              ]
            },
            "ndata": 7,
            "nfree": 4,
            "r2": 0.936455539773698,
            "reduced_chisq": 4.7395588826690696e-09,
            "status": "completed",
            "success": true,
            "time_max": 300.0,
            "time_min": 0.0
          },
          "nt_id": 113,
          "params": {
            "fmod0": 0.0006272414763192646,
            "kdeg": 0.05221613887162775,
            "kobs": 0.0005818838233598992,
            "log_fmod0": -7.374178961778962,
            "log_fmod0_err": 0.10918188537272236,
            "log_kdeg": -2.952363658091938,
            "log_kdeg_err": 0.33266999562566607,
            "log_kobs": -7.44923974637891,
            "log_kobs_err": 0.13035831076013743,
            "metadata": {
              "base": "G",
              "fmod_run_ids": [
                671,
                672,
                673,
                674,
                675,
                676,
                677
              ],
              "site": 34,
              "valtype": "modrate"
            }
          },
          "valtype": "modrate"
        },
        {
          "diagnostics": {
            "chisq": 1.2924733801975445e-06,
            "covariance": {
              "matrix": [
                [
                  0.0009903572461904418,
                  0.0001779403893727601,
                  -0.006403333912102852
                ],
                [
                  0.0001779403893727601,
                  0.005370446741877321,
                  -0.008078403295796248
                ],
                [
                  -0.006403333912102852,
                  -0.008078403295796248,
                  0.05964152264221567
                ]
              ],
              "params": [
                "log_kappa",
                "log_kdeg",
                "log_fmod_0"
              ]
            },
            "ndata": 7,
            "nfree": 4,
            "r2": 0.9961594517995425,
            "reduced_chisq": 3.231183450493861e-07,
            "status": "completed",
            "success": true,
            "time_max": 300.0,
            "time_min": 0.0
          },
          "nt_id": 114,
          "params": {
            "fmod0": 0.002233942428510279,
            "kdeg": 0.026804068403700008,
            "kobs": 0.019991529085852115,
            "log_fmod0": -6.103987349253463,
            "log_fmod0_err": 0.2442161391927562,
            "log_kdeg": -3.619201596878498,
            "log_kdeg_err": 0.07328333195125152,
            "log_kobs": -3.9124466408563583,
            "log_kobs_err": 0.03146994194768147,
            "metadata": {
              "base": "A",
              "fmod_run_ids": [
                671,
                672,
                673,
                674,
                675,
                676,
                677
              ],
              "site": 35,
              "valtype": "modrate"
            }
          },
          "valtype": "modrate"
        },
        {
          "diagnostics": {
            "chisq": 8.982993650664971e-08,
            "covariance": {
              "matrix": [
                [
                  0.0730711875634348,
                  0.01189054998612196,
                  -0.05292541242259886
                ],
                [
                  0.01189054998612196,
                  0.419315711968303,
                  -0.0554507393908147
                ],
                [
                  -0.05292541242259886,
                  -0.0554507393908147,
                  0.05114268744101132
                ]
              ],
              "params": [
                "log_kappa",
                "log_kdeg",
                "log_fmod_0"
              ]
            },
            "ndata": 7,
            "nfree": 4,
            "r2": 0.7747313312335752,
            "reduced_chisq": 2.2457484126662428e-08,
            "status": "completed",
            "success": true,
            "time_max": 300.0,
            "time_min": 0.0
          },
          "nt_id": 115,
          "params": {
            "fmod0": 0.0006517377687346227,
            "kdeg": 0.03850541577267659,
            "kobs": 0.0006079092086084489,
            "log_fmod0": -7.335868272132097,
            "log_fmod0_err": 0.22614749045923838,
            "log_kdeg": -3.2569563781612425,
            "log_kdeg_err": 0.6475459149498999,
            "log_kobs": -7.405485015095265,
            "log_kobs_err": 0.27031682811736824,
            "metadata": {
              "base": "G",
              "fmod_run_ids": [
                671,
                672,
                673,
                674,
                675,
                676,
                677
              ],
              "site": 36,
              "valtype": "modrate"
            }
          },
          "valtype": "modrate"
        },
        {
          "diagnostics": {
            "chisq": 1.7108590625233193e-06,
            "covariance": {
              "matrix": [
                [
                  0.0007647084213280234,
                  0.00012348812008384084,
                  -0.016173901860174464
                ],
                [
                  0.00012348812008384084,
                  0.004202492076354076,
                  -0.021903349991033234
                ],
                [
                  -0.016173901860174464,
                  -0.021903349991033234,
                  0.5121423483716278
                ]
              ],
              "params": [
                "log_kappa",
                "log_kdeg",
                "log_fmod_0"
              ]
            },
            "ndata": 7,
            "nfree": 4,
            "r2": 0.9970481424523644,
            "reduced_chisq": 4.2771476563082984e-07,
            "status": "completed",
            "success": true,
            "time_max": 300.0,
            "time_min": 0.0
          },
          "nt_id": 116,
          "params": {
            "fmod0": 0.0008680847370976363,
            "kdeg": 0.02379873808822228,
            "kobs": 0.0262321211795487,
            "log_fmod0": -7.049221224684403,
            "log_fmod0_err": 0.7156412148357777,
            "log_kdeg": -3.738122721213663,
            "log_kdeg_err": 0.06482663091935348,
            "log_kobs": -3.6407706199190213,
            "log_kobs_err": 0.027653361844955187,
            "metadata": {
              "base": "C",
              "fmod_run_ids": [
                671,
                672,
                673,
                674,
                675,
                676,
                677
              ],
              "site": 37,
              "valtype": "modrate"
            }
          },
          "valtype": "modrate"
        },
        {
          "diagnostics": {
            "chisq": 1.132679416717355e-08,
            "covariance": {
              "matrix": [
                [
                  0.006497987508319347,
                  0.0009221190732170628,
                  -0.0057402827197282355
