{
  "artifacts": {},
  "engine": "python_baseline",
  "engine_version": "0.1.0",
  "metadata": {
    "analyst": "demo_user",
    "buffer_pH": 6.5,
    "fmod_run_id": 537,
    "notes": "Baseline python engine demo using examples/nerd.sqlite",
    "rg_id": 17,
    "rg_label": "60_2",
    "rounds_requested": [
      "round1_free",
      "round2_global",
      "round3_constrained"
    ],
    "temperature_c": 60.0,
    "valtypes": [
      "modrate",
      "GAmodrate"
    ]
  },
  "rounds": [
    {
      "global_params": {},
      "notes": null,
      "per_nt": [
        {
          "diagnostics": {
            "reason": "Non-zero fmod values are required for a fit.",
            "status": "failed"
          },
          "nt_id": 390,
          "params": {},
          "valtype": "modrate"
        },
        {
          "diagnostics": {
            "reason": "Non-zero fmod values are required for a fit.",
            "status": "failed"
          },
          "nt_id": 391,
          "params": {},
          "valtype": "modrate"
        },
        {
          "diagnostics": {
            "reason": "Non-zero fmod values are required for a fit.",
            "status": "failed"
          },
          "nt_id": 392,
          "params": {},
          "valtype": "modrate"
        },
        {
          "diagnostics": {
            "reason": "Non-zero fmod values are required for a fit.",
            "status": "failed"
          },
          "nt_id": 393,
          "params": {},
          "valtype": "modrate"
        },
        {
          "diagnostics": {
            "chisq": 1.9819252289111984e-07,
            "covariance": {
              "matrix": [
                [
                  0.0984266833211754,
                  0.028013443287257408,
                  -0.08356272058352308
                ],
                [
                  0.028013443287257408,
                  0.5474686409051253,
                  -0.11230836824717942
                ],
                [
                  -0.08356272058352308,
                  -0.11230836824717942,
                  0.10110286349379169
                ]
              ],
              "params": [
                "log_kappa",
                "log_kdeg",
                "log_fmod_0"
              ]
            },
            "ndata": 7,
            "nfree": 4,
            "r2": 0.720642682946713,
            "reduced_chisq": 4.954813072277996e-08,
            "status": "completed",
            "success": true,
            "time_max": 540.0,
            "time_min": 0.0
          },
          "nt_id": 394,
          "params": {
            "fmod0": 0.0006728599458849766,
            "kdeg": 0.017622189852790484,
            "kobs": 0.0007675871017982005,
            "log_fmod0": -7.303973354159025,
            "log_fmod0_err": 0.3179667647629099,
            "log_kdeg": -4.038596383972295,
            "log_kdeg_err": 0.7399112385314371,
            "log_kobs": -7.17225859725721,
            "log_kobs_err": 0.31373027160472644,
            "metadata": {
              "base": "U",
              "fmod_run_ids": [
                531,
                532,
                533,
                534,
                535,
                536,
                537
              ],
              "site": 5,
              "valtype": "modrate"
            }
          },
          "valtype": "modrate"
        },
        {
          "diagnostics": {
            "chisq": 1.4616970275928263e-08,
            "covariance": {
              "matrix": [
                [
                  0.01878596362156878,
                  0.0011425227099900257,
                  -0.017584140075025945
                ],
                [
                  0.0011425227099900257,
                  0.13021748339160696,
                  -0.03389519391762004
                ],
                [
                  -0.017584140075025945,
                  -0.03389519391762004,
                  0.02988075759347135
                ]
              ],
              "params": [
                "log_kappa",
                "log_kdeg",
                "log_fmod_0"
              ]
            },
            "ndata": 7,
            "nfree": 4,
            "r2": 0.9301705954600129,
            "reduced_chisq": 3.654242568982066e-09,
            "status": "completed",
            "success": true,
            "time_max": 540.0,
            "time_min": 0.0
          },
          "nt_id": 395,
          "params": {
            "fmod0": 0.00031860127552708244,
            "kdeg": 0.011058666852736168,
            "kobs": 0.0004657534902010086,
            "log_fmod0": -8.05157015695873,
            "log_fmod0_err": 0.17286051484787193,
            "log_kdeg": -4.504540827880494,
            "log_kdeg_err": 0.36085659671344095,
            "log_kobs": -7.671854054788682,
            "log_kobs_err": 0.13706189704498029,
            "metadata": {
              "base": "G",
              "fmod_run_ids": [
                531,
                532,
                533,
                534,
                535,
                536,
                537
              ],
              "site": 6,
              "valtype": "modrate"
            }
          },
          "valtype": "modrate"
        },
        {
          "diagnostics": {
            "chisq": 1.384044555853034e-06,
            "covariance": {
              "matrix": [
                [
                  0.00035200300060945567,
                  -0.00010947410194919106,
                  -0.012901963648997762
                ],
                [
                  -0.00010947410194919106,
                  0.0027115165588876278,
                  -0.030949932218171623
                ],
                [
                  -0.012901963648997762,
                  -0.030949932218171623,
                  1.1379441773089156
                ]
              ],
              "params": [
                "log_kappa",
                "log_kdeg",
                "log_fmod_0"
              ]
            },
            "ndata": 7,
            "nfree": 4,
            "r2": 0.99866113847234,
            "reduced_chisq": 3.460111389632585e-07,
            "status": "completed",
            "success": true,
            "time_max": 540.0,
            "time_min": 0.0
          },
          "nt_id": 396,
          "params": {
            "fmod0": 0.00048686115022314024,
            "kdeg": 0.00877735795984094,
            "kobs": 0.03463730788983783,
            "log_fmod0": -7.6275315880121255,
            "log_fmod0_err": 1.0667446635952371,
            "log_kdeg": -4.7355798323549925,
            "log_kdeg_err": 0.05207222444727734,
            "log_kobs": -3.3628239151140775,
            "log_kobs_err": 0.018761743005633984,
            "metadata": {
              "base": "A",
              "fmod_run_ids": [
                531,
                532,
                533,
                534,
                535,
                536,
                537
              ],
              "site": 7,
              "valtype": "modrate"
            }
          },
          "valtype": "modrate"
        },
        {
          "diagnostics": {
            "chisq": 8.814607540507489e-07,
            "covariance": {
              "matrix": [
                [
                  0.0002050228923426818,
                  -4.380865961516234e-05,
                  -0.004130206626944099
                ],
                [
                  -4.380865961516234e-05,
                  0.0015326231292726446,
                  -0.009327953035309478
                ],
                [
                  -0.004130206626944099,
                  -0.009327953035309478,
                  0.1850305646371543
                ]
              ],
              "params": [
                "log_kappa",
                "log_kdeg",
                "log_fmod_0"
              ]
            },
            "ndata": 7,
            "nfree": 4,
            "r2": 0.9992159826382572,
            "reduced_chisq": 2.2036518851268723e-07,
            "status": "completed",
            "success": true,
            "time_max": 540.0,
            "time_min": 0.0
          },
          "nt_id": 397,
          "params": {
            "fmod0": 0.0009710014628438562,
            "kdeg": 0.009217778761705818,
            "kobs": 0.03610368862282517,
            "log_fmod0": -6.937182583140761,
            "log_fmod0_err": 0.4301517925536918,
            "log_kdeg": -4.686621185654656,
            "log_kdeg_err": 0.039148730876908955,
            "log_kobs": -3.321360240945515,
            "log_kobs_err": 0.014318620476242877,
            "metadata": {
              "base": "A",
              "fmod_run_ids": [
                531,
                532,
                533,
                534,
                535,
                536,
                537
              ],
              "site": 8,
              "valtype": "modrate"
            }
          },
          "valtype": "modrate"
        },
        {
          "diagnostics": {
            "chisq": 6.120634209718352e-06,
            "covariance": {
              "matrix": [
                [
                  0.0009415846092721094,
                  -0.00012802243515490602,
                  -0.019645067308223213
                ],
                [
                  -0.00012802243515490602,
                  0.006793687431984935,
                  -0.041908661867020885
                ],
                [
                  -0.019645067308223213,
                  -0.041908661867020885,
                  0.8551892888281167
                ]
              ],
              "params": [
                "log_kappa",
                "log_kdeg",
                "log_fmod_0"
              ]
            },
            "ndata": 7,
            "nfree": 4,
            "r2": 0.9964296464631968,
            "reduced_chisq": 1.530158552429588e-06,
            "status": "completed",
            "success": true,
            "time_max": 540.0,
            "time_min": 0.0
          },
          "nt_id": 398,
          "params": {
            "fmod0": 0.00119902770511931,
            "kdeg": 0.009631730692431326,
            "kobs": 0.04467913985812161,
            "log_fmod0": -6.726244296348582,
            "log_fmod0_err": 0.9247644504565024,
            "log_kdeg": -4.642692350479378,
            "log_kdeg_err": 0.08242382805951769,
            "log_kobs": -3.108248556127553,
            "log_kobs_err": 0.030685250679636126,
            "metadata": {
              "base": "C",
              "fmod_run_ids": [
                531,
                532,
                533,
                534,
                535,
                536,
                537
              ],
              "site": 9,
              "valtype": "modrate"
            }
          },
          "valtype": "modrate"
        },
        {
          "diagnostics": {
            "chisq": 2.0431690129021432e-07,
            "covariance": {
              "matrix": [
                [
                  1.7819868564357053,
                  0.26232244339322747,
                  -0.27607833930542097
                ],
                [
                  0.26232244339322747,
                  10.182459807021571,
                  -0.24963888624531086
                ],
                [
                  -0.27607833930542097,
                  -0.24963888624531086,
                  0.05505877847845152
                ]
              ],
              "params": [
                "log_kappa",
                "log_kdeg",
                "log_fmod_0"
              ]
            },
            "ndata": 7,
            "nfree": 4,
            "r2": 0.12345598028536664,
            "reduced_chisq": 5.107922532255358e-08,
            "status": "completed",
            "success": true,
            "time_max": 540.0,
            "time_min": 0.0
          },
          "nt_id": 399,
          "params": {
            "fmod0": 0.0009561787939365475,
            "kdeg": 0.031798370812457656,
            "kobs": 0.0001867850317594957,
            "log_fmod0": -6.952565639453304,
            "log_fmod0_err": 0.2346460706648452,
            "log_kdeg": -3.448340222821078,
            "log_kdeg_err": 3.190996679255804,
            "log_kobs": -8.585552165147247,
            "log_kobs_err": 1.3349108046741196,
            "metadata": {
              "base": "U",
              "fmod_run_ids": [
                531,
                532,
                533,
                534,
                535,
                536,
                537
              ],
              "site": 10,
              "valtype": "modrate"
            }
          },
          "valtype": "modrate"
        },
        {
          "diagnostics": {
            "chisq": 4.5680265548571417e-07,
            "covariance": {
              "matrix": [
                [
                  0.7941464254454483,
                  0.17315405277614437,
                  -0.3000157796402745
                ],
                [
                  0.17315405277614437,
                  4.299789325735737,
                  -0.3104266916916021
                ],
                [
                  -0.3000157796402745,
                  -0.3104266916916021,
                  0.1493664899521424
                ]
              ],
              "params": [
                "log_kappa",
                "log_kdeg",
                "log_fmod_0"
              ]
            },
            "ndata": 7,
            "nfree": 4,
            "r2": 0.2411303739741698,
            "reduced_chisq": 1.1420066387142854e-07,
            "status": "completed",
            "success": true,
            "time_max": 540.0,
            "time_min": 0.0
          },
          "nt_id": 400,
          "params": {
            "fmod0": 0.0008622801710298591,
            "kdeg": 0.026187030850406374,
            "kobs": 0.0004168138641534425,
            "log_fmod0": -7.055930315712979,
            "log_fmod0_err": 0.38647961130199665,
            "log_kdeg": -3.642490996480538,
            "log_kdeg_err": 2.0735933366346777,
            "log_kobs": -7.782870804754331,
            "log_kobs_err": 0.89114893561371,
            "metadata": {
              "base": "U",
              "fmod_run_ids": [
                531,
                532,
                533,
                534,
                535,
                536,
                537
              ],
              "site": 11,
              "valtype": "modrate"
            }
          },
          "valtype": "modrate"
        },
        {
          "diagnostics": {
            "chisq": 4.4783079802150505e-07,
            "covariance": {
              "matrix": [
                [
                  0.3254075812817107,
                  0.05651097864072265,
                  -0.1584360439563626
                ],
                [
                  0.05651097864072265,
                  1.813926311044023,
                  -0.15018837432747026
                ],
                [
                  -0.1584360439563626,
                  -0.15018837432747026,
                  0.1000381061184041
                ]
              ],
              "params": [
                "log_kappa",
                "log_kdeg",
                "log_fmod_0"
              ]
            },
            "ndata": 7,
            "nfree": 4,
            "r2": 0.43596674938131974,
            "reduced_chisq": 1.1195769950537626e-07,
            "status": "completed",
            "success": true,
            "time_max": 540.0,
            "time_min": 0.0
          },
          "nt_id": 401,
          "params": {
            "fmod0": 0.0010481756874644883,
            "kdeg": 0.029730703579339577,
            "kobs": 0.000646718895965113,
            "log_fmod0": -6.860704066423031,
            "log_fmod0_err": 0.31628801134156836,
            "log_kdeg": -3.5155749766167865,
            "log_kdeg_err": 1.3468208162350412,
            "log_kobs": -7.343598830880125,
            "log_kobs_err": 0.5704450729752258,
            "metadata": {
              "base": "U",
              "fmod_run_ids": [
                531,
                532,
                533,
                534,
                535,
                536,
                537
              ],
              "site": 12,
              "valtype": "modrate"
            }
          },
          "valtype": "modrate"
        },
        {
          "diagnostics": {
            "chisq": 1.8109335255200894e-07,
            "covariance": {
              "matrix": [
                [
                  0.0947307091524554,
                  0.02666291853252848,
                  -0.08663299507219764
                ],
                [
                  0.02666291853252848,
                  0.5157438054641954,
                  -0.10934854055032749
                ],
                [
                  -0.08663299507219764,
                  -0.10934854055032749,
                  0.11021010015334343
                ]
              ],
              "params": [
                "log_kappa",
                "log_kdeg",
                "log_fmod_0"
              ]
            },
            "ndata": 7,
            "nfree": 4,
            "r2": 0.7282682811262753,
            "reduced_chisq": 4.5273338138002234e-08,
            "status": "completed",
            "success": true,
            "time_max": 540.0,
            "time_min": 0.0
          },
          "nt_id": 402,
          "params": {
            "fmod0": 0.0006208373497695565,
            "kdeg": 0.019371841760797596,
            "kobs": 0.00075153061168205,
            "log_fmod0": -7.384441426972122,
            "log_fmod0_err": 0.3319790658360003,
            "log_kdeg": -3.9439347229239488,
            "log_kdeg_err": 0.7181530515594816,
            "log_kobs": -7.193398615493005,
            "log_kobs_err": 0.30778354269267777,
            "metadata": {
              "base": "U",
              "fmod_run_ids": [
                531,
                532,
                533,
                534,
                535,
                536,
                537
              ],
              "site": 13,
              "valtype": "modrate"
            }
          },
          "valtype": "modrate"
        },
        {
          "diagnostics": {
            "chisq": 2.7666857143643807e-08,
            "ndata": 7,
            "nfree": 4,
            "r2": -2.843369983906996e-11,
            "reduced_chisq": 6.916714285910952e-09,
            "status": "completed",
            "success": true,
            "time_max": 540.0,
            "time_min": 0.0
          },
          "nt_id": 403,
          "params": {
            "fmod0": 0.0015151428571416523,
            "kdeg": 1.1176135123504905e-11,
            "kobs": 6.545135346590613e-07,
            "log_fmod0": -6.492245549323307,
            "log_kdeg": -25.217240403540096,
            "log_kobs": -14.23937357242286,
            "metadata": {
              "base": "G",
              "fmod_run_ids": [
                531,
                532,
                533,
                534,
                535,
                536,
                537
              ],
              "site": 14,
              "valtype": "modrate"
            }
          },
          "valtype": "modrate"
        },
        {
          "diagnostics": {
            "chisq": 3.4375646219893173e-06,
            "covariance": {
              "matrix": [
                [
                  0.0008141196306574111,
                  -3.983892257040244e-05,
                  -0.042936271460249954
                ],
                [
                  -3.983892257040244e-05,
                  0.005725305059066868,
                  -0.08698390978232282
                ],
                [
                  -0.042936271460249954,
                  -0.08698390978232282,
                  4.4262377628894285
                ]
              ],
              "params": [
                "log_kappa",
                "log_kdeg",
                "log_fmod_0"
              ]
            },
            "ndata": 7,
            "nfree": 4,
            "r2": 0.9968754020156948,
            "reduced_chisq": 8.593911554973293e-07,
            "status": "completed",
            "success": true,
            "time_max": 540.0,
            "time_min": 0.0
          },
          "nt_id": 404,
          "params": {
            "fmod0": 0.00039795007587647047,
            "kdeg": 0.010190250223246728,
            "kobs": 0.035607203611145055,
            "log_fmod0": -7.8291839980440825,
            "log_fmod0_err": 2.1038625817503926,
            "log_kdeg": -4.586323876283856,
            "log_kdeg_err": 0.07566574561231038,
            "log_kobs": -3.3352073129662045,
            "log_kobs_err": 0.028532781684536317,
            "metadata": {
              "base": "A",
              "fmod_run_ids": [
                531,
                532,
                533,
                534,
                535,
                536,
                537
              ],
              "site": 15,
              "valtype": "modrate"
            }
          },
          "valtype": "modrate"
        },
        {
          "diagnostics": {
            "chisq": 1.0018650833346678e-06,
            "covariance": {
              "matrix": [
                [
                  0.0003244967124294439,
                  -1.5518230890954772e-05,
                  -0.0096566164371353
                ],
                [
                  -1.5518230890954772e-05,
                  0.0022939485427754744,
                  -0.0196442076178851
                ],
                [
                  -0.0096566164371353,
                  -0.0196442076178851,
                  0.562184296788014
                ]
              ],
              "params": [
                "log_kappa",
                "log_kdeg",
                "log_fmod_0"
              ]
            },
            "ndata": 7,
            "nfree": 4,
            "r2": 0.9987451005151002,
            "reduced_chisq": 2.5046627083366694e-07,
            "status": "completed",
            "success": true,
            "time_max": 540.0,
            "time_min": 0.0
          },
          "nt_id": 405,
          "params": {
            "fmod0": 0.0006025849036352022,
            "kdeg": 0.010194788443121909,
            "kobs": 0.030275671399679367,
            "log_fmod0": -7.414281983630998,
            "log_fmod0_err": 0.7497895016523064,
            "log_kdeg": -4.585878626213505,
            "log_kdeg_err": 0.04789518287652188,
            "log_kobs": -3.4974108130860113,
            "log_kobs_err": 0.01801379228339896,
            "metadata": {
              "base": "A",
              "fmod_run_ids": [
                531,
                532,
                533,
                534,
                535,
                536,
                537
              ],
              "site": 16,
              "valtype": "modrate"
            }
          },
          "valtype": "modrate"
        },
        {
          "diagnostics": {
            "chisq": 1.386937705084908e-07,
            "covariance": {
              "matrix": [
                [
                  0.06021897362729047,
                  0.017142917542421744,
                  -0.06898381424849082
                ],
                [
                  0.017142917542421744,
                  0.3345024496806157,
                  -0.09241550093825464
                ],
                [
                  -0.06898381424849082,
                  -0.09241550093825464,
                  0.11246937917687733
                ]
              ],
              "params": [
                "log_kappa",
                "log_kdeg",
                "log_fmod_0"
              ]
            },
            "ndata": 7,
            "nfree": 4,
            "r2": 0.8082986778038174,
            "reduced_chisq": 3.46734426271227e-08,
            "status": "completed",
            "success": true,
            "time_max": 540.0,
            "time_min": 0.0
          },
          "nt_id": 406,
          "params": {
            "fmod0": 0.0005339106147037285,
            "kdeg": 0.017706230925950705,
            "kobs": 0.0008211581602419178,
            "log_fmod0": -7.535282121210312,
            "log_fmod0_err": 0.3353645466904296,
            "log_kdeg": -4.0338386716355465,
            "log_kdeg_err": 0.5783618674157346,
            "log_kobs": -7.104794823652394,
            "log_kobs_err": 0.24539554524744428,
            "metadata": {
              "base": "U",
              "fmod_run_ids": [
                531,
                532,
                533,
                534,
                535,
                536,
                537
              ],
              "site": 17,
              "valtype": "modrate"
            }
          },
          "valtype": "modrate"
        },
        {
          "diagnostics": {
            "chisq": 2.3273838869067358e-06,
            "covariance": {
              "matrix": [
                [
                  0.0006499022861112239,
                  -0.00011020291639082798,
                  -0.013063402968547294
                ],
                [
                  -0.00011020291639082798,
                  0.0048035241478881635,
                  -0.0287745417122266
                ],
                [
                  -0.013063402968547294,
                  -0.0287745417122266,
                  0.5644439751673573
                ]
              ],
              "params": [
                "log_kappa",
                "log_kdeg",
                "log_fmod_0"
              ]
            },
            "ndata": 7,
            "nfree": 4,
            "r2": 0.9975049476988086,
            "reduced_chisq": 5.818459717266839e-07,
            "status": "completed",
            "success": true,
            "time_max": 540.0,
            "time_min": 0.0
          },
          "nt_id": 407,
          "params": {
            "fmod0": 0.0009064495801721272,
            "kdeg": 0.009445530544787964,
            "kobs": 0.03278089561677177,
            "log_fmod0": -7.005975149644833,
            "log_fmod0_err": 0.7512948656601862,
            "log_kdeg": -4.66221360758,
            "log_kdeg_err": 0.06930746098284198,
            "log_kobs": -3.4179093839905246,
            "log_kobs_err": 0.02549318116891699,
            "metadata": {
              "base": "A",
              "fmod_run_ids": [
                531,
                532,
                533,
                534,
                535,
                536,
                537
              ],
              "site": 18,
              "valtype": "modrate"
            }
          },
          "valtype": "modrate"
        },
        {
          "diagnostics": {
            "chisq": 4.877422768965103e-08,
            "covariance": {
              "matrix": [
                [
                  0.034123296492617076,
                  -0.010396620520373028,
                  -0.02583522633927504
                ],
                [
                  -0.010396620520373028,
                  0.2709760657790297,
                  -0.0633696643116721
                ],
                [
                  -0.02583522633927504,
                  -0.0633696643116721,
                  0.04719939919258513
                ]
              ],
              "params": [
                "log_kappa",
                "log_kdeg",
                "log_fmod_0"
              ]
            },
            "ndata": 7,
            "nfree": 4,
            "r2": 0.8812004007681664,
            "reduced_chisq": 1.2193556922412757e-08,
            "status": "completed",
            "success": true,
            "time_max": 540.0,
            "time_min": 0.0
          },
          "nt_id": 408,
          "params": {
            "fmod0": 0.0004477625944772574,
            "kdeg": 0.008830113075386328,
            "kobs": 0.00063683923335273,
            "log_fmod0": -7.711247389049964,
            "log_fmod0_err": 0.2172542270994632,
            "log_kdeg": -4.729587458628746,
            "log_kdeg_err": 0.5205536147017228,
            "log_kobs": -7.358993315167466,
            "log_kobs_err": 0.1847249211465986,
            "metadata": {
              "base": "G",
              "fmod_run_ids": [
                531,
                532,
                533,
                534,
                535,
                536,
                537
              ],
              "site": 19,
              "valtype": "modrate"
            }
          },
          "valtype": "modrate"
        },
        {
          "diagnostics": {
            "chisq": 6.814779591852009e-07,
            "covariance": {
              "matrix": [
                [
                  0.34213607449906186,
                  0.09547356967780224,
                  -0.2362693674365298
                ],
                [
                  0.09547356967780224,
                  1.8550615990588821,
                  -0.2934419666866596
                ],
                [
                  -0.2362693674365298,
                  -0.2934419666866596,
                  0.2257051698075917
                ]
              ],
              "params": [
                "log_kappa",
                "log_kdeg",
                "log_fmod_0"
              ]
            },
            "ndata": 7,
            "nfree": 4,
            "r2": 0.4259649931052917,
            "reduced_chisq": 1.7036948979630024e-07,
            "status": "completed",
            "success": true,
            "time_max": 540.0,
            "time_min": 0.0
          },
          "nt_id": 409,
          "params": {
            "fmod0": 0.0008430635410312147,
            "kdeg": 0.019856642544539498,
            "kobs": 0.0007681074516336765,
            "log_fmod0": -7.078468227914215,
            "log_fmod0_err": 0.47508438177611323,
            "log_kdeg": -3.9192166908229034,
            "log_kdeg_err": 1.3620064607258227,
            "log_kobs": -7.171580923621881,
            "log_kobs_err": 0.5849239903603389,
            "metadata": {
              "base": "U",
              "fmod_run_ids": [
                531,
                532,
                533,
                534,
                535,
                536,
                537
              ],
              "site": 20,
              "valtype": "modrate"
            }
          },
          "valtype": "modrate"
        },
        {
          "diagnostics": {
            "chisq": 1.4931030424912215e-08,
            "covariance": {
              "matrix": [
                [
                  0.007692119245587529,
                  0.0014164095291032536,
                  -0.006656202721553225
                ],
                [
                  0.0014164095291032536,
                  0.04917892256211537,
                  -0.01138225892638868
                ],
                [
                  -0.006656202721553225,
                  -0.01138225892638868,
                  0.009433741907493609
                ]
              ],
              "params": [
                "log_kappa",
                "log_kdeg",
                "log_fmod_0"
              ]
            },
            "ndata": 7,
            "nfree": 4,
            "r2": 0.9703244036402168,
            "reduced_chisq": 3.732757606228054e-09,
            "status": "completed",
            "success": true,
            "time_max": 540.0,
            "time_min": 0.0
          },
          "nt_id": 410,
          "params": {
            "fmod0": 0.0005836628815637475,
            "kdeg": 0.012685032566965635,
            "kobs": 0.0007395841928061578,
            "log_fmod0": -7.446186999409683,
            "log_fmod0_err": 0.09712745187378082,
            "log_kdeg": -4.367332518573869,
            "log_kdeg_err": 0.22176321282420888,
            "log_kobs": -7.209422431305232,
            "log_kobs_err": 0.08770472761252684,
            "metadata": {
              "base": "G",
              "fmod_run_ids": [
                531,
                532,
                533,
                534,
                535,
                536,
                537
              ],
              "site": 21,
              "valtype": "modrate"
            }
          },
          "valtype": "modrate"
        },
        {
          "diagnostics": {
            "chisq": 3.3998915822275393e-06,
            "covariance": {
              "matrix": [
                [
                  0.0006738500042465829,
                  -4.417667817246643e-05,
                  -0.012616262840083442
                ],
                [
                  -4.417667817246643e-05,
                  0.004755366749882866,
                  -0.02578063385432374
                ],
                [
                  -0.012616262840083442,
                  -0.02578063385432374,
                  0.4672271455265683
                ]
              ],
              "params": [
                "log_kappa",
                "log_kdeg",
                "log_fmod_0"
              ]
            },
            "ndata": 7,
            "nfree": 4,
            "r2": 0.9974224599954905,
            "reduced_chisq": 8.499728955568848e-07,
            "status": "completed",
            "success": true,
            "time_max": 540.0,
            "time_min": 0.0
          },
          "nt_id": 411,
          "params": {
            "fmod0": 0.001216479628578187,
            "kdeg": 0.010075556963285486,
            "kobs": 0.0390739323589296,
            "log_fmod0": -6.711794141809241,
            "log_fmod0_err": 0.6835401564842905,
            "log_kdeg": -4.597642890961687,
            "log_kdeg_err": 0.06895916726500449,
            "log_kobs": -3.2422997259159576,
            "log_kobs_err": 0.02595862100048042,
            "metadata": {
              "base": "A",
              "fmod_run_ids": [
                531,
                532,
                533,
                534,
                535,
                536,
                537
              ],
              "site": 22,
              "valtype": "modrate"
            }
          },
          "valtype": "modrate"
        },
        {
          "diagnostics": {
            "chisq": 5.937979932386656e-07,
            "covariance": {
              "matrix": [
                [
                  0.6273858113276939,
                  0.17751275407863837,
                  -0.19119528928002283
                ],
                [
                  0.17751275407863837,
                  3.4278735681535593,
                  -0.24422614807324924
                ],
                [
                  -0.19119528928002283,
                  -0.24422614807324924,
                  0.08139549532066243
                ]
              ],
              "params": [
                "log_kappa",
                "log_kdeg",
                "log_fmod_0"
              ]
            },
            "ndata": 7,
            "nfree": 4,
            "r2": 0.2880559005147578,
            "reduced_chisq": 1.484494983096664e-07,
            "status": "completed",
            "success": true,
            "time_max": 540.0,
            "time_min": 0.0
          },
          "nt_id": 412,
          "params": {
            "fmod0": 0.0013063293245226795,
            "kdeg": 0.01902974072269327,
            "kobs": 0.0005282148959271598,
            "log_fmod0": -6.640534117187642,
            "log_fmod0_err": 0.28529895779806563,
            "log_kdeg": -3.9617522224283106,
            "log_kdeg_err": 1.8514517461045426,
            "log_kobs": -7.546007357197945,
            "log_kobs_err": 0.7920768973576328,
            "metadata": {
              "base": "U",
              "fmod_run_ids": [
                531,
                532,
                533,
                534,
                535,
                536,
                537
              ],
              "site": 23,
              "valtype": "modrate"
            }
          },
          "valtype": "modrate"
        },
        {
          "diagnostics": {
            "chisq": 8.457076842566741e-07,
            "covariance": {
              "matrix": [
                [
                  0.4189736513331968,
                  0.11767083606672328,
                  -0.22857056384500876
                ],
                [
                  0.11767083606672328,
                  2.2783022775386415,
                  -0.28723163496468607
                ],
                [
                  -0.22857056384500876,
                  -0.28723163496468607,
                  0.17319243068524787
                ]
              ],
              "params": [
                "log_kappa",
                "log_kdeg",
                "log_fmod_0"
              ]
            },
            "ndata": 7,
            "nfree": 4,
            "r2": 0.3773078927475243,
            "reduced_chisq": 2.1142692106416853e-07,
            "status": "completed",
            "success": true,
            "time_max": 540.0,
            "time_min": 0.0
          },
          "nt_id": 413,
          "params": {
            "fmod0": 0.0010707939820599377,
            "kdeg": 0.0195017461070038,
            "kobs": 0.0007725158429104204,
            "log_fmod0": -6.839354866375018,
            "log_fmod0_err": 0.4161639468830137,
            "log_kdeg": -3.9372512734723433,
            "log_kdeg_err": 1.5094046102813656,
            "log_kobs": -7.165858040780769,
            "log_kobs_err": 0.6472817403057164,
            "metadata": {
              "base": "U",
              "fmod_run_ids": [
                531,
                532,
                533,
                534,
                535,
                536,
                537
              ],
              "site": 24,
              "valtype": "modrate"
            }
          },
          "valtype": "modrate"
        },
        {
          "diagnostics": {
            "chisq": 4.45759679448134e-06,
            "covariance": {
              "matrix": [
                [
                  0.0006855730363586273,
                  -5.563011700613889e-05,
                  -0.020238379400932437
                ],
                [
                  -5.563011700613889e-05,
                  0.004841325479430942,
                  -0.04159925367708353
                ],
                [
                  -0.020238379400932437,
                  -0.04159925367708353,
                  1.1941578694764765
                ]
              ],
              "params": [
                "log_kappa",
                "log_kdeg",
                "log_fmod_0"
              ]
            },
            "ndata": 7,
            "nfree": 4,
            "r2": 0.9973940899150973,
            "reduced_chisq": 1.114399198620335e-06,
            "status": "completed",
            "success": true,
            "time_max": 540.0,
            "time_min": 0.0
          },
          "nt_id": 414,
          "params": {
            "fmod0": 0.0008703230239969471,
            "kdeg": 0.00997266296117672,
            "kobs": 0.044629034599711244,
            "log_fmod0": -7.04664612327693,
            "log_fmod0_err": 1.092775306033439,
            "log_kdeg": -4.607907633262651,
            "log_kdeg_err": 0.06957963408520443,
            "log_kobs": -3.109370631771169,
            "log_kobs_err": 0.026183449664981644,
            "metadata": {
              "base": "C",
              "fmod_run_ids": [
                531,
                532,
                533,
                534,
                535,
                536,
                537
              ],
              "site": 25,
              "valtype": "modrate"
            }
          },
          "valtype": "modrate"
        },
        {
          "diagnostics": {
