{
  "artifacts": {},
  "engine": "python_baseline",
  "engine_version": "0.1.0",
  "metadata": {
    "analyst": "demo_user",
    "buffer_pH": 8.0,
    "fmod_run_id": 351,
    "notes": "Baseline python engine demo using examples/nerd.sqlite",
    "rg_id": 126,
    "rg_label": "4",
    "rounds_requested": [
      "round1_free",
      "round2_global",
      "round3_constrained"
    ],
    "temperature_c": 23.0,
    "valtypes": [
      "modrate",
      "GAmodrate"
    ]
  },
  "rounds": [
    {
      "global_params": {},
      "notes": null,
      "per_nt": [
        {
          "diagnostics": {
            "reason": "Non-zero fmod values are required for a fit.",
            "status": "failed"
          },
          "nt_id": 555,
          "params": {},
          "valtype": "modrate"
        },
        {
          "diagnostics": {
            "chisq": 2.898270567774357e-05,
            "covariance": {
              "matrix": [
                [
                  0.6469962012390714,
                  0.038730597847263196,
                  -5.57491734118685
                ],
                [
                  0.038730597847263196,
                  4.2377944942431505,
                  -8.517991167896648
                ],
                [
                  -5.57491734118685,
                  -8.517991167896648,
                  76.30759170937354
                ]
              ],
              "params": [
                "log_kappa",
                "log_kdeg",
                "log_fmod_0"
              ]
            },
            "ndata": 7,
            "nfree": 4,
            "r2": 0.2795923110898687,
            "reduced_chisq": 7.2456764194358925e-06,
            "status": "completed",
            "success": true,
            "time_max": 34890.0,
            "time_min": 0.0
          },
          "nt_id": 556,
          "params": {
            "fmod0": 0.00028816581051767804,
            "kdeg": 0.00018429329160562954,
            "kobs": 0.0035721496815361883,
            "log_fmod0": -8.151974512533656,
            "log_fmod0_err": 8.73542166751975,
            "log_kdeg": -8.59898209326931,
            "log_kdeg_err": 2.0585904143960136,
            "log_kobs": -5.634587712720365,
            "log_kobs_err": 0.8043607407370598,
            "metadata": {
              "base": "G",
              "fmod_run_ids": [
                345,
                346,
                347,
                348,
                349,
                350,
                351
              ],
              "site": 103,
              "valtype": "modrate"
            }
          },
          "valtype": "modrate"
        },
        {
          "diagnostics": {
            "chisq": 1.7073994897624148e-05,
            "covariance": {
              "matrix": [
                [
                  0.006674229060806893,
                  0.0014138153478594408,
                  -0.17531625723065955
                ],
                [
                  0.0014138153478594408,
                  0.041459658014664155,
                  -0.20883595569490782
                ],
                [
                  -0.17531625723065955,
                  -0.20883595569490782,
                  6.2657318395433705
                ]
              ],
              "params": [
                "log_kappa",
                "log_kdeg",
                "log_fmod_0"
              ]
            },
            "ndata": 7,
            "nfree": 4,
            "r2": 0.974911465102954,
            "reduced_chisq": 4.268498724406037e-06,
            "status": "completed",
            "success": true,
            "time_max": 34890.0,
            "time_min": 0.0
          },
          "nt_id": 557,
          "params": {
            "fmod0": 0.0008036256346208163,
            "kdeg": 0.0002776648134753514,
            "kobs": 0.028087460841829903,
            "log_fmod0": -7.1263770258050325,
            "log_fmod0_err": 2.503144390470388,
            "log_kdeg": -8.189095878646212,
            "log_kdeg_err": 0.20361644829105568,
            "log_kobs": -3.5724320356210195,
            "log_kobs_err": 0.08169595498436194,
            "metadata": {
              "base": "A",
              "fmod_run_ids": [
                345,
                346,
                347,
                348,
                349,
                350,
                351
              ],
              "site": 104,
              "valtype": "modrate"
            }
          },
          "valtype": "modrate"
        },
        {
          "diagnostics": {
            "chisq": 3.951947932787828e-06,
            "covariance": {
              "matrix": [
                [
                  0.0031044608272374655,
                  0.0005118210416498366,
                  -0.04370559423843538
                ],
                [
                  0.0005118210416498366,
                  0.019410074791133047,
                  -0.058372869278183206
                ],
                [
                  -0.04370559423843538,
                  -0.058372869278183206,
                  0.8898373487554728
                ]
              ],
              "params": [
                "log_kappa",
                "log_kdeg",
                "log_fmod_0"
              ]
            },
            "ndata": 7,
            "nfree": 4,
            "r2": 0.9880319750826821,
            "reduced_chisq": 9.87986983196957e-07,
            "status": "completed",
            "success": true,
            "time_max": 34890.0,
            "time_min": 0.0
          },
          "nt_id": 558,
          "params": {
            "fmod0": 0.0010074462949091559,
            "kdeg": 0.00022554052947038554,
            "kobs": 0.019477580033580525,
            "log_fmod0": -6.9003365708653,
            "log_fmod0_err": 0.9433119042795298,
            "log_kdeg": -8.397010683595337,
            "log_kdeg_err": 0.13932004447003685,
            "log_kobs": -3.9384912167403368,
            "log_kobs_err": 0.05571768863868516,
            "metadata": {
              "base": "A",
              "fmod_run_ids": [
                345,
                346,
                347,
                348,
                349,
                350,
                351
              ],
              "site": 105,
              "valtype": "modrate"
            }
          },
          "valtype": "modrate"
        },
        {
          "diagnostics": {
            "chisq": 6.808024724495553e-06,
            "covariance": {
              "matrix": [
                [
                  0.13010788286241526,
                  0.005979062942898841,
                  -0.25483762707028906
                ],
                [
                  0.005979062942898841,
                  0.8559572483880292,
                  -0.3941239587621845
                ],
                [
                  -0.25483762707028906,
                  -0.3941239587621845,
                  0.8013729659783191
                ]
              ],
              "params": [
                "log_kappa",
                "log_kdeg",
                "log_fmod_0"
              ]
            },
            "ndata": 7,
            "nfree": 4,
            "r2": 0.6586939076906959,
            "reduced_chisq": 1.7020061811238881e-06,
            "status": "completed",
            "success": true,
            "time_max": 34890.0,
            "time_min": 0.0
          },
          "nt_id": 559,
          "params": {
            "fmod0": 0.0013607149183637354,
            "kdeg": 0.00018096155679103173,
            "kobs": 0.003860892893021451,
            "log_fmod0": -6.599745042085566,
            "log_fmod0_err": 0.8951943732946042,
            "log_kdeg": -8.61722594267684,
            "log_kdeg_err": 0.9251795762920998,
            "log_kobs": -5.556856802820004,
            "log_kobs_err": 0.36070470313320735,
            "metadata": {
              "base": "U",
              "fmod_run_ids": [
                345,
                346,
                347,
                348,
                349,
                350,
                351
              ],
              "site": 106,
              "valtype": "modrate"
            }
          },
          "valtype": "modrate"
        },
        {
          "diagnostics": {
            "chisq": 2.2972396676198475e-06,
            "covariance": {
              "matrix": [
                [
                  0.26234703382841235,
                  -0.07104075976336333,
                  -0.29691263738588386
                ],
                [
                  -0.07104075976336333,
                  1.9068462948061673,
                  -0.5787989546906741
                ],
                [
                  -0.29691263738588386,
                  -0.5787989546906741,
                  0.6858598246913977
                ]
              ],
              "params": [
                "log_kappa",
                "log_kdeg",
                "log_fmod_0"
              ]
            },
            "ndata": 7,
            "nfree": 4,
            "r2": 0.49090532867517833,
            "reduced_chisq": 5.743099169049619e-07,
            "status": "completed",
            "success": true,
            "time_max": 34890.0,
            "time_min": 0.0
          },
          "nt_id": 560,
          "params": {
            "fmod0": 0.0008280943701699144,
            "kdeg": 0.00013870116111351166,
            "kobs": 0.0015888693158013544,
            "log_fmod0": -7.096383436438353,
            "log_fmod0_err": 0.828166544054635,
            "log_kdeg": -8.883188859276137,
            "log_kdeg_err": 1.3808860542442187,
            "log_kobs": -6.444732637854791,
            "log_kobs_err": 0.512198236846255,
            "metadata": {
              "base": "U",
              "fmod_run_ids": [
                345,
                346,
                347,
                348,
                349,
                350,
                351
              ],
              "site": 107,
              "valtype": "modrate"
            }
          },
          "valtype": "modrate"
        },
        {
          "diagnostics": {
            "chisq": 2.770052833333334e-06,
            "ndata": 7,
            "nfree": 4,
            "r2": 0.15598626615474864,
            "reduced_chisq": 6.925132083333335e-07,
            "status": "completed",
            "success": true,
            "time_max": 34890.0,
            "time_min": 0.0
          },
          "nt_id": 561,
          "params": {
            "fmod0": 0.0005140000000370985,
            "kdeg": 2.995316667816707e+16,
            "kobs": 0.0007731321229669076,
            "log_fmod0": -7.573287292436933,
            "log_kdeg": 37.93841144604206,
            "log_kobs": -7.165060601644885,
            "metadata": {
              "base": "G",
              "fmod_run_ids": [
                345,
                346,
                347,
                348,
                349,
                350,
                351
              ],
              "site": 108,
              "valtype": "modrate"
            }
          },
          "valtype": "modrate"
        },
        {
          "diagnostics": {
            "chisq": 2.234498757465416e-06,
            "covariance": {
              "matrix": [
                [
                  0.49974186746458854,
                  0.03281289781092542,
                  -0.24743507303747933
                ],
                [
                  0.03281289781092542,
                  3.2748201630833473,
                  -0.3770219746513583
                ],
                [
                  -0.24743507303747933,
                  -0.3770219746513583,
                  0.19389540726351942
                ]
              ],
              "params": [
                "log_kappa",
                "log_kdeg",
                "log_fmod_0"
              ]
            },
            "ndata": 7,
            "nfree": 4,
            "r2": 0.333858275836194,
            "reduced_chisq": 5.58624689366354e-07,
            "status": "completed",
            "success": true,
            "time_max": 34890.0,
            "time_min": 0.0
          },
          "nt_id": 562,
          "params": {
            "fmod0": 0.0015887767236561782,
            "kdeg": 0.00018549862104122765,
            "kobs": 0.0011258123071477405,
            "log_fmod0": -6.444790915047438,
            "log_fmod0_err": 0.44033556211543873,
            "log_kdeg": -8.592463109684427,
            "log_kdeg_err": 1.8096464193547168,
            "log_kobs": -6.789250453081025,
            "log_kobs_err": 0.7069242303561171,
            "metadata": {
              "base": "C",
              "fmod_run_ids": [
                345,
                346,
                347,
                348,
                349,
                350,
                351
              ],
              "site": 109,
              "valtype": "modrate"
            }
          },
          "valtype": "modrate"
        },
        {
          "diagnostics": {
            "chisq": 6.265424053345552e-06,
            "covariance": {
              "matrix": [
                [
                  0.2709745133509568,
                  -0.11368146879308136,
                  -0.7701065706767322
                ],
                [
                  -0.11368146879308136,
                  2.039197140706893,
                  -1.646323706444175
                ],
                [
                  -0.7701065706767322,
                  -1.646323706444175,
                  5.030864765479307
                ]
              ],
              "params": [
                "log_kappa",
                "log_kdeg",
                "log_fmod_0"
              ]
            },
            "ndata": 7,
            "nfree": 4,
            "r2": 0.48645916048343274,
            "reduced_chisq": 1.566356013336388e-06,
            "status": "completed",
            "success": true,
            "time_max": 34890.0,
            "time_min": 0.0
          },
          "nt_id": 563,
          "params": {
            "fmod0": 0.0005000875076348391,
            "kdeg": 0.00012784200373294099,
            "kobs": 0.0026119013116937106,
            "log_fmod0": -7.60072745958579,
            "log_fmod0_err": 2.2429589308498956,
            "log_kdeg": -8.964715402313345,
            "log_kdeg_err": 1.4280046010804353,
            "log_kobs": -5.947676850941111,
            "log_kobs_err": 0.5205521235678102,
            "metadata": {
              "base": "G",
              "fmod_run_ids": [
                345,
                346,
                347,
                348,
                349,
                350,
                351
              ],
              "site": 110,
              "valtype": "modrate"
            }
          },
          "valtype": "modrate"
        },
        {
          "diagnostics": {
            "chisq": 7.515267186919237e-06,
            "covariance": {
              "matrix": [
                [
                  0.5160509324325439,
                  -0.0641390766992665,
                  -2.050538635527059
                ],
                [
                  -0.0641390766992665,
                  3.596039554095093,
                  -3.62415020393614
                ],
                [
                  -2.050538635527059,
                  -3.62415020393614,
                  14.874590881056742
                ]
              ],
              "params": [
                "log_kappa",
                "log_kdeg",
                "log_fmod_0"
              ]
            },
            "ndata": 7,
            "nfree": 4,
            "r2": 0.3273782332779982,
            "reduced_chisq": 1.8788167967298092e-06,
            "status": "completed",
            "success": true,
            "time_max": 34890.0,
            "time_min": 0.0
          },
          "nt_id": 564,
          "params": {
            "fmod0": 0.00032547077389543245,
            "kdeg": 0.00015324038010072004,
            "kobs": 0.0020363373107147456,
            "log_fmod0": -8.03023788868655,
            "log_fmod0_err": 3.856759116286204,
            "log_kdeg": -8.783502757707337,
            "log_kdeg_err": 1.8963226397675828,
            "log_kobs": -6.196602520777087,
            "log_kobs_err": 0.7183668508725496,
            "metadata": {
              "base": "G",
              "fmod_run_ids": [
                345,
                346,
                347,
                348,
                349,
                350,
                351
              ],
              "site": 111,
              "valtype": "modrate"
            }
          },
          "valtype": "modrate"
        },
        {
          "diagnostics": {
            "chisq": 1.3481769574646202e-05,
            "covariance": {
              "matrix": [
                [
                  0.8115214904321439,
                  0.0837299838698845,
                  -4.542692045058794
                ],
                [
                  0.0837299838698845,
                  5.247664700430914,
                  -6.668581496573677
                ],
                [
                  -4.542692045058794,
                  -6.668581496573677,
                  39.05574246653158
                ]
              ],
              "params": [
                "log_kappa",
                "log_kdeg",
                "log_fmod_0"
              ]
            },
            "ndata": 7,
            "nfree": 4,
            "r2": 0.23639895614871265,
            "reduced_chisq": 3.3704423936615504e-06,
            "status": "completed",
            "success": true,
            "time_max": 34890.0,
            "time_min": 0.0
          },
          "nt_id": 565,
          "params": {
            "fmod0": 0.00027663425667341537,
            "kdeg": 0.0001962045095307576,
            "kobs": 0.0021751789174334823,
            "log_fmod0": -8.19281429725762,
            "log_fmod0_err": 6.249459373940404,
            "log_kdeg": -8.536353026740585,
            "log_kdeg_err": 2.2907781866498804,
            "log_kobs": -6.130644356935774,
            "log_kobs_err": 0.9008448758982558,
            "metadata": {
              "base": "G",
              "fmod_run_ids": [
                345,
                346,
                347,
                348,
                349,
                350,
                351
              ],
              "site": 112,
              "valtype": "modrate"
            }
          },
          "valtype": "modrate"
        },
        {
          "diagnostics": {
            "chisq": 2.679155637469244e-06,
            "covariance": {
              "matrix": [
                [
                  0.03326514647420903,
                  0.007729093518888243,
                  -0.28968431830715685
                ],
                [
                  0.007729093518888243,
                  0.21355085224438772,
                  -0.32980970993314274
                ],
                [
                  -0.28968431830715685,
                  -0.32980970993314274,
                  3.344235100506148
                ]
              ],
              "params": [
                "log_kappa",
                "log_kdeg",
                "log_fmod_0"
              ]
            },
            "ndata": 7,
            "nfree": 4,
            "r2": 0.8839624476807356,
            "reduced_chisq": 6.69788909367311e-07,
            "status": "completed",
            "success": true,
            "time_max": 34890.0,
            "time_min": 0.0
          },
          "nt_id": 566,
          "params": {
            "fmod0": 0.0004390870757979262,
            "kdeg": 0.000315215587407124,
            "kobs": 0.004888479260547345,
            "log_fmod0": -7.730812814220968,
            "log_fmod0_err": 1.8287249931321408,
            "log_kdeg": -8.062253748769512,
            "log_kdeg_err": 0.46211562648799026,
            "log_kobs": -5.320874013525789,
            "log_kobs_err": 0.18238735283513774,
            "metadata": {
              "base": "A",
              "fmod_run_ids": [
                345,
                346,
                347,
                348,
                349,
                350,
                351
              ],
              "site": 113,
              "valtype": "modrate"
            }
          },
          "valtype": "modrate"
        },
        {
          "diagnostics": {
            "chisq": 7.219599346279115e-06,
            "covariance": {
              "matrix": [
                [
                  0.0012734118902943095,
                  0.00027000752635580915,
                  -0.0770274263114886
                ],
                [
                  0.00027000752635580915,
                  0.00787819757500547,
                  -0.08680681673510772
                ],
                [
                  -0.0770274263114886,
                  -0.08680681673510772,
                  6.220209870471099
                ]
              ],
              "params": [
                "log_kappa",
                "log_kdeg",
                "log_fmod_0"
              ]
            },
            "ndata": 7,
            "nfree": 4,
            "r2": 0.9951886908335945,
            "reduced_chisq": 1.8048998365697789e-06,
            "status": "completed",
            "success": true,
            "time_max": 34890.0,
            "time_min": 0.0
          },
          "nt_id": 567,
          "params": {
            "fmod0": 0.0005277655163189157,
            "kdeg": 0.0003018390491810044,
            "kobs": 0.042580027587499944,
            "log_fmod0": -7.546858470779523,
            "log_fmod0_err": 2.494034857509233,
            "log_kdeg": -8.105616632389365,
            "log_kdeg_err": 0.08875921121216361,
            "log_kobs": -3.1563699716189406,
            "log_kobs_err": 0.03568489722970082,
            "metadata": {
              "base": "A",
              "fmod_run_ids": [
                345,
                346,
                347,
                348,
                349,
                350,
                351
              ],
              "site": 114,
              "valtype": "modrate"
            }
          },
          "valtype": "modrate"
        },
        {
          "diagnostics": {
            "chisq": 7.248865544105405e-06,
            "covariance": {
              "matrix": [
                [
                  0.0016250369090434233,
                  0.00034760229000653156,
                  -0.054163877339786094
                ],
                [
                  0.00034760229000653156,
                  0.01008174727157455,
                  -0.06169509556215975
                ],
                [
                  -0.054163877339786094,
                  -0.06169509556215975,
                  2.416607233375552
                ]
              ],
              "params": [
                "log_kappa",
                "log_kdeg",
                "log_fmod_0"
              ]
            },
            "ndata": 7,
            "nfree": 4,
            "r2": 0.9938360438518913,
            "reduced_chisq": 1.8122163860263513e-06,
            "status": "completed",
            "success": true,
            "time_max": 34890.0,
            "time_min": 0.0
          },
          "nt_id": 568,
          "params": {
            "fmod0": 0.0008475513178428558,
            "kdeg": 0.0002982401038970903,
            "kobs": 0.037556788540485865,
            "log_fmod0": -7.0731591685159,
            "log_fmod0_err": 1.5545440596443552,
            "log_kdeg": -8.117611678099719,
            "log_kdeg_err": 0.1004079044277618,
            "log_kobs": -3.281901130414579,
            "log_kobs_err": 0.040311746539233737,
            "metadata": {
              "base": "A",
              "fmod_run_ids": [
                345,
                346,
                347,
                348,
                349,
                350,
                351
              ],
              "site": 115,
              "valtype": "modrate"
            }
          },
          "valtype": "modrate"
        },
        {
          "diagnostics": {
            "chisq": 2.5859757915837035e-05,
            "covariance": {
              "matrix": [
                [
                  0.68586018582538,
                  0.10212106490066399,
                  -2.042446302132065
                ],
                [
                  0.10212106490066399,
                  4.3714176727677225,
                  -2.8459293500217386
                ],
                [
                  -2.042446302132065,
                  -2.8459293500217386,
                  8.986986124594026
                ]
              ],
              "params": [
                "log_kappa",
                "log_kdeg",
                "log_fmod_0"
              ]
            },
            "ndata": 7,
            "nfree": 4,
            "r2": 0.26851635158928144,
            "reduced_chisq": 6.464939478959259e-06,
            "status": "completed",
            "success": true,
            "time_max": 34890.0,
            "time_min": 0.0
          },
          "nt_id": 569,
          "params": {
            "fmod0": 0.00080602729313329,
            "kdeg": 0.00021383516880313998,
            "kobs": 0.0032894049503408955,
            "log_fmod0": -7.123392953582715,
            "log_fmod0_err": 2.997830236119788,
            "log_kdeg": -8.450305078966736,
            "log_kdeg_err": 2.090793550967604,
            "log_kobs": -5.717048596720895,
            "log_kobs_err": 0.8281667620868275,
            "metadata": {
              "base": "G",
              "fmod_run_ids": [
                345,
                346,
                347,
                348,
                349,
                350,
                351
              ],
              "site": 116,
              "valtype": "modrate"
            }
          },
          "valtype": "modrate"
        },
        {
          "diagnostics": {
            "chisq": 2.4149623516740675e-05,
            "covariance": {
              "matrix": [
                [
                  0.8158873673619046,
                  0.1098702843665176,
                  -9.812063042450047
                ],
                [
                  0.1098702843665176,
                  5.222182053510908,
                  -13.911584924774823
                ],
                [
                  -9.812063042450047,
                  -13.911584924774823,
                  176.53745816195857
                ]
              ],
              "params": [
                "log_kappa",
                "log_kdeg",
                "log_fmod_0"
              ]
            },
            "ndata": 7,
            "nfree": 4,
            "r2": 0.23572065153339217,
            "reduced_chisq": 6.037405879185169e-06,
            "status": "completed",
            "success": true,
            "time_max": 34890.0,
            "time_min": 0.0
          },
          "nt_id": 570,
          "params": {
            "fmod0": 0.00017520351863667012,
            "kdeg": 0.00020760192332073619,
            "kobs": 0.0029104311140222263,
            "log_fmod0": -8.649562296121017,
            "log_fmod0_err": 13.286739937319409,
            "log_kdeg": -8.479888142164704,
            "log_kdeg_err": 2.285209411303679,
            "log_kobs": -5.839454059623206,
            "log_kobs_err": 0.9032648378863779,
            "metadata": {
              "base": "G",
              "fmod_run_ids": [
                345,
                346,
                347,
                348,
                349,
                350,
                351
              ],
              "site": 117,
              "valtype": "modrate"
            }
          },
          "valtype": "modrate"
        },
        {
          "diagnostics": {
            "chisq": 2.0113415313718114e-05,
            "covariance": {
              "matrix": [
                [
                  0.4139843635603007,
                  0.015410514052583778,
                  -3.7104603845379827
                ],
                [
                  0.015410514052583778,
                  2.731957357844765,
                  -5.783207040477592
                ],
                [
                  -3.7104603845379827,
                  -5.783207040477592,
                  53.75367094600826
                ]
              ],
              "params": [
                "log_kappa",
                "log_kdeg",
                "log_fmod_0"
              ]
            },
            "ndata": 7,
            "nfree": 4,
            "r2": 0.3775163830982531,
            "reduced_chisq": 5.0283538284295285e-06,
            "status": "completed",
            "success": true,
            "time_max": 34890.0,
            "time_min": 0.0
          },
          "nt_id": 571,
          "params": {
            "fmod0": 0.00028499416312796817,
            "kdeg": 0.0001790573787005486,
            "kobs": 0.0037194174944931396,
            "log_fmod0": -8.16304185815809,
            "log_fmod0_err": 7.331689501472922,
            "log_kdeg": -8.62780425208943,
            "log_kdeg_err": 1.6528633814821976,
            "log_kobs": -5.594188210460029,
            "log_kobs_err": 0.6434161666917461,
            "metadata": {
              "base": "G",
              "fmod_run_ids": [
                345,
                346,
                347,
                348,
                349,
                350,
                351
              ],
              "site": 118,
              "valtype": "modrate"
            }
          },
          "valtype": "modrate"
        },
        {
          "diagnostics": {
            "chisq": 8.542149781616476e-06,
            "covariance": {
              "matrix": [
                [
                  0.720196574410046,
                  0.13818195798880525,
                  -2.1829456274236287
                ],
                [
                  0.13818195798880525,
                  4.558933013558614,
                  -2.866228357757717
                ],
                [
                  -2.1829456274236287,
                  -2.866228357757717,
                  9.392394995920775
                ]
              ],
              "params": [
                "log_kappa",
                "log_kdeg",
                "log_fmod_0"
              ]
            },
            "ndata": 7,
            "nfree": 4,
            "r2": 0.2592533915585834,
            "reduced_chisq": 2.135537445404119e-06,
            "status": "completed",
            "success": true,
            "time_max": 34890.0,
            "time_min": 0.0
          },
          "nt_id": 572,
          "params": {
            "fmod0": 0.0004579235666795293,
            "kdeg": 0.00023932672201577753,
            "kobs": 0.0018499031311273067,
            "log_fmod0": -7.68880827275613,
            "log_fmod0_err": 3.0647014529837606,
            "log_kdeg": -8.337680901855215,
            "log_kdeg_err": 2.135165804699629,
            "log_kobs": -6.292622002815625,
            "log_kobs_err": 0.8486439621007422,
            "metadata": {
              "base": "G",
              "fmod_run_ids": [
                345,
                346,
                347,
                348,
                349,
                350,
                351
              ],
              "site": 119,
              "valtype": "modrate"
            }
          },
          "valtype": "modrate"
        },
        {
          "diagnostics": {
            "chisq": 5.302157020694254e-06,
            "covariance": {
              "matrix": [
                [
                  0.6848265237616449,
                  -0.06510803967969507,
                  -0.6175125131248441
                ],
                [
                  -0.06510803967969507,
                  4.731349483127501,
                  -1.0695314408736945
                ],
                [
                  -0.6175125131248441,
                  -1.0695314408736945,
                  0.9946923092226342
                ]
              ],
              "params": [
                "log_kappa",
                "log_kdeg",
                "log_fmod_0"
              ]
            },
            "ndata": 7,
            "nfree": 4,
            "r2": 0.26807513079047773,
            "reduced_chisq": 1.3255392551735635e-06,
            "status": "completed",
            "success": true,
            "time_max": 34890.0,
            "time_min": 0.0
          },
          "nt_id": 573,
          "params": {
            "fmod0": 0.0010600727970200888,
            "kdeg": 0.00015686946971269294,
            "kobs": 0.0014827230231710055,
            "log_fmod0": -6.8494176967822336,
            "log_fmod0_err": 0.9973426237871488,
            "log_kdeg": -8.760096501527077,
            "log_kdeg_err": 2.1751665414692964,
            "log_kobs": -6.513875001192093,
            "log_kobs_err": 0.827542460398042,
            "metadata": {
              "base": "U",
              "fmod_run_ids": [
                345,
                346,
                347,
                348,
                349,
                350,
                351
              ],
              "site": 120,
              "valtype": "modrate"
            }
          },
          "valtype": "modrate"
        },
        {
          "diagnostics": {
            "chisq": 4.022705169218157e-06,
            "covariance": {
              "matrix": [
                [
                  0.314432356892053,
                  -0.10611688901623126,
                  -0.35697424082179263
                ],
                [
                  -0.10611688901623126,
                  2.323445793452415,
                  -0.7256690934103304
                ],
                [
                  -0.35697424082179263,
                  -0.7256690934103304,
                  0.8716681336096049
                ]
              ],
              "params": [
                "log_kappa",
                "log_kdeg",
                "log_fmod_0"
              ]
            },
            "ndata": 7,
            "nfree": 4,
            "r2": 0.44725445894596116,
            "reduced_chisq": 1.0056762923045392e-06,
            "status": "completed",
            "success": true,
            "time_max": 34890.0,
            "time_min": 0.0
          },
          "nt_id": 574,
          "params": {
            "fmod0": 0.000967651780543228,
            "kdeg": 0.00013346894127333893,
            "kobs": 0.001929396883010102,
            "log_fmod0": -6.940638266250131,
            "log_fmod0_err": 0.933631690555545,
            "log_kdeg": -8.921641756829006,
            "log_kdeg_err": 1.524285338593931,
            "log_kobs": -6.2505478207520335,
            "log_kobs_err": 0.5607426833156658,
            "metadata": {
              "base": "C",
              "fmod_run_ids": [
                345,
                346,
                347,
                348,
                349,
                350,
                351
              ],
              "site": 121,
              "valtype": "modrate"
            }
          },
          "valtype": "modrate"
        },
        {
          "diagnostics": {
            "chisq": 3.939998426465809e-06,
            "covariance": {
              "matrix": [
                [
                  0.002028749071848752,
                  0.0004383602540395792,
                  -0.06725502723044936
                ],
                [
                  0.0004383602540395792,
                  0.012662802827098944,
                  -0.07951898541823581
                ],
                [
                  -0.06725502723044936,
                  -0.07951898541823581,
                  3.0194053354058776
                ]
              ],
              "params": [
                "log_kappa",
                "log_kdeg",
                "log_fmod_0"
              ]
            },
            "ndata": 7,
            "nfree": 4,
            "r2": 0.9922111549063107,
            "reduced_chisq": 9.849996066164523e-07,
            "status": "completed",
            "success": true,
            "time_max": 34890.0,
            "time_min": 0.0
          },
          "nt_id": 575,
          "params": {
            "fmod0": 0.0005568261611296559,
            "kdeg": 0.00028353233471763726,
            "kobs": 0.024398559130103876,
            "log_fmod0": -7.493257465260358,
            "log_fmod0_err": 1.737643615764141,
            "log_kdeg": -8.168184385858893,
            "log_kdeg_err": 0.11252911990724421,
            "log_kobs": -3.7132312004715446,
            "log_kobs_err": 0.04504163709112661,
            "metadata": {
              "base": "A",
              "fmod_run_ids": [
                345,
                346,
                347,
                348,
                349,
                350,
                351
              ],
              "site": 122,
              "valtype": "modrate"
            }
          },
          "valtype": "modrate"
        },
        {
          "diagnostics": {
            "chisq": 5.104058691432123e-06,
            "covariance": {
              "matrix": [
                [
                  0.09696260172191039,
                  0.01599315921877625,
                  -0.6370518596308503
                ],
                [
                  0.01599315921877625,
                  0.615291377605154,
                  -0.8687693988296898
                ],
                [
                  -0.6370518596308503,
                  -0.8687693988296898,
                  6.094201966762444
                ]
              ],
              "params": [
                "log_kappa",
                "log_kdeg",
                "log_fmod_0"
              ]
            },
            "ndata": 7,
            "nfree": 4,
            "r2": 0.7222257920087153,
            "reduced_chisq": 1.2760146728580308e-06,
            "status": "completed",
            "success": true,
            "time_max": 34890.0,
            "time_min": 0.0
          },
          "nt_id": 576,
          "params": {
            "fmod0": 0.0004365528303016858,
            "kdeg": 0.00022209683453101045,
            "kobs": 0.0038943007992337225,
            "log_fmod0": -7.73660115838937,
            "log_fmod0_err": 2.468643750475642,
            "log_kdeg": -8.41239707961476,
            "log_kdeg_err": 0.784405110644464,
            "log_kobs": -5.548241128165559,
            "log_kobs_err": 0.311388184942702,
            "metadata": {
              "base": "A",
              "fmod_run_ids": [
                345,
                346,
                347,
                348,
                349,
                350,
                351
              ],
              "site": 123,
              "valtype": "modrate"
            }
          },
          "valtype": "modrate"
        },
        {
          "diagnostics": {
            "chisq": 2.8777616542854304e-06,
            "covariance": {
              "matrix": [
                [
                  0.016716128981800357,
                  -0.0018901351057179984,
                  -0.05935504512918026
                ],
                [
                  -0.0018901351057179984,
                  0.11553777560183452,
                  -0.10362473083893521
                ],
                [
                  -0.05935504512918026,
                  -0.10362473083893521,
                  0.38102142874877126
                ]
              ],
              "params": [
                "log_kappa",
                "log_kdeg",
                "log_fmod_0"
              ]
            },
            "ndata": 7,
            "nfree": 4,
            "r2": 0.9378667059208778,
            "reduced_chisq": 7.194404135713576e-07,
