{
  "artifacts": {},
  "engine": "python_baseline",
  "engine_version": "0.1.0",
  "metadata": {
    "analyst": "demo_user",
    "buffer_pH": 6.5,
    "fmod_run_id": 847,
    "notes": "Baseline python engine demo using examples/nerd.sqlite",
    "rg_id": 29,
    "rg_label": "75_2_A8C",
    "rounds_requested": [
      "round1_free",
      "round2_global",
      "round3_constrained"
    ],
    "temperature_c": 75.0,
    "valtypes": [
      "modrate",
      "GAmodrate"
    ]
  },
  "rounds": [
    {
      "global_params": {},
      "notes": null,
      "per_nt": [
        {
          "diagnostics": {
            "reason": "Non-zero fmod values are required for a fit.",
            "status": "failed"
          },
          "nt_id": 470,
          "params": {},
          "valtype": "modrate"
        },
        {
          "diagnostics": {
            "reason": "Non-zero fmod values are required for a fit.",
            "status": "failed"
          },
          "nt_id": 471,
          "params": {},
          "valtype": "modrate"
        },
        {
          "diagnostics": {
            "reason": "Non-zero fmod values are required for a fit.",
            "status": "failed"
          },
          "nt_id": 472,
          "params": {},
          "valtype": "modrate"
        },
        {
          "diagnostics": {
            "reason": "Non-zero fmod values are required for a fit.",
            "status": "failed"
          },
          "nt_id": 473,
          "params": {},
          "valtype": "modrate"
        },
        {
          "diagnostics": {
            "chisq": 6.694297571641298e-08,
            "covariance": {
              "matrix": [
                [
                  0.02529530007612975,
                  0.0044638982994797075,
                  -0.023861652834814204
                ],
                [
                  0.0044638982994797075,
                  0.14313702848778245,
                  -0.028349837560126958
                ],
                [
                  -0.023861652834814204,
                  -0.028349837560126958,
                  0.03126373961715906
                ]
              ],
              "params": [
                "log_kappa",
                "log_kdeg",
                "log_fmod_0"
              ]
            },
            "ndata": 7,
            "nfree": 4,
            "r2": 0.9086461543891116,
            "reduced_chisq": 1.6735743929103246e-08,
            "status": "completed",
            "success": true,
            "time_max": 200.0,
            "time_min": 0.0
          },
          "nt_id": 474,
          "params": {
            "fmod0": 0.0007161588336660666,
            "kdeg": 0.0449721006536866,
            "kobs": 0.0008906981075566275,
            "log_fmod0": -7.2416085808761705,
            "log_fmod0_err": 0.17681555253189427,
            "log_kdeg": -3.1017129669559163,
            "log_kdeg_err": 0.3783345457234674,
            "log_kobs": -7.023505012198487,
            "log_kobs_err": 0.15904496243556332,
            "metadata": {
              "base": "U",
              "fmod_run_ids": [
                842,
                843,
                844,
                845,
                846,
                847,
                848
              ],
              "site": 5,
              "valtype": "modrate"
            }
          },
          "valtype": "modrate"
        },
        {
          "diagnostics": {
            "chisq": 1.3387941323291308e-08,
            "covariance": {
              "matrix": [
                [
                  0.004897456955214834,
                  -0.0019888170249411762,
                  -0.008212266658043955
                ],
                [
                  -0.0019888170249411762,
                  0.03520135405890297,
                  -0.01799788314104009
                ],
                [
                  -0.008212266658043955,
                  -0.01799788314104009,
                  0.03266595602705451
                ]
              ],
              "params": [
                "log_kappa",
                "log_kdeg",
                "log_fmod_0"
              ]
            },
            "ndata": 7,
            "nfree": 4,
            "r2": 0.9812351599685718,
            "reduced_chisq": 3.346985330822827e-09,
            "status": "completed",
            "success": true,
            "time_max": 200.0,
            "time_min": 0.0
          },
          "nt_id": 475,
          "params": {
            "fmod0": 0.00029055251646200263,
            "kdeg": 0.02187455604451312,
            "kobs": 0.000912510631889503,
            "log_fmod0": -8.143726218451574,
            "log_fmod0_err": 0.18073725688704725,
            "log_kdeg": -3.822431142052379,
            "log_kdeg_err": 0.1876202389373358,
            "log_kobs": -6.999310821189748,
            "log_kobs_err": 0.06998183303697349,
            "metadata": {
              "base": "G",
              "fmod_run_ids": [
                842,
                843,
                844,
                845,
                846,
                847,
                848
              ],
              "site": 6,
              "valtype": "modrate"
            }
          },
          "valtype": "modrate"
        },
        {
          "diagnostics": {
            "chisq": 2.5013077915545254e-06,
            "covariance": {
              "matrix": [
                [
                  0.000885061048740492,
                  4.129276027312528e-05,
                  -0.021352856000155573
                ],
                [
                  4.129276027312528e-05,
                  0.005314761048480652,
                  -0.032122193632071215
                ],
                [
                  -0.021352856000155573,
                  -0.032122193632071215,
                  0.828164196193207
                ]
              ],
              "params": [
                "log_kappa",
                "log_kdeg",
                "log_fmod_0"
              ]
            },
            "ndata": 7,
            "nfree": 4,
            "r2": 0.9965819338826429,
            "reduced_chisq": 6.253269478886314e-07,
            "status": "completed",
            "success": true,
            "time_max": 200.0,
            "time_min": 0.0
          },
          "nt_id": 476,
          "params": {
            "fmod0": 0.000826856814022673,
            "kdeg": 0.03159975711417366,
            "kobs": 0.029685390086499668,
            "log_fmod0": -7.097879016960291,
            "log_fmod0_err": 0.9100352719500531,
            "log_kdeg": -3.4546058446791372,
            "log_kdeg_err": 0.07290240770016208,
            "log_kobs": -3.5171002704834615,
            "log_kobs_err": 0.0297499756090739,
            "metadata": {
              "base": "A",
              "fmod_run_ids": [
                842,
                843,
                844,
                845,
                846,
                847,
                848
              ],
              "site": 7,
              "valtype": "modrate"
            }
          },
          "valtype": "modrate"
        },
        {
          "diagnostics": {
            "chisq": 0.001087617217333327,
            "ndata": 7,
            "nfree": 4,
            "r2": 0.6609782427039832,
            "reduced_chisq": 0.00027190430433333176,
            "status": "completed",
            "success": true,
            "time_max": 200.0,
            "time_min": 0.0
          },
          "nt_id": 477,
          "params": {
            "fmod0": 0.016326000000002144,
            "kdeg": 2.348063495383816,
            "kobs": 0.05101789371730553,
            "log_fmod0": -4.1149963499528415,
            "log_kdeg": 0.8535909439272213,
            "log_kobs": -2.975578850591737,
            "metadata": {
              "base": "C",
              "fmod_run_ids": [
                842,
                843,
                844,
                845,
                846,
                847,
                848
              ],
              "site": 8,
              "valtype": "modrate"
            }
          },
          "valtype": "modrate"
        },
        {
          "diagnostics": {
            "chisq": 1.666641580629472e-06,
            "covariance": {
              "matrix": [
                [
                  0.0007608421730581698,
                  1.3106955913022491e-05,
                  -0.012671106756529419
                ],
                [
                  1.3106955913022491e-05,
                  0.004653214282228219,
                  -0.01976527817831649
                ],
                [
                  -0.012671106756529419,
                  -0.01976527817831649,
                  0.34867302348185153
                ]
              ],
              "params": [
                "log_kappa",
                "log_kdeg",
                "log_fmod_0"
              ]
            },
            "ndata": 7,
            "nfree": 4,
            "r2": 0.997047893543085,
            "reduced_chisq": 4.16660395157368e-07,
            "status": "completed",
            "success": true,
            "time_max": 200.0,
            "time_min": 0.0
          },
          "nt_id": 478,
          "params": {
            "fmod0": 0.0010352774014913116,
            "kdeg": 0.030306192764952333,
            "kobs": 0.02602214250847922,
            "log_fmod0": -6.873085867411401,
            "log_fmod0_err": 0.5904854134369888,
            "log_kdeg": -3.496403205668309,
            "log_kdeg_err": 0.06821447267426627,
            "log_kobs": -3.648807468454423,
            "log_kobs_err": 0.027583367688847744,
            "metadata": {
              "base": "C",
              "fmod_run_ids": [
                842,
                843,
                844,
                845,
                846,
                847,
                848
              ],
              "site": 9,
              "valtype": "modrate"
            }
          },
          "valtype": "modrate"
        },
        {
          "diagnostics": {
            "chisq": 1.3197907986836558e-08,
            "covariance": {
              "matrix": [
                [
                  0.021324536350415233,
                  0.003778941439476616,
                  -0.0105594485198634
                ],
                [
                  0.003778941439476616,
                  0.12009199916464708,
                  -0.01205539635108634
                ],
                [
                  -0.0105594485198634,
                  -0.01205539635108634,
                  0.007157891507123618
                ]
              ],
              "params": [
                "log_kappa",
                "log_kdeg",
                "log_fmod_0"
              ]
            },
            "ndata": 7,
            "nfree": 4,
            "r2": 0.9218371553116383,
            "reduced_chisq": 3.2994769967091394e-09,
            "status": "completed",
            "success": true,
            "time_max": 200.0,
            "time_min": 0.0
          },
          "nt_id": 479,
          "params": {
            "fmod0": 0.0006666232586684755,
            "kdeg": 0.04749425526053585,
            "kobs": 0.0004312803245416727,
            "log_fmod0": -7.313285501207466,
            "log_fmod0_err": 0.08460432321769153,
            "log_kdeg": -3.0471465171390566,
            "log_kdeg_err": 0.3465429254286503,
            "log_kobs": -7.748752274313092,
            "log_kobs_err": 0.14602923115053107,
            "metadata": {
              "base": "U",
              "fmod_run_ids": [
                842,
                843,
                844,
                845,
                846,
                847,
                848
              ],
              "site": 10,
              "valtype": "modrate"
            }
          },
          "valtype": "modrate"
        },
        {
          "diagnostics": {
            "chisq": 3.175750489268045e-09,
            "covariance": {
              "matrix": [
                [
                  0.002483201339283245,
                  0.0003150930906590848,
                  -0.0013937414999275683
                ],
                [
                  0.0003150930906590848,
                  0.014416453204759294,
                  -0.001285424998767461
                ],
                [
                  -0.0013937414999275683,
                  -0.001285424998767461,
                  0.0010148760393888956
                ]
              ],
              "params": [
                "log_kappa",
                "log_kdeg",
                "log_fmod_0"
              ]
            },
            "ndata": 7,
            "nfree": 4,
            "r2": 0.9901974365354633,
            "reduced_chisq": 7.939376223170113e-10,
            "status": "completed",
            "success": true,
            "time_max": 200.0,
            "time_min": 0.0
          },
          "nt_id": 480,
          "params": {
            "fmod0": 0.0008779640725955236,
            "kdeg": 0.06297142906287968,
            "kobs": 0.0006241283050486158,
            "log_fmod0": -7.0379048847614625,
            "log_fmod0_err": 0.03185711913197575,
            "log_kdeg": -2.765074162394395,
            "log_kdeg_err": 0.12006853544854827,
            "log_kobs": -7.3791545936660485,
            "log_kobs_err": 0.049831730245730434,
            "metadata": {
              "base": "U",
              "fmod_run_ids": [
                842,
                843,
                844,
                845,
                846,
                847,
                848
              ],
              "site": 11,
              "valtype": "modrate"
            }
          },
          "valtype": "modrate"
        },
        {
          "diagnostics": {
            "chisq": 5.5519433480398715e-09,
            "covariance": {
              "matrix": [
                [
                  0.0017646940905273515,
                  0.0002766294935065404,
                  -0.0014523999942492292
                ],
                [
                  0.0002766294935065404,
                  0.009980443025837853,
                  -0.0014629652032551147
                ],
                [
                  -0.0014523999942492292,
                  -0.0014629652032551147,
                  0.0015795620337108172
                ]
              ],
              "params": [
                "log_kappa",
                "log_kdeg",
                "log_fmod_0"
              ]
            },
            "ndata": 7,
            "nfree": 4,
            "r2": 0.9930274717552171,
            "reduced_chisq": 1.3879858370099679e-09,
            "status": "completed",
            "success": true,
            "time_max": 200.0,
            "time_min": 0.0
          },
          "nt_id": 481,
          "params": {
            "fmod0": 0.0009271917124704604,
            "kdeg": 0.056084241819125885,
            "kobs": 0.000977214928912201,
            "log_fmod0": -6.983350204211573,
            "log_fmod0_err": 0.03974370432799159,
            "log_kdeg": -2.8809004004014676,
            "log_kdeg_err": 0.09990216727297688,
            "log_kobs": -6.930803941464268,
            "log_kobs_err": 0.04200826216980835,
            "metadata": {
              "base": "U",
              "fmod_run_ids": [
                842,
                843,
                844,
                845,
                846,
                847,
                848
              ],
              "site": 12,
              "valtype": "modrate"
            }
          },
          "valtype": "modrate"
        },
        {
          "diagnostics": {
            "chisq": 1.4044799999999994e-07,
            "ndata": 7,
            "nfree": 4,
            "r2": 0.8263400261778718,
            "reduced_chisq": 3.5111999999999984e-08,
            "status": "completed",
            "success": true,
            "time_max": 200.0,
            "time_min": 0.0
          },
          "nt_id": 482,
          "params": {
            "fmod0": 0.00047500000003451845,
            "kdeg": 2.232279786180531,
            "kobs": 0.0008833900741410449,
            "log_fmod0": -7.6521957538569625,
            "log_kdeg": 0.8030233888945508,
            "log_kobs": -7.031743694838433,
            "metadata": {
              "base": "U",
              "fmod_run_ids": [
                842,
                843,
                844,
                845,
                846,
                847,
                848
              ],
              "site": 13,
              "valtype": "modrate"
            }
          },
          "valtype": "modrate"
        },
        {
          "diagnostics": {
            "chisq": 1.9421056850979992e-08,
            "covariance": {
              "matrix": [
                [
                  0.05651784795098315,
                  -0.10471313006564165,
                  -0.0063001337195271005
                ],
                [
                  -0.10471313006564165,
                  0.4049131335034985,
                  -0.10355910013097538
                ],
                [
                  -0.0063001337195271005,
                  -0.10355910013097538,
                  0.07975842800332862
                ]
              ],
              "params": [
                "log_kappa",
                "log_kdeg",
                "log_fmod_0"
              ]
            },
            "ndata": 7,
            "nfree": 4,
            "r2": 0.8946870779409091,
            "reduced_chisq": 4.855264212744998e-09,
            "status": "completed",
            "success": true,
            "time_max": 200.0,
            "time_min": 0.0
          },
          "nt_id": 483,
          "params": {
            "fmod0": 0.0002075725326916715,
            "kdeg": 0.011856923841566355,
            "kobs": 0.0004853575992554875,
            "log_fmod0": -8.4800297242331,
            "log_fmod0_err": 0.28241534661439455,
            "log_kdeg": -4.434843291604646,
            "log_kdeg_err": 0.636327850642653,
            "log_kobs": -7.630624620659657,
            "log_kobs_err": 0.2377348269626963,
            "metadata": {
              "base": "G",
              "fmod_run_ids": [
                842,
                843,
                844,
                845,
                846,
                847,
                848
              ],
              "site": 14,
              "valtype": "modrate"
            }
          },
          "valtype": "modrate"
        },
        {
          "diagnostics": {
            "chisq": 1.5406895134211262e-06,
            "covariance": {
              "matrix": [
                [
                  0.0005042630366414889,
                  4.271071424263604e-05,
                  -0.015063750919631028
                ],
                [
                  4.271071424263604e-05,
                  0.0029619397199602032,
                  -0.02155523672703158
                ],
                [
                  -0.015063750919631028,
                  -0.02155523672703158,
                  0.6976350922874132
                ]
              ],
              "params": [
                "log_kappa",
                "log_kdeg",
                "log_fmod_0"
              ]
            },
            "ndata": 7,
            "nfree": 4,
            "r2": 0.9980540242618319,
            "reduced_chisq": 3.8517237835528156e-07,
            "status": "completed",
            "success": true,
            "time_max": 200.0,
            "time_min": 0.0
          },
          "nt_id": 484,
          "params": {
            "fmod0": 0.0007116987735448864,
            "kdeg": 0.03368201548455327,
            "kobs": 0.030945297308584727,
            "log_fmod0": -7.2478558069359496,
            "log_fmod0_err": 0.8352455281457143,
            "log_kdeg": -3.3907912492205354,
            "log_kdeg_err": 0.054423705496412164,
            "log_kobs": -3.4755342361916357,
            "log_kobs_err": 0.02245580184810796,
            "metadata": {
              "base": "A",
              "fmod_run_ids": [
                842,
                843,
                844,
                845,
                846,
                847,
                848
              ],
              "site": 15,
              "valtype": "modrate"
            }
          },
          "valtype": "modrate"
        },
        {
          "diagnostics": {
            "chisq": 1.0120884408274216e-06,
            "covariance": {
              "matrix": [
                [
                  0.0004796891457415976,
                  1.3699587846724317e-05,
                  -0.010699013131128594
                ],
                [
                  1.3699587846724317e-05,
                  0.002919612148657227,
                  -0.01650231315704108
                ],
                [
                  -0.010699013131128594,
                  -0.01650231315704108,
                  0.3904914353929009
                ]
              ],
              "params": [
                "log_kappa",
                "log_kdeg",
                "log_fmod_0"
              ]
            },
            "ndata": 7,
            "nfree": 4,
            "r2": 0.9981359527940639,
            "reduced_chisq": 2.530221102068554e-07,
            "status": "completed",
            "success": true,
            "time_max": 200.0,
            "time_min": 0.0
          },
          "nt_id": 485,
          "params": {
            "fmod0": 0.0007635457694190874,
            "kdeg": 0.03075269707998648,
            "kobs": 0.02552846647839098,
            "log_fmod0": -7.17753748825349,
            "log_fmod0_err": 0.6248931391789326,
            "log_kdeg": -3.4817775786576406,
            "log_kdeg_err": 0.05403343546969068,
            "log_kobs": -3.6679611169676094,
            "log_kobs_err": 0.021901806905860476,
            "metadata": {
              "base": "A",
              "fmod_run_ids": [
                842,
                843,
                844,
                845,
                846,
                847,
                848
              ],
              "site": 16,
              "valtype": "modrate"
            }
          },
          "valtype": "modrate"
        },
        {
          "diagnostics": {
            "chisq": 1.778500074723613e-08,
            "covariance": {
              "matrix": [
                [
                  0.004867141822618031,
                  0.0008500350821962711,
                  -0.007210521742011014
                ],
                [
                  0.0008500350821962711,
                  0.02734248847160973,
                  -0.007969618098771052
                ],
                [
                  -0.007210521742011014,
                  -0.007969618098771052,
                  0.014473091104790309
                ]
              ],
              "params": [
                "log_kappa",
                "log_kdeg",
                "log_fmod_0"
              ]
            },
            "ndata": 7,
            "nfree": 4,
            "r2": 0.9810240583088309,
            "reduced_chisq": 4.446250186809033e-09,
            "status": "completed",
            "success": true,
            "time_max": 200.0,
            "time_min": 0.0
          },
          "nt_id": 486,
          "params": {
            "fmod0": 0.0005454056506232016,
            "kdeg": 0.04956931159767907,
            "kobs": 0.0010499527748211728,
            "log_fmod0": -7.513980727094535,
            "log_fmod0_err": 0.12030416079583577,
            "log_kdeg": -3.004383354524822,
            "log_kdeg_err": 0.16535564239423378,
            "log_kobs": -6.85901009218496,
            "log_kobs_err": 0.06976490394616788,
            "metadata": {
              "base": "U",
              "fmod_run_ids": [
                842,
                843,
                844,
                845,
                846,
                847,
                848
              ],
              "site": 17,
              "valtype": "modrate"
            }
          },
          "valtype": "modrate"
        },
        {
          "diagnostics": {
            "chisq": 1.3808840009007016e-06,
            "covariance": {
              "matrix": [
                [
                  0.0006137051522079273,
                  1.0405716529102303e-05,
                  -0.012197503522613848
                ],
                [
                  1.0405716529102303e-05,
                  0.0037523573622626123,
                  -0.019023953496840308
                ],
                [
                  -0.012197503522613848,
                  -0.019023953496840308,
                  0.40059715061956125
                ]
              ],
              "params": [
                "log_kappa",
                "log_kdeg",
                "log_fmod_0"
              ]
            },
            "ndata": 7,
            "nfree": 4,
            "r2": 0.9976183091042257,
            "reduced_chisq": 3.452210002251754e-07,
            "status": "completed",
            "success": true,
            "time_max": 200.0,
            "time_min": 0.0
          },
          "nt_id": 487,
          "params": {
            "fmod0": 0.0008791597708802002,
            "kdeg": 0.0302995134142517,
            "kobs": 0.026383533321656882,
            "log_fmod0": -7.03654391242741,
            "log_fmod0_err": 0.6329274449884136,
            "log_kdeg": -3.496623625531347,
            "log_kdeg_err": 0.06125648832787113,
            "log_kobs": -3.6350152012512513,
            "log_kobs_err": 0.024773073128054327,
            "metadata": {
              "base": "A",
              "fmod_run_ids": [
                842,
                843,
                844,
                845,
                846,
                847,
                848
              ],
              "site": 18,
              "valtype": "modrate"
            }
          },
          "valtype": "modrate"
        },
        {
          "diagnostics": {
            "chisq": 1.4851326431173668e-08,
            "covariance": {
              "matrix": [
                [
                  0.01546271941595898,
                  -0.002689614716594069,
                  -0.00916425528921908
                ],
                [
                  -0.002689614716594069,
                  0.10436845345824555,
                  -0.017181157823507345
                ],
                [
                  -0.00916425528921908,
                  -0.017181157823507345,
                  0.010593930755781892
                ]
              ],
              "params": [
                "log_kappa",
                "log_kdeg",
                "log_fmod_0"
              ]
            },
            "ndata": 7,
            "nfree": 4,
            "r2": 0.9420243408997689,
            "reduced_chisq": 3.712831607793417e-09,
            "status": "completed",
            "success": true,
            "time_max": 200.0,
            "time_min": 0.0
          },
          "nt_id": 488,
          "params": {
            "fmod0": 0.0005474192494004389,
            "kdeg": 0.025212809660943913,
            "kobs": 0.0005325628266118132,
            "log_fmod0": -7.510295596830854,
            "log_fmod0_err": 0.10292682233403444,
            "log_kdeg": -3.6804030937368175,
            "log_kdeg_err": 0.32306106769192344,
            "log_kobs": -7.5378096830927515,
            "log_kobs_err": 0.12434918341492629,
            "metadata": {
              "base": "G",
              "fmod_run_ids": [
                842,
                843,
                844,
                845,
                846,
                847,
                848
              ],
              "site": 19,
              "valtype": "modrate"
            }
          },
          "valtype": "modrate"
        },
        {
          "diagnostics": {
            "chisq": 3.808913888729058e-08,
            "covariance": {
              "matrix": [
                [
                  0.010919571703897594,
                  0.0007678174736734857,
                  -0.009698093863467816
                ],
                [
                  0.0007678174736734857,
                  0.06687161919485649,
                  -0.014702915016864338
                ],
                [
                  -0.009698093863467816,
                  -0.014702915016864338,
                  0.013716075179708843
                ]
              ],
              "params": [
                "log_kappa",
                "log_kdeg",
                "log_fmod_0"
              ]
            },
            "ndata": 7,
            "nfree": 4,
            "r2": 0.9582220076248112,
            "reduced_chisq": 9.522284721822645e-09,
            "status": "completed",
            "success": true,
            "time_max": 200.0,
            "time_min": 0.0
          },
          "nt_id": 489,
          "params": {
            "fmod0": 0.000793437269925963,
            "kdeg": 0.03230113638014912,
            "kobs": 0.0010122067475302338,
            "log_fmod0": -7.139136076036535,
            "log_fmod0_err": 0.11711564873964897,
            "log_kdeg": -3.4326528673244394,
            "log_kdeg_err": 0.25859547404170957,
            "log_kobs": -6.895622433003953,
            "log_kobs_err": 0.10449675451370533,
            "metadata": {
              "base": "U",
              "fmod_run_ids": [
                842,
                843,
                844,
                845,
                846,
                847,
                848
              ],
              "site": 20,
              "valtype": "modrate"
            }
          },
          "valtype": "modrate"
        },
        {
          "diagnostics": {
            "chisq": 8.636804778251395e-08,
            "covariance": {
              "matrix": [
                [
                  0.02722721795183329,
                  -0.0180483246626382,
                  -0.017405529618742834
                ],
                [
                  -0.0180483246626382,
                  0.2056960017164591,
                  -0.045061093283994706
                ],
                [
                  -0.017405529618742834,
                  -0.045061093283994706,
                  0.03369211352400209
                ]
              ],
              "params": [
                "log_kappa",
                "log_kdeg",
                "log_fmod_0"
              ]
            },
            "ndata": 7,
            "nfree": 4,
            "r2": 0.9070490604488268,
            "reduced_chisq": 2.1592011945628488e-08,
            "status": "completed",
            "success": true,
            "time_max": 200.0,
            "time_min": 0.0
          },
          "nt_id": 490,
          "params": {
            "fmod0": 0.0007152016958546688,
            "kdeg": 0.019406000619244666,
            "kobs": 0.0010099054148883359,
            "log_fmod0": -7.242945962946331,
            "log_fmod0_err": 0.1835541160639066,
            "log_kdeg": -3.942172950469071,
            "log_kdeg_err": 0.45353721095017013,
            "log_kobs": -6.897898601139685,
            "log_kobs_err": 0.16500672092928,
            "metadata": {
              "base": "G",
              "fmod_run_ids": [
                842,
                843,
                844,
                845,
                846,
                847,
                848
              ],
              "site": 21,
              "valtype": "modrate"
            }
          },
          "valtype": "modrate"
        },
        {
          "diagnostics": {
            "chisq": 3.153738591433704e-06,
            "covariance": {
              "matrix": [
                [
                  0.0010063112467909472,
                  6.377299512203353e-05,
                  -0.017034311261297046
                ],
                [
                  6.377299512203353e-05,
                  0.005979298085510195,
                  -0.025064382159925114
                ],
                [
                  -0.017034311261297046,
                  -0.025064382159925114,
                  0.4561783922394739
                ]
              ],
              "params": [
                "log_kappa",
                "log_kdeg",
                "log_fmod_0"
              ]
            },
            "ndata": 7,
            "nfree": 4,
            "r2": 0.9961234982228908,
            "reduced_chisq": 7.88434647858426e-07,
            "status": "completed",
            "success": true,
            "time_max": 200.0,
            "time_min": 0.0
          },
          "nt_id": 491,
          "params": {
            "fmod0": 0.0012545875274171702,
            "kdeg": 0.03245653817539084,
            "kobs": 0.031328663680724206,
            "log_fmod0": -6.6809484238326595,
            "log_fmod0_err": 0.6754097957828816,
            "log_kdeg": -3.427853371523611,
            "log_kdeg_err": 0.077325921174663,
            "log_kobs": -3.463221827952784,
            "log_kobs_err": 0.03172240922110027,
            "metadata": {
              "base": "A",
              "fmod_run_ids": [
                842,
                843,
                844,
                845,
                846,
                847,
                848
              ],
              "site": 22,
              "valtype": "modrate"
            }
          },
          "valtype": "modrate"
        },
        {
          "diagnostics": {
            "chisq": 4.819091905144705e-08,
            "covariance": {
              "matrix": [
                [
                  0.021952738974804986,
                  -0.002807857769157037,
                  -0.011246969006661308
                ],
                [
                  -0.002807857769157037,
                  0.19654950768623944,
                  -0.006848137573223808
                ],
                [
                  -0.011246969006661308,
                  -0.006848137573223808,
                  0.007132415772716808
                ]
              ],
              "params": [
                "log_kappa",
                "log_kdeg",
                "log_fmod_0"
              ]
            },
            "ndata": 7,
            "nfree": 4,
            "r2": 0.9194683543716036,
            "reduced_chisq": 1.2047729762861762e-08,
            "status": "completed",
            "success": true,
            "time_max": 200.0,
            "time_min": 0.0
          },
          "nt_id": 492,
          "params": {
            "fmod0": 0.0012987615468343357,
            "kdeg": 0.10578959801611615,
            "kobs": 0.0008189723125200287,
            "log_fmod0": -6.646344124861323,
            "log_fmod0_err": 0.08445363090309858,
            "log_kdeg": -2.246303081819427,
            "log_kdeg_err": 0.4433390437196339,
            "log_kobs": -7.107460281129507,
            "log_kobs_err": 0.14816456720419016,
            "metadata": {
              "base": "U",
              "fmod_run_ids": [
                842,
                843,
                844,
                845,
                846,
                847,
                848
              ],
              "site": 23,
              "valtype": "modrate"
            }
          },
          "valtype": "modrate"
        },
        {
          "diagnostics": {
            "chisq": 2.8441170195118987e-08,
            "covariance": {
              "matrix": [
                [
                  0.0074043275193203485,
                  0.0012932415644093882,
                  -0.006356788458170509
                ],
                [
                  0.0012932415644093882,
                  0.04159521586859725,
                  -0.0070276188162135215
                ],
                [
                  -0.006356788458170509,
                  -0.0070276188162135215,
                  0.007394780425915107
                ]
              ],
              "params": [
                "log_kappa",
                "log_kdeg",
                "log_fmod_0"
              ]
            },
            "ndata": 7,
            "nfree": 4,
            "r2": 0.9714157287762001,
            "reduced_chisq": 7.110292548779747e-09,
            "status": "completed",
            "success": true,
            "time_max": 200.0,
            "time_min": 0.0
          },
          "nt_id": 493,
          "params": {
            "fmod0": 0.0009648960443174778,
            "kdeg": 0.04955202108296526,
            "kobs": 0.0010765108229328277,
            "log_fmod0": -6.943490188524039,
            "log_fmod0_err": 0.0859929091606692,
            "log_kdeg": -3.0047322302798505,
            "log_kdeg_err": 0.20394905213949205,
            "log_kobs": -6.834030187394485,
            "log_kobs_err": 0.08604840218923503,
            "metadata": {
              "base": "U",
              "fmod_run_ids": [
                842,
                843,
                844,
                845,
                846,
                847,
                848
              ],
              "site": 24,
              "valtype": "modrate"
            }
          },
          "valtype": "modrate"
        },
        {
          "diagnostics": {
            "chisq": 5.548493442383073e-06,
            "covariance": {
              "matrix": [
                [
                  0.0010335818823572025,
                  2.9335097744818142e-05,
                  -0.016979891134267972
                ],
                [
                  2.9335097744818142e-05,
                  0.0061833146849860545,
                  -0.02570720194340387
                ],
                [
                  -0.016979891134267972,
                  -0.02570720194340387,
                  0.4536712099882131
                ]
              ],
              "params": [
                "log_kappa",
                "log_kdeg",
                "log_fmod_0"
              ]
            },
            "ndata": 7,
            "nfree": 4,
            "r2": 0.9960586829361912,
            "reduced_chisq": 1.3871233605957683e-06,
            "status": "completed",
            "success": true,
            "time_max": 200.0,
            "time_min": 0.0
          },
          "nt_id": 494,
          "params": {
            "fmod0": 0.0016612408855980376,
            "kdeg": 0.03093985411805496,
            "kobs": 0.04141091345352437,
            "log_fmod0": -6.400190434424082,
            "log_fmod0_err": 0.6735511932943279,
            "log_kdeg": -3.475710148843324,
            "log_kdeg_err": 0.0786340555038722,
            "log_kobs": -3.184210822901365,
            "log_kobs_err": 0.0321493683041705,
            "metadata": {
              "base": "C",
              "fmod_run_ids": [
                842,
                843,
                844,
                845,
                846,
                847,
                848
              ],
              "site": 25,
              "valtype": "modrate"
            }
          },
          "valtype": "modrate"
        },
        {
          "diagnostics": {
            "chisq": 2.0115545165812375e-06,
            "covariance": {
              "matrix": [
                [
                  0.0005961363814511483,
                  2.0554055166120993e-05,
                  -0.017005818357465036
                ],
                [
                  2.0554055166120993e-05,
                  0.00359042299222293,
                  -0.025847427908962994
                ],
                [
                  -0.017005818357465036,
                  -0.025847427908962994,
                  0.7875167262940319
                ]
              ],
              "params": [
                "log_kappa",
                "log_kdeg",
                "log_fmod_0"
              ]
            },
            "ndata": 7,
