{
  "artifacts": {},
  "engine": "python_baseline",
  "engine_version": "0.1.0",
  "metadata": {
    "analyst": "demo_user",
    "buffer_pH": 6.5,
    "fmod_run_id": 607,
    "notes": "Baseline python engine demo using examples/nerd.sqlite",
    "rg_id": 44,
    "rg_label": "65_2",
    "rounds_requested": [
      "round1_free",
      "round2_global",
      "round3_constrained"
    ],
    "temperature_c": 65.0,
    "valtypes": [
      "modrate",
      "GAmodrate"
    ]
  },
  "rounds": [
    {
      "global_params": {},
      "notes": null,
      "per_nt": [
        {
          "diagnostics": {
            "reason": "Non-zero fmod values are required for a fit.",
            "status": "failed"
          },
          "nt_id": 390,
          "params": {},
          "valtype": "modrate"
        },
        {
          "diagnostics": {
            "reason": "Non-zero fmod values are required for a fit.",
            "status": "failed"
          },
          "nt_id": 391,
          "params": {},
          "valtype": "modrate"
        },
        {
          "diagnostics": {
            "reason": "Non-zero fmod values are required for a fit.",
            "status": "failed"
          },
          "nt_id": 392,
          "params": {},
          "valtype": "modrate"
        },
        {
          "diagnostics": {
            "reason": "Non-zero fmod values are required for a fit.",
            "status": "failed"
          },
          "nt_id": 393,
          "params": {},
          "valtype": "modrate"
        },
        {
          "diagnostics": {
            "chisq": 5.891999775023933e-07,
            "covariance": {
              "matrix": [
                [
                  107.83033186959584,
                  -203.82745866058855,
                  0.5012809269646759
                ],
                [
                  -203.82745866058855,
                  452.3322663111254,
                  -1.9627923448879927
                ],
                [
                  0.5012809269646759,
                  -1.9627923448879927,
                  0.022863360905077904
                ]
              ],
              "params": [
                "log_kappa",
                "log_kdeg",
                "log_fmod_0"
              ]
            },
            "ndata": 7,
            "nfree": 4,
            "r2": 0.015402105623277706,
            "reduced_chisq": 1.4729999437559832e-07,
            "status": "completed",
            "success": true,
            "time_max": 300.0,
            "time_min": 0.0
          },
          "nt_id": 394,
          "params": {
            "fmod0": 0.00201943092813674,
            "kdeg": 0.004912585991850729,
            "kobs": 0.0001378018717531927,
            "log_fmod0": -6.2049395260033915,
            "log_fmod0_err": 0.15120635206590333,
            "log_kdeg": -5.3159547972375245,
            "log_kdeg_err": 21.268104436247377,
            "log_kobs": -8.88969361636236,
            "log_kobs_err": 10.384138475078029,
            "metadata": {
              "base": "U",
              "fmod_run_ids": [
                601,
                602,
                603,
                604,
                605,
                606,
                607
              ],
              "site": 5,
              "valtype": "modrate"
            }
          },
          "valtype": "modrate"
        },
        {
          "diagnostics": {
            "chisq": 1.0035081049349157e-07,
            "covariance": {
              "matrix": [
                [
                  145.56869002133726,
                  -146.11584945232897,
                  -0.17065856931362064
                ],
                [
                  -146.11584945232897,
                  147.52406361772844,
                  0.06516354244556333
                ],
                [
                  -0.17065856931362064,
                  0.06516354244556333,
                  0.024582644109400226
                ]
              ],
              "params": [
                "log_kappa",
                "log_kdeg",
                "log_fmod_0"
              ]
            },
            "ndata": 7,
            "nfree": 4,
            "r2": 0.2281402407096932,
            "reduced_chisq": 2.5087702623372892e-08,
            "status": "completed",
            "success": true,
            "time_max": 300.0,
            "time_min": 0.0
          },
          "nt_id": 395,
          "params": {
            "fmod0": 0.000563938802125567,
            "kdeg": 2.2306875458513328e-14,
            "kobs": 28775449.730604384,
            "log_fmod0": -7.480564819223074,
            "log_fmod0_err": 0.15678853309282612,
            "log_kdeg": -31.433881447439123,
            "log_kdeg_err": 12.145948444552547,
            "log_kobs": 17.175033141663096,
            "log_kobs_err": 12.065185038835388,
            "metadata": {
              "base": "G",
              "fmod_run_ids": [
                601,
                602,
                603,
                604,
                605,
                606,
                607
              ],
              "site": 6,
              "valtype": "modrate"
            }
          },
          "valtype": "modrate"
        },
        {
          "diagnostics": {
            "chisq": 5.061280956471283e-06,
            "covariance": {
              "matrix": [
                [
                  0.0023085111985172,
                  -0.002346091375602089,
                  -0.013398009514194481
                ],
                [
                  -0.002346091375602089,
                  0.016744240517608623,
                  -0.04488111772767946
                ],
                [
                  -0.013398009514194481,
                  -0.04488111772767946,
                  0.39028577950488896
                ]
              ],
              "params": [
                "log_kappa",
                "log_kdeg",
                "log_fmod_0"
              ]
            },
            "ndata": 7,
            "nfree": 4,
            "r2": 0.9923688160902824,
            "reduced_chisq": 1.2653202391178208e-06,
            "status": "completed",
            "success": true,
            "time_max": 300.0,
            "time_min": 0.0
          },
          "nt_id": 396,
          "params": {
            "fmod0": 0.001560433525084433,
            "kdeg": 0.011168648124624045,
            "kobs": 0.02945127808561807,
            "log_fmod0": -6.462791595632788,
            "log_fmod0_err": 0.6247285646621971,
            "log_kdeg": -4.494644700564367,
            "log_kdeg_err": 0.12939953832069348,
            "log_kobs": -3.5250179713332552,
            "log_kobs_err": 0.0480469686714698,
            "metadata": {
              "base": "A",
              "fmod_run_ids": [
                601,
                602,
                603,
                604,
                605,
                606,
                607
              ],
              "site": 7,
              "valtype": "modrate"
            }
          },
          "valtype": "modrate"
        },
        {
          "diagnostics": {
            "chisq": 2.5327586819361197e-06,
            "covariance": {
              "matrix": [
                [
                  0.0015137490031684234,
                  -0.0018827039460467363,
                  -0.004366932622722133
                ],
                [
                  -0.0018827039460467363,
                  0.011151257860207571,
                  -0.018397628426036053
                ],
                [
                  -0.004366932622722133,
                  -0.018397628426036053,
                  0.09563681979306946
                ]
              ],
              "params": [
                "log_kappa",
                "log_kdeg",
                "log_fmod_0"
              ]
            },
            "ndata": 7,
            "nfree": 4,
            "r2": 0.9953638712630852,
            "reduced_chisq": 6.331896704840299e-07,
            "status": "completed",
            "success": true,
            "time_max": 300.0,
            "time_min": 0.0
          },
          "nt_id": 397,
          "params": {
            "fmod0": 0.0022060954479316604,
            "kdeg": 0.010220229429847825,
            "kobs": 0.027098719455516077,
            "log_fmod0": -6.1165310916654105,
            "log_fmod0_err": 0.3092520328034554,
            "log_kdeg": -4.583386245354072,
            "log_kdeg_err": 0.10559951638245116,
            "log_kobs": -3.608268804776902,
            "log_kobs_err": 0.03890692744445934,
            "metadata": {
              "base": "A",
              "fmod_run_ids": [
                601,
                602,
                603,
                604,
                605,
                606,
                607
              ],
              "site": 8,
              "valtype": "modrate"
            }
          },
          "valtype": "modrate"
        },
        {
          "diagnostics": {
            "chisq": 4.201173511969277e-06,
            "covariance": {
              "matrix": [
                [
                  0.0013013704246483944,
                  -0.001190218571526253,
                  -0.005452729893493204
                ],
                [
                  -0.001190218571526253,
                  0.009290312868472358,
                  -0.016664504488927895
                ],
                [
                  -0.005452729893493204,
                  -0.016664504488927895,
                  0.0985484143633021
                ]
              ],
              "params": [
                "log_kappa",
                "log_kdeg",
                "log_fmod_0"
              ]
            },
            "ndata": 7,
            "nfree": 4,
            "r2": 0.9955842217161412,
            "reduced_chisq": 1.0502933779923191e-06,
            "status": "completed",
            "success": true,
            "time_max": 300.0,
            "time_min": 0.0
          },
          "nt_id": 398,
          "params": {
            "fmod0": 0.002844449603951929,
            "kdeg": 0.011624053876007309,
            "kobs": 0.03524706255027124,
            "log_fmod0": -5.862385690945135,
            "log_fmod0_err": 0.3139242175482836,
            "log_kdeg": -4.4546787178309435,
            "log_kdeg_err": 0.09638626908679658,
            "log_kobs": -3.3453730851033545,
            "log_kobs_err": 0.036074512119339805,
            "metadata": {
              "base": "C",
              "fmod_run_ids": [
                601,
                602,
                603,
                604,
                605,
                606,
                607
              ],
              "site": 9,
              "valtype": "modrate"
            }
          },
          "valtype": "modrate"
        },
        {
          "diagnostics": {
            "chisq": 3.1134637142893636e-06,
            "covariance": {
              "matrix": [
                [
                  6.590458671016657e+51,
                  -1.048252488574455e+52,
                  4.642897312152962e+25
                ],
                [
                  -1.048252488574455e+52,
                  1.667309264277701e+52,
                  -7.384810230376893e+25
                ],
                [
                  4.642897312152962e+25,
                  -7.384810230376893e+25,
                  0.3574061051558925
                ]
              ],
              "params": [
                "log_kappa",
                "log_kdeg",
                "log_fmod_0"
              ]
            },
            "ndata": 7,
            "nfree": 4,
            "r2": -1.1721734693992403e-12,
            "reduced_chisq": 7.783659285723409e-07,
            "status": "completed",
            "success": true,
            "time_max": 300.0,
            "time_min": 0.0
          },
          "nt_id": 399,
          "params": {
            "fmod0": 0.0020684285716572807,
            "kdeg": 4.1088788570283765e-11,
            "kobs": 2.056170496749404e-07,
            "log_fmod0": -6.180966104127594,
            "log_fmod0_err": 0.5978345131856244,
            "log_kdeg": -23.91528581581674,
            "log_kdeg_err": 1.2912433017358506e+26,
            "log_kobs": -15.397250380369073,
            "log_kobs_err": 8.118163998723269e+25,
            "metadata": {
              "base": "U",
              "fmod_run_ids": [
                601,
                602,
                603,
                604,
                605,
                606,
                607
              ],
              "site": 10,
              "valtype": "modrate"
            }
          },
          "valtype": "modrate"
        },
        {
          "diagnostics": {
            "chisq": 3.730060160941059e-07,
            "covariance": {
              "matrix": [
                [
                  0.5132818586873833,
                  0.048120238036401565,
                  -0.09460289169484538
                ],
                [
                  0.048120238036401565,
                  2.951757381752905,
                  -0.11799192790645155
                ],
                [
                  -0.09460289169484538,
                  -0.11799192790645155,
                  0.025350592742587868
                ]
              ],
              "params": [
                "log_kappa",
                "log_kdeg",
                "log_fmod_0"
              ]
            },
            "ndata": 7,
            "nfree": 4,
            "r2": 0.32796240957270295,
            "reduced_chisq": 9.325150402352648e-08,
            "status": "completed",
            "success": true,
            "time_max": 300.0,
            "time_min": 0.0
          },
          "nt_id": 400,
          "params": {
            "fmod0": 0.0018543135570886025,
            "kdeg": 0.029713033557483448,
            "kobs": 0.00046525098410186993,
            "log_fmod0": -6.290240701495175,
            "log_fmod0_err": 0.15921869470193464,
            "log_kdeg": -3.5161694891164266,
            "log_kdeg_err": 1.7180679211698544,
            "log_kobs": -7.672933547233254,
            "log_kobs_err": 0.7164369188472794,
            "metadata": {
              "base": "U",
              "fmod_run_ids": [
                601,
                602,
                603,
                604,
                605,
                606,
                607
              ],
              "site": 11,
              "valtype": "modrate"
            }
          },
          "valtype": "modrate"
        },
        {
          "diagnostics": {
            "chisq": 6.140740249119322e-07,
            "covariance": {
              "matrix": [
                [
                  0.11252457824400058,
                  -0.026178522607753576,
                  -0.06685986108140078
                ],
                [
                  -0.026178522607753576,
                  1.429526540823689,
                  -0.03480958603582075
                ],
                [
                  -0.06685986108140078,
                  -0.03480958603582075,
                  0.04842866319876629
                ]
              ],
              "params": [
                "log_kappa",
                "log_kdeg",
                "log_fmod_0"
              ]
            },
            "ndata": 7,
            "nfree": 4,
            "r2": 0.6907813617026639,
            "reduced_chisq": 1.5351850622798304e-07,
            "status": "completed",
            "success": true,
            "time_max": 300.0,
            "time_min": 0.0
          },
          "nt_id": 401,
          "params": {
            "fmod0": 0.0017802102080880955,
            "kdeg": 0.09626130821706079,
            "kobs": 0.0012869691281228478,
            "log_fmod0": -6.331023827219227,
            "log_fmod0_err": 0.22006513399165778,
            "log_kdeg": -2.3406888247459516,
            "log_kdeg_err": 1.1956280946948716,
            "log_kobs": -6.655465338128386,
            "log_kobs_err": 0.3354468337069238,
            "metadata": {
              "base": "U",
              "fmod_run_ids": [
                601,
                602,
                603,
                604,
                605,
                606,
                607
              ],
              "site": 12,
              "valtype": "modrate"
            }
          },
          "valtype": "modrate"
        },
        {
          "diagnostics": {
            "chisq": 2.099741344100447e-05,
            "covariance": {
              "matrix": [
                [
                  9.523846383045738e+18,
                  -9.541139591143334e+18,
                  124372730.13692975
                ],
                [
                  -9.541139591143334e+18,
                  9.56399262057544e+18,
                  -150642104.81143162
                ],
                [
                  124372730.13692975,
                  -150642104.81143162,
                  0.22784041372057895
                ]
              ],
              "params": [
                "log_kappa",
                "log_kdeg",
                "log_fmod_0"
              ]
            },
            "ndata": 7,
            "nfree": 4,
            "r2": -5.921225731952973e-10,
            "reduced_chisq": 5.249353360251118e-06,
            "status": "completed",
            "success": true,
            "time_max": 300.0,
            "time_min": 0.0
          },
          "nt_id": 402,
          "params": {
            "fmod0": 0.002691285728455409,
            "kdeg": 3.832761404534033e-09,
            "kobs": 3.6173830616416695e-06,
            "log_fmod0": -5.917736233589185,
            "log_fmod0_err": 0.47732631785873586,
            "log_kdeg": -19.379680300193776,
            "log_kdeg_err": 3092570552.2389364,
            "log_kobs": -12.529759704701569,
            "log_kobs_err": 3086072971.1148663,
            "metadata": {
              "base": "U",
              "fmod_run_ids": [
                601,
                602,
                603,
                604,
                605,
                606,
                607
              ],
              "site": 13,
              "valtype": "modrate"
            }
          },
          "valtype": "modrate"
        },
        {
          "diagnostics": {
            "chisq": 8.114833333333327e-09,
            "ndata": 7,
            "nfree": 4,
            "r2": 0.6415347755115779,
            "reduced_chisq": 2.028708333333332e-09,
            "status": "completed",
            "success": true,
            "time_max": 300.0,
            "time_min": 0.0
          },
          "nt_id": 403,
          "params": {
            "fmod0": 0.0007290000001020339,
            "kdeg": 4.058554610593952,
            "kobs": 0.00013017513905427873,
            "log_fmod0": -7.223836825815652,
            "log_kdeg": 1.4008269029851497,
            "log_kobs": -8.94662979070556,
            "metadata": {
              "base": "G",
              "fmod_run_ids": [
                601,
                602,
                603,
                604,
                605,
                606,
                607
              ],
              "site": 14,
              "valtype": "modrate"
            }
          },
          "valtype": "modrate"
        },
        {
          "diagnostics": {
            "chisq": 4.401152031262246e-06,
            "covariance": {
              "matrix": [
                [
                  0.0017432933218989896,
                  -0.001453350342991202,
                  -0.07784817788993441
                ],
                [
                  -0.001453350342991202,
                  0.01235214395992173,
                  -0.22324401651772435
                ],
                [
                  -0.07784817788993441,
                  -0.22324401651772435,
                  13.43856748924938
                ]
              ],
              "params": [
                "log_kappa",
                "log_kdeg",
                "log_fmod_0"
              ]
            },
            "ndata": 7,
            "nfree": 4,
            "r2": 0.99393868048143,
            "reduced_chisq": 1.1002880078155615e-06,
            "status": "completed",
            "success": true,
            "time_max": 300.0,
            "time_min": 0.0
          },
          "nt_id": 404,
          "params": {
            "fmod0": 0.00025026221686773147,
            "kdeg": 0.012037444382694693,
            "kobs": 0.030568767655995203,
            "log_fmod0": -8.293001322308262,
            "log_fmod0_err": 3.665865176087274,
            "log_kdeg": -4.419733122205456,
            "log_kdeg_err": 0.11114019956758099,
            "log_kobs": -3.487776456093614,
            "log_kobs_err": 0.04175276424261021,
            "metadata": {
              "base": "A",
              "fmod_run_ids": [
                601,
                602,
                603,
                604,
                605,
                606,
                607
              ],
              "site": 15,
              "valtype": "modrate"
            }
          },
          "valtype": "modrate"
        },
        {
          "diagnostics": {
            "chisq": 2.6724490818130103e-06,
            "covariance": {
              "matrix": [
                [
                  0.0016954543335648247,
                  -0.0015563161793437437,
                  -0.010895607580714558
                ],
                [
                  -0.0015563161793437437,
                  0.012213100510729632,
                  -0.03361192790847061
                ],
                [
                  -0.010895607580714558,
                  -0.03361192790847061,
                  0.30362783517838854
                ]
              ],
              "params": [
                "log_kappa",
                "log_kdeg",
                "log_fmod_0"
              ]
            },
            "ndata": 7,
            "nfree": 4,
            "r2": 0.9941897117088672,
            "reduced_chisq": 6.681122704532526e-07,
            "status": "completed",
            "success": true,
            "time_max": 300.0,
            "time_min": 0.0
          },
          "nt_id": 405,
          "params": {
            "fmod0": 0.0012913303541049982,
            "kdeg": 0.011634365623659059,
            "kobs": 0.024356556283514994,
            "log_fmod0": -6.652082309762839,
            "log_fmod0_err": 0.5510243508034727,
            "log_kdeg": -4.453792006820547,
            "log_kdeg_err": 0.11051289748590266,
            "log_kobs": -3.71495421380559,
            "log_kobs_err": 0.041175895054811194,
            "metadata": {
              "base": "A",
              "fmod_run_ids": [
                601,
                602,
                603,
                604,
                605,
                606,
                607
              ],
              "site": 16,
              "valtype": "modrate"
            }
          },
          "valtype": "modrate"
        },
        {
          "diagnostics": {
            "chisq": 9.207711163691249e-08,
            "covariance": {
              "matrix": [
                [
                  0.01785602895527577,
                  0.0010227558569083472,
                  -0.02729304342214247
                ],
                [
                  0.0010227558569083472,
                  0.12136057268335988,
                  -0.022951878980286507
                ],
                [
                  -0.02729304342214247,
                  -0.022951878980286507,
                  0.05314012766072947
                ]
              ],
              "params": [
                "log_kappa",
                "log_kdeg",
                "log_fmod_0"
              ]
            },
            "ndata": 7,
            "nfree": 4,
            "r2": 0.933442003789556,
            "reduced_chisq": 2.3019277909228123e-08,
            "status": "completed",
            "success": true,
            "time_max": 300.0,
            "time_min": 0.0
          },
          "nt_id": 406,
          "params": {
            "fmod0": 0.0006555689930189528,
            "kdeg": 0.05532666542894057,
            "kobs": 0.0012526121384239814,
            "log_fmod0": -7.330007007791239,
            "log_fmod0_err": 0.23052142560015865,
            "log_kdeg": -2.8945002908511843,
            "log_kdeg_err": 0.34836844386849947,
            "log_kobs": -6.682524197337142,
            "log_kobs_err": 0.13362645305206514,
            "metadata": {
              "base": "U",
              "fmod_run_ids": [
                601,
                602,
                603,
                604,
                605,
                606,
                607
              ],
              "site": 17,
              "valtype": "modrate"
            }
          },
          "valtype": "modrate"
        },
        {
          "diagnostics": {
            "chisq": 1.942703809105333e-06,
            "covariance": {
              "matrix": [
                [
                  0.0011601839059125411,
                  -0.0009352181593151183,
                  -0.006360939947447847
                ],
                [
                  -0.0009352181593151183,
                  0.008224720720251995,
                  -0.017911389827492248
                ],
                [
                  -0.006360939947447847,
                  -0.017911389827492248,
                  0.13018092709826679
                ]
              ],
              "params": [
                "log_kappa",
                "log_kdeg",
                "log_fmod_0"
              ]
            },
            "ndata": 7,
            "nfree": 4,
            "r2": 0.9959048756192456,
            "reduced_chisq": 4.856759522763332e-07,
            "status": "completed",
            "success": true,
            "time_max": 300.0,
            "time_min": 0.0
          },
          "nt_id": 407,
          "params": {
            "fmod0": 0.0016911722202330162,
            "kdeg": 0.01219460227171422,
            "kobs": 0.02462356068513251,
            "log_fmod0": -6.382333369051673,
            "log_fmod0_err": 0.36080594105178865,
            "log_kdeg": -4.4067618618916775,
            "log_kdeg_err": 0.09069024600392257,
            "log_kobs": -3.704051542966934,
            "log_kobs_err": 0.03406147245661205,
            "metadata": {
              "base": "A",
              "fmod_run_ids": [
                601,
                602,
                603,
                604,
                605,
                606,
                607
              ],
              "site": 18,
              "valtype": "modrate"
            }
          },
          "valtype": "modrate"
        },
        {
          "diagnostics": {
            "chisq": 2.177204121373366e-08,
            "covariance": {
              "matrix": [
                [
                  0.6966441290948184,
                  -1.1638248521756633,
                  0.03421906836750255
                ],
                [
                  -1.1638248521756633,
                  2.0699685472075773,
                  -0.08144048050988852
                ],
                [
                  0.03421906836750255,
                  -0.08144048050988852,
                  0.008331094448254852
                ]
              ],
              "params": [
                "log_kappa",
                "log_kdeg",
                "log_fmod_0"
              ]
            },
            "ndata": 7,
            "nfree": 4,
            "r2": 0.855349554010676,
            "reduced_chisq": 5.443010303433415e-09,
            "status": "completed",
            "success": true,
            "time_max": 300.0,
            "time_min": 0.0
          },
          "nt_id": 408,
          "params": {
            "fmod0": 0.000629595828907309,
            "kdeg": 0.0036218478245620142,
            "kobs": 0.0006012363715636188,
            "log_fmod0": -7.370432485871417,
            "log_fmod0_err": 0.09127482921515029,
            "log_kdeg": -5.620770934605079,
            "log_kdeg_err": 1.4387385263513233,
            "log_kobs": -7.416522403639256,
            "log_kobs_err": 0.8346521006352398,
            "metadata": {
              "base": "G",
              "fmod_run_ids": [
                601,
                602,
                603,
                604,
                605,
                606,
                607
              ],
              "site": 19,
              "valtype": "modrate"
            }
          },
          "valtype": "modrate"
        },
        {
          "diagnostics": {
            "chisq": 5.908996611665364e-07,
            "covariance": {
              "matrix": [
                [
                  0.14862534083990192,
                  -0.03708122069161256,
                  -0.09722289477522406
                ],
                [
                  -0.03708122069161256,
                  1.963070620224146,
                  -0.04964423706537057
                ],
                [
                  -0.09722289477522406,
                  -0.04964423706537057,
                  0.07746119849429048
                ]
              ],
              "params": [
                "log_kappa",
                "log_kdeg",
                "log_fmod_0"
              ]
            },
            "ndata": 7,
            "nfree": 4,
            "r2": 0.6284985732743936,
            "reduced_chisq": 1.477249152916341e-07,
            "status": "completed",
            "success": true,
            "time_max": 300.0,
            "time_min": 0.0
          },
          "nt_id": 409,
          "params": {
            "fmod0": 0.001380795430321506,
            "kdeg": 0.09827166038209859,
            "kobs": 0.001098099932785428,
            "log_fmod0": -6.585095547083297,
            "log_fmod0_err": 0.2783185198550224,
            "log_kdeg": -2.3200195906266097,
            "log_kdeg_err": 1.4010962209013862,
            "log_kobs": -6.814173926570491,
            "log_kobs_err": 0.38551957257693403,
            "metadata": {
              "base": "U",
              "fmod_run_ids": [
                601,
                602,
                603,
                604,
                605,
                606,
                607
              ],
              "site": 20,
              "valtype": "modrate"
            }
          },
          "valtype": "modrate"
        },
        {
          "diagnostics": {
            "chisq": 2.8948375445486056e-08,
            "covariance": {
              "matrix": [
                [
                  0.35799550591218976,
                  -0.6439814687551795,
                  0.013863840346194622
                ],
                [
                  -0.6439814687551795,
                  1.2889792208846442,
                  -0.042153835640505476
                ],
                [
                  0.013863840346194622,
                  -0.042153835640505476,
                  0.0036454818117788155
                ]
              ],
              "params": [
                "log_kappa",
                "log_kdeg",
                "log_fmod_0"
              ]
            },
            "ndata": 7,
            "nfree": 4,
            "r2": 0.8733829864931759,
            "reduced_chisq": 7.237093861371514e-09,
            "status": "completed",
            "success": true,
            "time_max": 300.0,
            "time_min": 0.0
          },
          "nt_id": 410,
          "params": {
            "fmod0": 0.0011103068250468483,
            "kdeg": 0.004315145292717349,
            "kobs": 0.0006822677246427554,
            "log_fmod0": -6.803118882893452,
            "log_fmod0_err": 0.060377825497270235,
            "log_kdeg": -5.445624283468463,
            "log_kdeg_err": 1.1353322072788405,
            "log_kobs": -7.2900884190243875,
            "log_kobs_err": 0.5983272565345739,
            "metadata": {
              "base": "G",
              "fmod_run_ids": [
                601,
                602,
                603,
                604,
                605,
                606,
                607
              ],
              "site": 21,
              "valtype": "modrate"
            }
          },
          "valtype": "modrate"
        },
        {
          "diagnostics": {
            "chisq": 6.421290063654331e-06,
            "covariance": {
              "matrix": [
                [
                  0.002472512932594263,
                  -0.0019669298246654293,
                  -0.013064907314520903
                ],
                [
                  -0.0019669298246654293,
                  0.01741182786155916,
                  -0.0363356270444801
                ],
                [
                  -0.013064907314520903,
                  -0.0363356270444801,
                  0.2540806899486196
                ]
              ],
              "params": [
                "log_kappa",
                "log_kdeg",
                "log_fmod_0"
              ]
            },
            "ndata": 7,
            "nfree": 4,
            "r2": 0.9913504283477693,
            "reduced_chisq": 1.6053225159135828e-06,
            "status": "completed",
            "success": true,
            "time_max": 300.0,
            "time_min": 0.0
          },
          "nt_id": 411,
          "params": {
            "fmod0": 0.0022029435964395347,
            "kdeg": 0.012237216972011591,
            "kobs": 0.030815727761267293,
            "log_fmod0": -6.117960814558449,
            "log_fmod0_err": 0.5040641724509088,
            "log_kdeg": -4.403273399318471,
            "log_kdeg_err": 0.13195388535984515,
            "log_kobs": -3.4797300777360753,
            "log_kobs_err": 0.049724369604795024,
            "metadata": {
              "base": "A",
              "fmod_run_ids": [
                601,
                602,
                603,
                604,
                605,
                606,
                607
              ],
              "site": 22,
              "valtype": "modrate"
            }
          },
          "valtype": "modrate"
        },
        {
          "diagnostics": {
            "chisq": 1.941197428729804e-06,
            "ndata": 7,
            "nfree": 4,
            "r2": -8.158673736602395e-11,
            "reduced_chisq": 4.85299357182451e-07,
            "status": "completed",
            "success": true,
            "time_max": 300.0,
            "time_min": 0.0
          },
          "nt_id": 412,
          "params": {
            "fmod0": 0.003270714285700647,
            "kdeg": 4.7706015713024333e-11,
            "kobs": 1.1378001308733251e-05,
            "log_fmod0": -5.7227468819325615,
            "log_kdeg": -23.765963610409123,
            "log_kobs": -11.383828776612688,
            "metadata": {
              "base": "U",
              "fmod_run_ids": [
                601,
                602,
                603,
                604,
                605,
                606,
                607
              ],
              "site": 23,
              "valtype": "modrate"
            }
          },
          "valtype": "modrate"
        },
        {
          "diagnostics": {
            "chisq": 5.781773252964689e-07,
            "covariance": {
              "matrix": [
                [
                  0.2215554446610358,
                  -0.019440238133837436,
                  -0.08238229799678126
                ],
                [
                  -0.019440238133837436,
                  2.0305334613306503,
                  -0.052301490340979195
                ],
                [
                  -0.08238229799678126,
                  -0.052301490340979195,
                  0.037782936049787295
                ]
              ],
              "params": [
                "log_kappa",
                "log_kdeg",
                "log_fmod_0"
              ]
            },
            "ndata": 7,
            "nfree": 4,
            "r2": 0.5305752462534923,
            "reduced_chisq": 1.4454433132411722e-07,
            "status": "completed",
            "success": true,
            "time_max": 300.0,
            "time_min": 0.0
          },
          "nt_id": 413,
          "params": {
            "fmod0": 0.0019547859981320003,
            "kdeg": 0.07791000370346353,
            "kobs": 0.0008907703961444078,
            "log_fmod0": -6.237474555407514,
            "log_fmod0_err": 0.19437833225384793,
            "log_kdeg": -2.5522009171042215,
            "log_kdeg_err": 1.4249678808066695,
            "log_kobs": -7.023423856020121,
            "log_kobs_err": 0.47069676508452424,
            "metadata": {
              "base": "U",
              "fmod_run_ids": [
                601,
                602,
                603,
                604,
                605,
                606,
                607
              ],
              "site": 24,
              "valtype": "modrate"
            }
          },
          "valtype": "modrate"
        },
        {
          "diagnostics": {
            "chisq": 3.7889565947443844e-06,
            "covariance": {
              "matrix": [
                [
                  0.0008557783813671644,
                  -0.0005748438678886064,
                  -0.012281177401056251
                ],
                [
                  -0.0005748438678886064,
                  0.005850392338436181,
                  -0.03082906725210706
                ],
                [
                  -0.012281177401056251,
                  -0.03082906725210706,
                  0.5579308072607968
                ]
              ],
              "params": [
                "log_kappa",
                "log_kdeg",
                "log_fmod_0"
              ]
            },
            "ndata": 7,
            "nfree": 4,
            "r2": 0.9969395231240981,
            "reduced_chisq": 9.472391486860961e-07,
            "status": "completed",
            "success": true,
            "time_max": 300.0,
            "time_min": 0.0
          },
          "nt_id": 414,
          "params": {
            "fmod0": 0.0011505438377397796,
            "kdeg": 0.012929825159513115,
            "kobs": 0.039864217140593045,
            "log_fmod0": -6.767520546007653,
            "log_fmod0_err": 0.7469476603221921,
            "log_kdeg": -4.348218608369214,
            "log_kdeg_err": 0.07648785745748263,
            "log_kobs": -3.2222761709831245,
            "log_kobs_err": 0.02925369004702081,
            "metadata": {
              "base": "C",
              "fmod_run_ids": [
                601,
                602,
                603,
                604,
                605,
                606,
                607
              ],
              "site": 25,
              "valtype": "modrate"
            }
          },
          "valtype": "modrate"
        },
        {
          "diagnostics": {
            "chisq": 4.74102380365938e-06,
            "covariance": {
              "matrix": [
                [
                  0.001724220471558425,
                  -0.0013718750933355622,
                  -0.021545185407914464
                ],
                [
                  -0.0013718750933355622,
                  0.012133476149458505,
                  -0.059890842725831
                ],
                [
                  -0.021545185407914464,
                  -0.059890842725831,
                  0.9909022302912369
                ]
              ],
              "params": [
                "log_kappa",
                "log_kdeg",
                "log_fmod_0"
              ]
            },
            "ndata": 7,
            "nfree": 4,
            "r2": 0.9939581696927187,
