{
  "artifacts": {},
  "engine": "python_baseline",
  "engine_version": "0.1.0",
  "metadata": {
    "buffer_pH": 6.5,
    "done_by": [
      "EKC"
    ],
    "experiment_id": "ekc.01.0xx",
    "fmod_run_id": 63,
    "initial_kdeg": 3.1285330779150506e-05,
    "initial_kdeg_source": "arrhenius:nmr:deg:dms:Schwalbe_bistris",
    "initial_log_kdeg": -10.372361235478888,
    "notes": "Baseline python engine demo using examples/nerd.sqlite",
    "rg_id": 52,
    "rg_label": "10_2",
    "rounds_requested": [
      "round1_free",
      "round2_global",
      "round3_constrained"
    ],
    "temperature_c": 10.0,
    "valtypes": [
      "modrate",
      "GAmodrate"
    ]
  },
  "rounds": [
    {
      "global_params": {},
      "notes": null,
      "per_nt": [
        {
          "diagnostics": {
            "reason": "Non-zero fmod values are required for a fit.",
            "status": "failed"
          },
          "nt_id": 390,
          "params": {},
          "valtype": "modrate"
        },
        {
          "diagnostics": {
            "reason": "Non-zero fmod values are required for a fit.",
            "status": "failed"
          },
          "nt_id": 391,
          "params": {},
          "valtype": "modrate"
        },
        {
          "diagnostics": {
            "reason": "Non-zero fmod values are required for a fit.",
            "status": "failed"
          },
          "nt_id": 392,
          "params": {},
          "valtype": "modrate"
        },
        {
          "diagnostics": {
            "reason": "Non-zero fmod values are required for a fit.",
            "status": "failed"
          },
          "nt_id": 393,
          "params": {},
          "valtype": "modrate"
        },
        {
          "diagnostics": {
            "chisq": 2.2416154286234255e-06,
            "covariance": {
              "matrix": [
                [
                  3.5558158217246496e+17,
                  -3.413642215234273e+17,
                  -33771823.54344466
                ],
                [
                  -3.413642215234273e+17,
                  3.820224293470591e+17,
                  -7873795.58015897
                ],
                [
                  -33771823.54344466,
                  -7873795.58015897,
                  0.0613438753448797
                ]
              ],
              "params": [
                "log_kappa",
                "log_kdeg",
                "log_fmod_0"
              ]
            },
            "ndata": 7,
            "nfree": 4,
            "r2": -2.3196333742703246e-11,
            "reduced_chisq": 5.604038571558564e-07,
            "status": "completed",
            "success": true,
            "time_max": 191040.0,
            "time_min": 0.0
          },
          "nt_id": 394,
          "params": {
            "fmod0": 0.0016837142900192766,
            "kdeg": 1.803533946088651e-15,
            "kobs": 0.000197963248651616,
            "log_fmod0": -6.386753039064887,
            "log_fmod0_err": 0.2476769576381293,
            "log_kdeg": -33.94902835138722,
            "log_kdeg_err": 618079630.2638189,
            "log_kobs": -8.527429157368566,
            "log_kobs_err": 596306617.5823181,
            "metadata": {
              "base": "U",
              "fmod_run_ids": [
                58,
                59,
                60,
                61,
                62,
                63,
                64
              ],
              "site": 5,
              "valtype": "modrate"
            }
          },
          "valtype": "modrate"
        },
        {
          "diagnostics": {
            "chisq": 5.571026853534709e-08,
            "covariance": {
              "matrix": [
                [
                  5.8023582182834375,
                  -8.392925373419153,
                  0.14276462587048205
                ],
                [
                  -8.392925373419153,
                  12.417087383111852,
                  -0.25256926413377245
                ],
                [
                  0.14276462587048205,
                  -0.25256926413377245,
                  0.014890851310491598
                ]
              ],
              "params": [
                "log_kappa",
                "log_kdeg",
                "log_fmod_0"
              ]
            },
            "ndata": 7,
            "nfree": 4,
            "r2": 0.6589551032326131,
            "reduced_chisq": 1.3927567133836773e-08,
            "status": "completed",
            "success": true,
            "time_max": 191040.0,
            "time_min": 0.0
          },
          "nt_id": 395,
          "params": {
            "fmod0": 0.0007315579127012885,
            "kdeg": 4.044082532555885e-06,
            "kobs": 0.0006639801537566262,
            "log_fmod0": -7.220334170847989,
            "log_fmod0_err": 0.12202807591079849,
            "log_kdeg": -12.418255848370414,
            "log_kdeg_err": 3.523788782420401,
            "log_kobs": -7.3172582978552665,
            "log_kobs_err": 2.4088084644245664,
            "metadata": {
              "base": "G",
              "fmod_run_ids": [
                58,
                59,
                60,
                61,
                62,
                63,
                64
              ],
              "site": 6,
              "valtype": "modrate"
            }
          },
          "valtype": "modrate"
        },
        {
          "diagnostics": {
            "chisq": 4.2976305417634984e-06,
            "covariance": {
              "matrix": [
                [
                  0.000933532381102462,
                  -2.1204840942095164e-05,
                  -0.00984617424590312
                ],
                [
                  -2.1204840942095164e-05,
                  0.006334675134625699,
                  -0.016497405970587135
                ],
                [
                  -0.00984617424590312,
                  -0.016497405970587135,
                  0.17789891774785094
                ]
              ],
              "params": [
                "log_kappa",
                "log_kdeg",
                "log_fmod_0"
              ]
            },
            "ndata": 7,
            "nfree": 4,
            "r2": 0.9964227892023427,
            "reduced_chisq": 1.0744076354408746e-06,
            "status": "completed",
            "success": true,
            "time_max": 191040.0,
            "time_min": 0.0
          },
          "nt_id": 396,
          "params": {
            "fmod0": 0.002265287881402884,
            "kdeg": 3.0388006916679775e-05,
            "kobs": 0.03724906568223308,
            "log_fmod0": -6.090053428166532,
            "log_fmod0_err": 0.4217806512250781,
            "log_kdeg": -10.401462536711117,
            "log_kdeg_err": 0.07959067240968441,
            "log_kobs": -3.290128416827295,
            "log_kobs_err": 0.030553762143187245,
            "metadata": {
              "base": "A",
              "fmod_run_ids": [
                58,
                59,
                60,
                61,
                62,
                63,
                64
              ],
              "site": 7,
              "valtype": "modrate"
            }
          },
          "valtype": "modrate"
        },
        {
          "diagnostics": {
            "chisq": 3.0051797519666153e-06,
            "covariance": {
              "matrix": [
                [
                  0.0009350733722735353,
                  -0.00011769702492689438,
                  -0.006758340491089138
                ],
                [
                  -0.00011769702492689438,
                  0.006604610054312583,
                  -0.012229224492039082
                ],
                [
                  -0.006758340491089138,
                  -0.012229224492039082,
                  0.09032194739343763
                ]
              ],
              "params": [
                "log_kappa",
                "log_kdeg",
                "log_fmod_0"
              ]
            },
            "ndata": 7,
            "nfree": 4,
            "r2": 0.996400639656627,
            "reduced_chisq": 7.512949379916538e-07,
            "status": "completed",
            "success": true,
            "time_max": 191040.0,
            "time_min": 0.0
          },
          "nt_id": 397,
          "params": {
            "fmod0": 0.002630203193727752,
            "kdeg": 2.7944599049527565e-05,
            "kobs": 0.03097111577603193,
            "log_fmod0": -5.940694175804333,
            "log_fmod0_err": 0.30053609998374176,
            "log_kdeg": -10.485286613188537,
            "log_kdeg_err": 0.08126875201645822,
            "log_kobs": -3.4747002580053232,
            "log_kobs_err": 0.03057896944426897,
            "metadata": {
              "base": "A",
              "fmod_run_ids": [
                58,
                59,
                60,
                61,
                62,
                63,
                64
              ],
              "site": 8,
              "valtype": "modrate"
            }
          },
          "valtype": "modrate"
        },
        {
          "diagnostics": {
            "chisq": 1.063672987818894e-06,
            "covariance": {
              "matrix": [
                [
                  0.0011539788787074954,
                  -0.00010186436076619758,
                  -0.003046370901822047
                ],
                [
                  -0.00010186436076619758,
                  0.008169409766369743,
                  -0.005445650934780349
                ],
                [
                  -0.003046370901822047,
                  -0.005445650934780349,
                  0.014528002644464248
                ]
              ],
              "params": [
                "log_kappa",
                "log_kdeg",
                "log_fmod_0"
              ]
            },
            "ndata": 7,
            "nfree": 4,
            "r2": 0.9954880501308435,
            "reduced_chisq": 2.659182469547235e-07,
            "status": "completed",
            "success": true,
            "time_max": 191040.0,
            "time_min": 0.0
          },
          "nt_id": 398,
          "params": {
            "fmod0": 0.003910423580761314,
            "kdeg": 2.870640680175043e-05,
            "kobs": 0.016317517856268414,
            "log_fmod0": -5.544109578176895,
            "log_fmod0_err": 0.12053216435650796,
            "log_kdeg": -10.458390226601123,
            "log_kdeg_err": 0.09038478725078541,
            "log_kobs": -4.115516033153774,
            "log_kobs_err": 0.03397026462522033,
            "metadata": {
              "base": "C",
              "fmod_run_ids": [
                58,
                59,
                60,
                61,
                62,
                63,
                64
              ],
              "site": 9,
              "valtype": "modrate"
            }
          },
          "valtype": "modrate"
        },
        {
          "diagnostics": {
            "chisq": 6.227385429231024e-06,
            "covariance": {
              "matrix": [
                [
                  3.414650274796885e+18,
                  -3.695559084121784e+18,
                  219880219.44386545
                ],
                [
                  -3.695559084121784e+18,
                  4.28271191411554e+18,
                  -435308841.5971528
                ],
                [
                  219880219.44386545,
                  -435308841.5971528,
                  0.2548581922635482
                ]
              ],
              "params": [
                "log_kappa",
                "log_kdeg",
                "log_fmod_0"
              ]
            },
            "ndata": 7,
            "nfree": 4,
            "r2": -1.0591860721831381e-10,
            "reduced_chisq": 1.556846357307756e-06,
            "status": "completed",
            "success": true,
            "time_max": 191040.0,
            "time_min": 0.0
          },
          "nt_id": 399,
          "params": {
            "fmod0": 0.0014682857155108187,
            "kdeg": 4.441603188913698e-15,
            "kobs": 0.0003386890054532433,
            "log_fmod0": -6.523659738633035,
            "log_fmod0_err": 0.5048348168099623,
            "log_kdeg": -33.04776100505557,
            "log_kdeg_err": 2069471409.3496292,
            "log_kobs": -7.9904282596853005,
            "log_kobs_err": 1847877234.774238,
            "metadata": {
              "base": "U",
              "fmod_run_ids": [
                58,
                59,
                60,
                61,
                62,
                63,
                64
              ],
              "site": 10,
              "valtype": "modrate"
            }
          },
          "valtype": "modrate"
        },
        {
          "diagnostics": {
            "chisq": 4.813038753372694e-07,
            "covariance": {
              "matrix": [
                [
                  1123320909.6927187,
                  -1123206776.0644274,
                  -492.06203598292666
                ],
                [
                  -1123206776.0644274,
                  1123092807.9554584,
                  490.77589034601743
                ],
                [
                  -492.06203598292666,
                  490.77589034601743,
                  0.017622127240342036
                ]
              ],
              "params": [
                "log_kappa",
                "log_kdeg",
                "log_fmod_0"
              ]
            },
            "ndata": 7,
            "nfree": 4,
            "r2": 0.0016200089963754882,
            "reduced_chisq": 1.2032596883431735e-07,
            "status": "completed",
            "success": true,
            "time_max": 191040.0,
            "time_min": 0.0
          },
          "nt_id": 400,
          "params": {
            "fmod0": 0.0015159537287408207,
            "kdeg": 5.607746609895147e-15,
            "kobs": 28814.111449878783,
            "log_fmod0": -6.491710514166534,
            "log_fmod0_err": 0.13274836059380182,
            "log_kdeg": -32.8146274298841,
            "log_kdeg_err": 33512.57686235808,
            "log_kobs": 10.268620527021163,
            "log_kobs_err": 33515.97991544807,
            "metadata": {
              "base": "U",
              "fmod_run_ids": [
                58,
                59,
                60,
                61,
                62,
                63,
                64
              ],
              "site": 11,
              "valtype": "modrate"
            }
          },
          "valtype": "modrate"
        },
        {
          "diagnostics": {
            "chisq": 3.484234111802965e-07,
            "covariance": {
              "matrix": [
                [
                  1.4337849504943744e+16,
                  -1.4336753454207804e+16,
                  1698523.747752318
                ],
                [
                  -1.4336753454207804e+16,
                  1.4335657492265402e+16,
                  -1698559.4379526093
                ],
                [
                  1698523.747752318,
                  -1698559.4379526093,
                  0.009797384244152576
                ]
              ],
              "params": [
                "log_kappa",
                "log_kdeg",
                "log_fmod_0"
              ]
            },
            "ndata": 7,
            "nfree": 4,
            "r2": 4.991378477203767e-08,
            "reduced_chisq": 8.710585279507412e-08,
            "status": "completed",
            "success": true,
            "time_max": 191040.0,
            "time_min": 0.0
          },
          "nt_id": 401,
          "params": {
            "fmod0": 0.001737228402626972,
            "kdeg": 1.033412486288872e-10,
            "kobs": 0.007367596815439233,
            "log_fmod0": -6.3554643077786315,
            "log_fmod0_err": 0.09898173692228569,
            "log_kdeg": -22.992984510416676,
            "log_kdeg_err": 119731606.07068378,
            "log_kobs": -4.910663702557973,
            "log_kobs_err": 119740759.5806196,
            "metadata": {
              "base": "U",
              "fmod_run_ids": [
                58,
                59,
                60,
                61,
                62,
                63,
                64
              ],
              "site": 12,
              "valtype": "modrate"
            }
          },
          "valtype": "modrate"
        },
        {
          "diagnostics": {
            "chisq": 3.169182178165189e-05,
            "covariance": {
              "matrix": [
                [
                  4.3529103233868836e+18,
                  -4.399574601578264e+18,
                  896374910.5858527
                ],
                [
                  -4.399574601578264e+18,
                  4.4496552863491236e+18,
                  -936461801.7583755
                ],
                [
                  896374910.5858527,
                  -936461801.7583755,
                  0.7426756813496148
                ]
              ],
              "params": [
                "log_kappa",
                "log_kdeg",
                "log_fmod_0"
              ]
            },
            "ndata": 7,
            "nfree": 4,
            "r2": -2.1256640891920142e-09,
            "reduced_chisq": 7.922955445412972e-06,
            "status": "completed",
            "success": true,
            "time_max": 191040.0,
            "time_min": 0.0
          },
          "nt_id": 402,
          "params": {
            "fmod0": 0.002173571435193074,
            "kdeg": 9.034306891740785e-14,
            "kobs": 0.0009153725971967656,
            "log_fmod0": -6.13138364164208,
            "log_fmod0_err": 0.8617863316098804,
            "log_kdeg": -30.03516209451285,
            "log_kdeg_err": 2109420604.419404,
            "log_kobs": -6.996179365525155,
            "log_kobs_err": 2086362941.433461,
            "metadata": {
              "base": "U",
              "fmod_run_ids": [
                58,
                59,
                60,
                61,
                62,
                63,
                64
              ],
              "site": 13,
              "valtype": "modrate"
            }
          },
          "valtype": "modrate"
        },
        {
          "diagnostics": {
            "chisq": 3.283627886749054e-08,
            "covariance": {
              "matrix": [
                [
                  2.548830295081974,
                  0.602903780928846,
                  -0.15776591694168884
                ],
                [
                  0.602903780928846,
                  16.235928975731493,
                  -0.21165707664413347
                ],
                [
                  -0.15776591694168884,
                  -0.21165707664413347,
                  0.013796388399879272
                ]
              ],
              "params": [
                "log_kappa",
                "log_kdeg",
                "log_fmod_0"
              ]
            },
            "ndata": 7,
            "nfree": 4,
            "r2": 0.09004049092853583,
            "reduced_chisq": 8.209069716872635e-09,
            "status": "completed",
            "success": true,
            "time_max": 191040.0,
            "time_min": 0.0
          },
          "nt_id": 403,
          "params": {
            "fmod0": 0.000739811137982563,
            "kdeg": 4.485655337300899e-05,
            "kobs": 6.0670437809560076e-05,
            "log_fmod0": -7.209115623282438,
            "log_fmod0_err": 0.11745802824787785,
            "log_kdeg": -10.012040862563724,
            "log_kdeg_err": 4.029383200408159,
            "log_kobs": -9.710053999791501,
            "log_kobs_err": 1.5965056514406626,
            "metadata": {
              "base": "G",
              "fmod_run_ids": [
                58,
                59,
                60,
                61,
                62,
                63,
                64
              ],
              "site": 14,
              "valtype": "modrate"
            }
          },
          "valtype": "modrate"
        },
        {
          "diagnostics": {
            "chisq": 3.8084393150883555e-06,
            "covariance": {
              "matrix": [
                [
                  0.006238170762192454,
                  -8.708828781027136e-05,
                  -0.07426622195952405
                ],
                [
                  -8.708828781027136e-05,
                  0.04321635108467341,
                  -0.12643880645963582
                ],
                [
                  -0.07426622195952405,
                  -0.12643880645963582,
                  1.5155968056316735
                ]
              ],
              "params": [
                "log_kappa",
                "log_kdeg",
                "log_fmod_0"
              ]
            },
            "ndata": 7,
            "nfree": 4,
            "r2": 0.9759839992270917,
            "reduced_chisq": 9.521098287720889e-07,
            "status": "completed",
            "success": true,
            "time_max": 191040.0,
            "time_min": 0.0
          },
          "nt_id": 404,
          "params": {
            "fmod0": 0.0007297095350694668,
            "kdeg": 3.051488656224796e-05,
            "kobs": 0.013224669829126118,
            "log_fmod0": -7.222864000169033,
            "log_fmod0_err": 1.2310957743537558,
            "log_kdeg": -10.397295909417034,
            "log_kdeg_err": 0.2078854277833668,
            "log_kobs": -4.3256712672109625,
            "log_kobs_err": 0.07898209140173773,
            "metadata": {
              "base": "A",
              "fmod_run_ids": [
                58,
                59,
                60,
                61,
                62,
                63,
                64
              ],
              "site": 15,
              "valtype": "modrate"
            }
          },
          "valtype": "modrate"
        },
        {
          "diagnostics": {
            "chisq": 2.5463827655152374e-06,
            "covariance": {
              "matrix": [
                [
                  0.010049578605270719,
                  -0.0035016850154281983,
                  -0.03214063528779202
                ],
                [
                  -0.0035016850154281983,
                  0.07681598535326488,
                  -0.06784820514747898
                ],
                [
                  -0.03214063528779202,
                  -0.06784820514747898,
                  0.225683497371853
                ]
              ],
              "params": [
                "log_kappa",
                "log_kdeg",
                "log_fmod_0"
              ]
            },
            "ndata": 7,
            "nfree": 4,
            "r2": 0.9622708226448338,
            "reduced_chisq": 6.365956913788093e-07,
            "status": "completed",
            "success": true,
            "time_max": 191040.0,
            "time_min": 0.0
          },
          "nt_id": 405,
          "params": {
            "fmod0": 0.001503341726071187,
            "kdeg": 2.44586769757836e-05,
            "kobs": 0.008587032056339594,
            "log_fmod0": -6.500064831398791,
            "log_fmod0_err": 0.4750615721902299,
            "log_kdeg": -10.618525518465608,
            "log_kdeg_err": 0.27715696879794466,
            "log_kobs": -4.757502114174314,
            "log_kobs_err": 0.10024758653090217,
            "metadata": {
              "base": "A",
              "fmod_run_ids": [
                58,
                59,
                60,
                61,
                62,
                63,
                64
              ],
              "site": 16,
              "valtype": "modrate"
            }
          },
          "valtype": "modrate"
        },
        {
          "diagnostics": {
            "chisq": 5.876847132089254e-08,
            "covariance": {
              "matrix": [
                [
                  0.4317352977989121,
                  -0.005797629491364474,
                  -0.10686428889412919
                ],
                [
                  -0.005797629491364474,
                  4.043799830279936,
                  -0.06800543575796407
                ],
                [
                  -0.10686428889412919,
                  -0.06800543575796407,
                  0.032254330292376815
                ]
              ],
              "params": [
                "log_kappa",
                "log_kdeg",
                "log_fmod_0"
              ]
            },
            "ndata": 7,
            "nfree": 4,
            "r2": 0.3667522031694035,
            "reduced_chisq": 1.4692117830223134e-08,
            "status": "completed",
            "success": true,
            "time_max": 191040.0,
            "time_min": 0.0
          },
          "nt_id": 406,
          "params": {
            "fmod0": 0.0006746873500549371,
            "kdeg": 0.00013306521564459704,
            "kobs": 0.00020265974120184437,
            "log_fmod0": -7.301261159498897,
            "log_fmod0_err": 0.17959490608694004,
            "log_kdeg": -8.924671206729,
            "log_kdeg_err": 2.0109201451773107,
            "log_kobs": -8.503982136951509,
            "log_kobs_err": 0.6570656723638149,
            "metadata": {
              "base": "U",
              "fmod_run_ids": [
                58,
                59,
                60,
                61,
                62,
                63,
                64
              ],
              "site": 17,
              "valtype": "modrate"
            }
          },
          "valtype": "modrate"
        },
        {
          "diagnostics": {
            "chisq": 1.0431933988118905e-05,
            "covariance": {
              "matrix": [
                [
                  0.00026717524555973523,
                  3.051764261026136e-05,
                  -0.010932233666872385
                ],
                [
                  3.051764261026136e-05,
                  0.0015762477394525955,
                  -0.014822455385190144
                ],
                [
                  -0.010932233666872385,
                  -0.014822455385190144,
                  0.671218993543898
                ]
              ],
              "params": [
                "log_kappa",
                "log_kdeg",
                "log_fmod_0"
              ]
            },
            "ndata": 7,
            "nfree": 4,
            "r2": 0.9990615860820651,
            "reduced_chisq": 2.6079834970297262e-06,
            "status": "completed",
            "success": true,
            "time_max": 191040.0,
            "time_min": 0.0
          },
          "nt_id": 407,
          "params": {
            "fmod0": 0.001868148063085951,
            "kdeg": 3.720804816676154e-05,
            "kobs": 0.1186974225402865,
            "log_fmod0": -6.282807679422645,
            "log_fmod0_err": 0.8192795576260267,
            "log_kdeg": -10.198985471516291,
            "log_kdeg_err": 0.0397019865932751,
            "log_kobs": -2.1311776916689364,
            "log_kobs_err": 0.016345496185791827,
            "metadata": {
              "base": "A",
              "fmod_run_ids": [
                58,
                59,
                60,
                61,
                62,
                63,
                64
              ],
              "site": 18,
              "valtype": "modrate"
            }
          },
          "valtype": "modrate"
        },
        {
          "diagnostics": {
            "chisq": 8.653178068414966e-09,
            "covariance": {
              "matrix": [
                [
                  0.0056142624193159865,
                  -0.006243422930748003,
                  -0.0019545469400001447
                ],
                [
                  -0.006243422930748003,
                  0.04731234505503419,
                  -0.006653832617778733
                ],
                [
                  -0.0019545469400001447,
                  -0.006653832617778733,
                  0.003235308824161411
                ]
              ],
              "params": [
                "log_kappa",
                "log_kdeg",
                "log_fmod_0"
              ]
            },
            "ndata": 7,
            "nfree": 4,
            "r2": 0.9812110333458739,
            "reduced_chisq": 2.1632945171037414e-09,
            "status": "completed",
            "success": true,
            "time_max": 191040.0,
            "time_min": 0.0
          },
          "nt_id": 408,
          "params": {
            "fmod0": 0.0007033847574602703,
            "kdeg": 1.8060746276131644e-05,
            "kobs": 0.0007322761784069208,
            "log_fmod0": -7.259606507962611,
            "log_fmod0_err": 0.056879775176783276,
            "log_kdeg": -10.921769688784225,
            "log_kdeg_err": 0.2175140111694743,
            "log_kobs": -7.219352822254404,
            "log_kobs_err": 0.07492838193445783,
            "metadata": {
              "base": "G",
              "fmod_run_ids": [
                58,
                59,
                60,
                61,
                62,
                63,
                64
              ],
              "site": 19,
              "valtype": "modrate"
            }
          },
          "valtype": "modrate"
        },
        {
          "diagnostics": {
            "chisq": 2.010006553069952e-07,
            "covariance": {
              "matrix": [
                [
                  6.161668839363579,
                  -8.427657540214973,
                  0.1423163581496414
                ],
                [
                  -8.427657540214973,
                  11.69448041686973,
                  -0.22676672082150998
                ],
                [
                  0.1423163581496414,
                  -0.22676672082150998,
                  0.012645349260927297
                ]
              ],
              "params": [
                "log_kappa",
                "log_kdeg",
                "log_fmod_0"
              ]
            },
            "ndata": 7,
            "nfree": 4,
            "r2": 0.7392289900894428,
            "reduced_chisq": 5.02501638267488e-08,
            "status": "completed",
            "success": true,
            "time_max": 191040.0,
            "time_min": 0.0
          },
          "nt_id": 409,
          "params": {
            "fmod0": 0.001497297809902342,
            "kdeg": 3.4038102741960823e-06,
            "kobs": 0.001723559237726967,
            "log_fmod0": -6.504093255519632,
            "log_fmod0_err": 0.11245154183437103,
            "log_kdeg": -12.590615084941573,
            "log_kdeg_err": 3.4197193476760237,
            "log_kobs": -6.363363801999247,
            "log_kobs_err": 2.4822709037016044,
            "metadata": {
              "base": "U",
              "fmod_run_ids": [
                58,
                59,
                60,
                61,
                62,
                63,
                64
              ],
              "site": 20,
              "valtype": "modrate"
            }
          },
          "valtype": "modrate"
        },
        {
          "diagnostics": {
            "chisq": 9.123833359917462e-08,
            "covariance": {
              "matrix": [
                [
                  0.24224580243827984,
                  -0.47987622094233956,
                  0.010757578257414385
                ],
                [
                  -0.47987622094233956,
                  1.1992164864134032,
                  -0.06779013590183133
                ],
                [
                  0.010757578257414385,
                  -0.06779013590183133,
                  0.01182886364221154
                ]
              ],
              "params": [
                "log_kappa",
                "log_kdeg",
                "log_fmod_0"
              ]
            },
            "ndata": 7,
            "nfree": 4,
            "r2": 0.8328158136296755,
            "reduced_chisq": 2.2809583399793655e-08,
            "status": "completed",
            "success": true,
            "time_max": 191040.0,
            "time_min": 0.0
          },
          "nt_id": 410,
          "params": {
            "fmod0": 0.0011065055050990698,
            "kdeg": 8.996965044455453e-06,
            "kobs": 0.0008815781062099488,
            "log_fmod0": -6.806548423249152,
            "log_fmod0_err": 0.10876057944959441,
            "log_kdeg": -11.618623254781316,
            "log_kdeg_err": 1.095087433227778,
            "log_kobs": -7.033796954027866,
            "log_kobs_err": 0.49218472389772505,
            "metadata": {
              "base": "G",
              "fmod_run_ids": [
                58,
                59,
                60,
                61,
                62,
                63,
                64
              ],
              "site": 21,
              "valtype": "modrate"
            }
          },
          "valtype": "modrate"
        },
        {
          "diagnostics": {
            "chisq": 1.9574655054688334e-05,
            "covariance": {
              "matrix": [
                [
                  0.009391670930059407,
                  -0.003791580692194642,
                  -0.03940987895368468
                ],
                [
                  -0.003791580692194642,
                  0.07160172640092724,
                  -0.08486904541992085
                ],
                [
                  -0.03940987895368468,
                  -0.08486904541992085,
                  0.37803748401831033
                ]
              ],
              "params": [
                "log_kappa",
                "log_kdeg",
                "log_fmod_0"
              ]
            },
            "ndata": 7,
            "nfree": 4,
            "r2": 0.9654231476274977,
            "reduced_chisq": 4.893663763672084e-06,
            "status": "completed",
            "success": true,
            "time_max": 191040.0,
            "time_min": 0.0
          },
          "nt_id": 411,
          "params": {
            "fmod0": 0.0032129867089865346,
            "kdeg": 2.3758549663130548e-05,
            "kobs": 0.02516085190518634,
            "log_fmod0": -5.740554335493593,
            "log_fmod0_err": 0.6148475290820565,
            "log_kdeg": -10.647568106446949,
            "log_kdeg_err": 0.2675849891173405,
            "log_kobs": -3.682465988216506,
            "log_kobs_err": 0.09691063373056337,
            "metadata": {
              "base": "A",
              "fmod_run_ids": [
                58,
                59,
                60,
                61,
                62,
                63,
                64
              ],
              "site": 22,
              "valtype": "modrate"
            }
          },
          "valtype": "modrate"
        },
        {
          "diagnostics": {
            "chisq": 6.268255428571427e-06,
            "ndata": 7,
            "nfree": 4,
            "r2": 0.0,
            "reduced_chisq": 1.5670638571428568e-06,
            "status": "completed",
            "success": true,
            "time_max": 191040.0,
            "time_min": 0.0
          },
          "nt_id": 412,
          "params": {
            "fmod0": 0.002442714286058616,
            "kdeg": 1.5427251818038996e-19,
            "kobs": 0.00016474523190993879,
            "log_fmod0": -6.014645445630032,
            "log_kdeg": -43.31556631578222,
            "log_kobs": -8.711110326366544,
            "metadata": {
              "base": "U",
              "fmod_run_ids": [
                58,
                59,
                60,
                61,
                62,
                63,
                64
              ],
              "site": 23,
              "valtype": "modrate"
            }
          },
          "valtype": "modrate"
        },
        {
          "diagnostics": {
            "chisq": 3.3520771435717634e-07,
            "ndata": 7,
            "nfree": 4,
            "r2": -2.131881338129915e-10,
            "reduced_chisq": 8.380192858929408e-08,
            "status": "completed",
            "success": true,
            "time_max": 191040.0,
            "time_min": 0.0
          },
          "nt_id": 413,
          "params": {
            "fmod0": 0.0016825714285059836,
            "kdeg": 0.12245095583740913,
            "kobs": 8.556725246271298e-14,
            "log_fmod0": -6.387432043553967,
            "log_kdeg": -2.100044689673968,
            "log_kobs": -30.08947374964746,
            "metadata": {
              "base": "U",
              "fmod_run_ids": [
                58,
                59,
                60,
                61,
                62,
                63,
                64
              ],
              "site": 24,
              "valtype": "modrate"
            }
          },
          "valtype": "modrate"
        },
        {
          "diagnostics": {
            "chisq": 4.1683154253732074e-07,
            "covariance": {
              "matrix": [
                [
                  4433101283524.103,
                  -4432664072645.156,
                  71227.8068041254
                ],
                [
                  -4432664072645.156,
                  4432226904886.338,
                  -71220.85958874167
                ],
                [
                  71227.8068041254,
                  -71220.85958874167,
                  0.019540903436561674
                ]
              ],
              "params": [
                "log_kappa",
                "log_kdeg",
                "log_fmod_0"
              ]
            },
            "ndata": 7,
            "nfree": 4,
            "r2": 0.30371046375033284,
            "reduced_chisq": 1.0420788563433018e-07,
            "status": "completed",
            "success": true,
            "time_max": 191040.0,
            "time_min": 0.0
          },
          "nt_id": 414,
          "params": {
            "fmod0": 0.0013724469892779573,
            "kdeg": 5.692267080354176e-12,
            "kobs": 432.48753950569454,
            "log_fmod0": -6.591160008803392,
            "log_fmod0_err": 0.1397887815118283,
            "log_kdeg": -25.89191251474374,
            "log_kdeg_err": 2105285.4687396525,
            "log_kobs": 6.069553515565449,
            "log_kobs_err": 2105493.1212245985,
            "metadata": {
              "base": "C",
              "fmod_run_ids": [
                58,
                59,
                60,
                61,
                62,
                63,
                64
              ],
              "site": 25,
              "valtype": "modrate"
            }
          },
          "valtype": "modrate"
        },
        {
          "diagnostics": {
            "chisq": 4.134892764070611e-07,
            "covariance": {
              "matrix": [
                [
                  0.0036611339043854042,
                  -0.0006887129766374123,
                  -0.009607946036506831
                ],
                [
                  -0.0006887129766374123,
                  0.026963717138366,
                  -0.01847314303029342
                ],
                [
                  -0.009607946036506831,
                  -0.01847314303029342,
                  0.049098080285600615
                ]
              ],
              "params": [
                "log_kappa",
                "log_kdeg",
                "log_fmod_0"
              ]
            },
            "ndata": 7,
