{
  "artifacts": {},
  "engine": "python_baseline",
  "engine_version": "0.1.0",
  "metadata": {
    "buffer_pH": 6.5,
    "done_by": [
      "EKC"
    ],
    "experiment_id": "ekc.01.0xx",
    "fmod_run_id": 634,
    "initial_kdeg": 0.019705462789320123,
    "initial_kdeg_source": "arrhenius:nmr:deg:dms:Schwalbe_bistris",
    "initial_log_kdeg": -3.926859382728182,
    "notes": "Baseline python engine demo using examples/nerd.sqlite",
    "rg_id": 26,
    "rg_label": "70_1_A8C",
    "rounds_requested": [
      "round1_free",
      "round2_global",
      "round3_constrained"
    ],
    "rt_protocol": [
      "MRT"
    ],
    "selected_site_bases": [
      "10_U",
      "11_U",
      "12_U",
      "13_U",
      "14_G",
      "15_A",
      "16_A",
      "17_U",
      "18_A",
      "19_G",
      "1_A",
      "20_U",
      "21_G",
      "22_A",
      "23_U",
      "24_U",
      "25_C",
      "26_A",
      "27_G",
      "28_G",
      "29_A",
      "2_G",
      "30_G",
      "31_G",
      "32_U",
      "33_U",
      "34_A",
      "35_A",
      "36_U",
      "3_G",
      "4_U",
      "5_U",
      "61_G",
      "62_G",
      "6_G",
      "7_A",
      "8_C",
      "9_C"
    ],
    "temperature_c": 70.0,
    "valtypes": [
      "modrate",
      "GAmodrate"
    ]
  },
  "rounds": [
    {
      "global_params": {},
      "notes": null,
      "per_nt": [
        {
          "diagnostics": {
            "reason": "Non-zero fmod values are required for a fit.",
            "status": "failed"
          },
          "nt_id": 470,
          "params": {},
          "valtype": "modrate"
        },
        {
          "diagnostics": {
            "reason": "Non-zero fmod values are required for a fit.",
            "status": "failed"
          },
          "nt_id": 471,
          "params": {},
          "valtype": "modrate"
        },
        {
          "diagnostics": {
            "reason": "Non-zero fmod values are required for a fit.",
            "status": "failed"
          },
          "nt_id": 472,
          "params": {},
          "valtype": "modrate"
        },
        {
          "diagnostics": {
            "reason": "Non-zero fmod values are required for a fit.",
            "status": "failed"
          },
          "nt_id": 473,
          "params": {},
          "valtype": "modrate"
        },
        {
          "diagnostics": {
            "chisq": 7.691719994376212e-08,
            "covariance": {
              "matrix": [
                [
                  0.017736146160896082,
                  0.003143240215476384,
                  -0.024858187623334516
                ],
                [
                  0.003143240215476384,
                  0.09935442444007847,
                  -0.027457202280062307
                ],
                [
                  -0.024858187623334516,
                  -0.027457202280062307,
                  0.04727922781951411
                ]
              ],
              "params": [
                "log_kappa",
                "log_kdeg",
                "log_fmod_0"
              ]
            },
            "ndata": 7,
            "nfree": 4,
            "r2": 0.9341706773748967,
            "reduced_chisq": 1.922929998594053e-08,
            "status": "completed",
            "success": true,
            "time_max": 300.0,
            "time_min": 0.0
          },
          "nt_id": 474,
          "params": {
            "fmod0": 0.000623722637006883,
            "kdeg": 0.03492582917553699,
            "kobs": 0.0011396397525400587,
            "log_fmod0": -7.379804780386837,
            "log_fmod0_err": 0.2174378711713167,
            "log_kdeg": -3.354528632516444,
            "log_kdeg_err": 0.3152053686726774,
            "log_kobs": -6.77704307306013,
            "log_kobs_err": 0.13317712326408046,
            "metadata": {
              "base": "U",
              "fmod_run_ids": [
                629,
                630,
                631,
                632,
                633,
                634,
                635
              ],
              "site": 5,
              "valtype": "modrate"
            }
          },
          "valtype": "modrate"
        },
        {
          "diagnostics": {
            "chisq": 3.54281700264039e-09,
            "covariance": {
              "matrix": [
                [
                  0.0015337090349640315,
                  -7.843704903097796e-05,
                  -0.0024350720736067335
                ],
                [
                  -7.843704903097796e-05,
                  0.010185904042744555,
                  -0.004570131564605478
                ],
                [
                  -0.0024350720736067335,
                  -0.004570131564605478,
                  0.007277164820368073
                ]
              ],
              "params": [
                "log_kappa",
                "log_kdeg",
                "log_fmod_0"
              ]
            },
            "ndata": 7,
            "nfree": 4,
            "r2": 0.9939097226440348,
            "reduced_chisq": 8.857042506600975e-10,
            "status": "completed",
            "success": true,
            "time_max": 300.0,
            "time_min": 0.0
          },
          "nt_id": 475,
          "params": {
            "fmod0": 0.00031860491651124705,
            "kdeg": 0.016656456161768085,
            "kobs": 0.0008141804886559959,
            "log_fmod0": -8.051558728996447,
            "log_fmod0_err": 0.08530630000397434,
            "log_kdeg": -4.094957380250633,
            "log_kdeg_err": 0.10092523986964091,
            "log_kobs": -7.113328486004694,
            "log_kobs_err": 0.0391625973980791,
            "metadata": {
              "base": "G",
              "fmod_run_ids": [
                629,
                630,
                631,
                632,
                633,
                634,
                635
              ],
              "site": 6,
              "valtype": "modrate"
            }
          },
          "valtype": "modrate"
        },
        {
          "diagnostics": {
            "chisq": 1.5788693045240738e-06,
            "covariance": {
              "matrix": [
                [
                  0.0005246002861596294,
                  8.3774796868646e-05,
                  -0.014266118389809245
                ],
                [
                  8.3774796868646e-05,
                  0.0028714942129364714,
                  -0.01924495753093791
                ],
                [
                  -0.014266118389809245,
                  -0.01924495753093791,
                  0.580533194651339
                ]
              ],
              "params": [
                "log_kappa",
                "log_kdeg",
                "log_fmod_0"
              ]
            },
            "ndata": 7,
            "nfree": 4,
            "r2": 0.9979820060908677,
            "reduced_chisq": 3.9471732613101844e-07,
            "status": "completed",
            "success": true,
            "time_max": 300.0,
            "time_min": 0.0
          },
          "nt_id": 476,
          "params": {
            "fmod0": 0.0007834741576361865,
            "kdeg": 0.023807447318957,
            "kobs": 0.03056424190562893,
            "log_fmod0": -7.151772479946125,
            "log_fmod0_err": 0.7619272896092769,
            "log_kdeg": -3.7377568346904146,
            "log_kdeg_err": 0.0535863248687244,
            "log_kobs": -3.4879245185039878,
            "log_kobs_err": 0.022904154342818017,
            "metadata": {
              "base": "A",
              "fmod_run_ids": [
                629,
                630,
                631,
                632,
                633,
                634,
                635
              ],
              "site": 7,
              "valtype": "modrate"
            }
          },
          "valtype": "modrate"
        },
        {
          "diagnostics": {
            "chisq": 0.000139915702151868,
            "covariance": {
              "matrix": [
                [
                  0.011493111577500287,
                  0.0017652124848666919,
                  -0.030840549271609445
                ],
                [
                  0.0017652124848666919,
                  0.060500897257665685,
                  -0.0334038176620942
                ],
                [
                  -0.030840549271609445,
                  -0.0334038176620942,
                  0.11341180447063154
                ]
              ],
              "params": [
                "log_kappa",
                "log_kdeg",
                "log_fmod_0"
              ]
            },
            "ndata": 7,
            "nfree": 4,
            "r2": 0.9589741059158542,
            "reduced_chisq": 3.4978925537967e-05,
            "status": "completed",
            "success": true,
            "time_max": 300.0,
            "time_min": 0.0
          },
          "nt_id": 477,
          "params": {
            "fmod0": 0.01713882475028594,
            "kdeg": 0.03271909930669204,
            "kobs": 0.0643472144787654,
            "log_fmod0": -4.0664089358246365,
            "log_fmod0_err": 0.3367666914506711,
            "log_kdeg": -3.419796294928062,
            "log_kdeg_err": 0.24596930145379053,
            "log_kobs": -2.743461632920185,
            "log_kobs_err": 0.10720593070115239,
            "metadata": {
              "base": "C",
              "fmod_run_ids": [
                629,
                630,
                631,
                632,
                633,
                634,
                635
              ],
              "site": 8,
              "valtype": "modrate"
            }
          },
          "valtype": "modrate"
        },
        {
          "diagnostics": {
            "chisq": 1.0571607357064805e-06,
            "covariance": {
              "matrix": [
                [
                  0.0004278611887397397,
                  6.748201077465018e-05,
                  -0.007792255584220438
                ],
                [
                  6.748201077465018e-05,
                  0.002356823097752607,
                  -0.010646331740588945
                ],
                [
                  -0.007792255584220438,
                  -0.010646331740588945,
                  0.21362041831691483
                ]
              ],
              "params": [
                "log_kappa",
                "log_kdeg",
                "log_fmod_0"
              ]
            },
            "ndata": 7,
            "nfree": 4,
            "r2": 0.9983481166867045,
            "reduced_chisq": 2.6429018392662013e-07,
            "status": "completed",
            "success": true,
            "time_max": 300.0,
            "time_min": 0.0
          },
          "nt_id": 478,
          "params": {
            "fmod0": 0.001055134946493647,
            "kdeg": 0.023453666141931916,
            "kobs": 0.027591779249850176,
            "log_fmod0": -6.854086608865683,
            "log_fmod0_err": 0.46219088947848685,
            "log_kdeg": -3.7527284576343307,
            "log_kdeg_err": 0.04854712244564663,
            "log_kobs": -3.590237403892425,
            "log_kobs_err": 0.020684805745757914,
            "metadata": {
              "base": "C",
              "fmod_run_ids": [
                629,
                630,
                631,
                632,
                633,
                634,
                635
              ],
              "site": 9,
              "valtype": "modrate"
            }
          },
          "valtype": "modrate"
        },
        {
          "diagnostics": {
            "chisq": 3.0315410221314246e-08,
            "covariance": {
              "matrix": [
                [
                  0.0315914828544721,
                  0.0011030671282217666,
                  -0.022827081780324932
                ],
                [
                  0.0011030671282217666,
                  0.22660016133059782,
                  -0.01784855571587021
                ],
                [
                  -0.022827081780324932,
                  -0.01784855571587021,
                  0.02075792617981119
                ]
              ],
              "params": [
                "log_kappa",
                "log_kdeg",
                "log_fmod_0"
              ]
            },
            "ndata": 7,
            "nfree": 4,
            "r2": 0.8878749489859454,
            "reduced_chisq": 7.578852555328562e-09,
            "status": "completed",
            "success": true,
            "time_max": 300.0,
            "time_min": 0.0
          },
          "nt_id": 479,
          "params": {
            "fmod0": 0.0006026951203585369,
            "kdeg": 0.06062449050786251,
            "kobs": 0.0005401085051093576,
            "log_fmod0": -7.414099093810462,
            "log_fmod0_err": 0.14407611245383875,
            "log_kdeg": -2.803056333753824,
            "log_kdeg_err": 0.47602537887238516,
            "log_kobs": -7.523740503203066,
            "log_kobs_err": 0.1777399303883967,
            "metadata": {
              "base": "U",
              "fmod_run_ids": [
                629,
                630,
                631,
                632,
                633,
                634,
                635
              ],
              "site": 10,
              "valtype": "modrate"
            }
          },
          "valtype": "modrate"
        },
        {
          "diagnostics": {
            "chisq": 1.2068468678785256e-08,
            "covariance": {
              "matrix": [
                [
                  0.007450719887621032,
                  -0.0005988929573195737,
                  -0.005483283963778143
                ],
                [
                  -0.0005988929573195737,
                  0.06739051539250344,
                  -0.003510720465079624
                ],
                [
                  -0.005483283963778143,
                  -0.003510720465079624,
                  0.004979416861729039
                ]
              ],
              "params": [
                "log_kappa",
                "log_kdeg",
                "log_fmod_0"
              ]
            },
            "ndata": 7,
            "nfree": 4,
            "r2": 0.9710973254016244,
            "reduced_chisq": 3.017117169696314e-09,
            "status": "completed",
            "success": true,
            "time_max": 300.0,
            "time_min": 0.0
          },
          "nt_id": 480,
          "params": {
            "fmod0": 0.0007779185423324609,
            "kdeg": 0.07712829779602394,
            "kobs": 0.0007016589557963451,
            "log_fmod0": -7.158888740639612,
            "log_fmod0_err": 0.07056498325465003,
            "log_kdeg": -2.562285038565071,
            "log_kdeg_err": 0.2595968324007507,
            "log_kobs": -7.262063089940164,
            "log_kobs_err": 0.08631755260444443,
            "metadata": {
              "base": "U",
              "fmod_run_ids": [
                629,
                630,
                631,
                632,
                633,
                634,
                635
              ],
              "site": 11,
              "valtype": "modrate"
            }
          },
          "valtype": "modrate"
        },
        {
          "diagnostics": {
            "chisq": 5.726072135093571e-08,
            "covariance": {
              "matrix": [
                [
                  0.022147271311402084,
                  -0.010587377665926255,
                  -0.016520898045143315
                ],
                [
                  -0.010587377665926255,
                  0.48642974130814676,
                  -0.0068325144380466715
                ],
                [
                  -0.016520898045143315,
                  -0.0068325144380466715,
                  0.014903784700111604
                ]
              ],
              "params": [
                "log_kappa",
                "log_kdeg",
                "log_fmod_0"
              ]
            },
            "ndata": 7,
            "nfree": 4,
            "r2": 0.9194585716893373,
            "reduced_chisq": 1.4315180337733927e-08,
            "status": "completed",
            "success": true,
            "time_max": 300.0,
            "time_min": 0.0
          },
          "nt_id": 481,
          "params": {
            "fmod0": 0.0009800093626500786,
            "kdeg": 0.1215963044985745,
            "kobs": 0.0008839486111472639,
            "log_fmod0": -6.927948432620723,
            "log_fmod0_err": 0.12208105790871737,
            "log_kdeg": -2.107048700548598,
            "log_kdeg_err": 0.6974451529031848,
            "log_kobs": -7.031111629202725,
            "log_kobs_err": 0.1488195931703957,
            "metadata": {
              "base": "U",
              "fmod_run_ids": [
                629,
                630,
                631,
                632,
                633,
                634,
                635
              ],
              "site": 12,
              "valtype": "modrate"
            }
          },
          "valtype": "modrate"
        },
        {
          "diagnostics": {
            "chisq": 4.636101880627135e-08,
            "covariance": {
              "matrix": [
                [
                  0.012385427319127881,
                  0.0014469175799962971,
                  -0.02348927110831147
                ],
                [
                  0.0014469175799962971,
                  0.07670132327446695,
                  -0.021807595551020794
                ],
                [
                  -0.02348927110831147,
                  -0.021807595551020794,
                  0.057666457822539104
                ]
              ],
              "params": [
                "log_kappa",
                "log_kdeg",
                "log_fmod_0"
              ]
            },
            "ndata": 7,
            "nfree": 4,
            "r2": 0.9529419301731274,
            "reduced_chisq": 1.1590254701567838e-08,
            "status": "completed",
            "success": true,
            "time_max": 300.0,
            "time_min": 0.0
          },
          "nt_id": 482,
          "params": {
            "fmod0": 0.00044474608877762646,
            "kdeg": 0.04731929600711707,
            "kobs": 0.0010652188011258256,
            "log_fmod0": -7.718007025661324,
            "log_fmod0_err": 0.2401384138836165,
            "log_kdeg": -3.050837117262478,
            "log_kdeg_err": 0.27695003750580527,
            "log_kobs": -6.844575053855604,
            "log_kobs_err": 0.11128983475200187,
            "metadata": {
              "base": "U",
              "fmod_run_ids": [
                629,
                630,
                631,
                632,
                633,
                634,
                635
              ],
              "site": 13,
              "valtype": "modrate"
            }
          },
          "valtype": "modrate"
        },
        {
          "diagnostics": {
            "chisq": 4.1540160555409904e-08,
            "covariance": {
              "matrix": [
                [
                  0.08334254372315246,
                  0.015904580889147923,
                  -0.19766872458659362
                ],
                [
                  0.015904580889147923,
                  0.4581583419100324,
                  -0.2420008395281551
                ],
                [
                  -0.19766872458659362,
                  -0.2420008395281551,
                  0.6620286995591879
                ]
              ],
              "params": [
                "log_kappa",
                "log_kdeg",
                "log_fmod_0"
              ]
            },
            "ndata": 7,
            "nfree": 4,
            "r2": 0.7512854587594006,
            "reduced_chisq": 1.0385040138852476e-08,
            "status": "completed",
            "success": true,
            "time_max": 300.0,
            "time_min": 0.0
          },
          "nt_id": 483,
          "params": {
            "fmod0": 0.00012087692510390734,
            "kdeg": 0.029009875899460153,
            "kobs": 0.00038384206051222757,
            "log_fmod0": -9.020737677915097,
            "log_fmod0_err": 0.8136514607368366,
            "log_kdeg": -3.5401189587118127,
            "log_kdeg_err": 0.6768739483168431,
            "log_kobs": -7.865279390733308,
            "log_kobs_err": 0.2886910870171652,
            "metadata": {
              "base": "G",
              "fmod_run_ids": [
                629,
                630,
                631,
                632,
                633,
                634,
                635
              ],
              "site": 14,
              "valtype": "modrate"
            }
          },
          "valtype": "modrate"
        },
        {
          "diagnostics": {
            "chisq": 7.592621407752778e-07,
            "covariance": {
              "matrix": [
                [
                  0.00022353211013923866,
                  3.864364341885038e-05,
                  -0.00939271127683402
                ],
                [
                  3.864364341885038e-05,
                  0.0012004954245347567,
                  -0.011829107682913008
                ],
                [
                  -0.00939271127683402,
                  -0.011829107682913008,
                  0.5705057496107414
                ]
              ],
              "params": [
                "log_kappa",
                "log_kdeg",
                "log_fmod_0"
              ]
            },
            "ndata": 7,
            "nfree": 4,
            "r2": 0.9991417884953466,
            "reduced_chisq": 1.8981553519381945e-07,
            "status": "completed",
            "success": true,
            "time_max": 300.0,
            "time_min": 0.0
          },
          "nt_id": 484,
          "params": {
            "fmod0": 0.0005532314059740305,
            "kdeg": 0.026415199049194343,
            "kobs": 0.03266487667706448,
            "log_fmod0": -7.499734188320846,
            "log_fmod0_err": 0.755318310125434,
            "log_kdeg": -3.633815712933551,
            "log_kdeg_err": 0.03464816625067994,
            "log_kobs": -3.4214548860810754,
            "log_kobs_err": 0.01495099027286282,
            "metadata": {
              "base": "A",
              "fmod_run_ids": [
                629,
                630,
                631,
                632,
                633,
                634,
                635
              ],
              "site": 15,
              "valtype": "modrate"
            }
          },
          "valtype": "modrate"
        },
        {
          "diagnostics": {
            "chisq": 1.1819532898994214e-06,
            "covariance": {
              "matrix": [
                [
                  0.000540062304739972,
                  9.147588068256323e-05,
                  -0.01707885482305849
                ],
                [
                  9.147588068256323e-05,
                  0.002941679297431237,
                  -0.022463474812559933
                ],
                [
                  -0.01707885482305849,
                  -0.022463474812559933,
                  0.7959805975968018
                ]
              ],
              "params": [
                "log_kappa",
                "log_kdeg",
                "log_fmod_0"
              ]
            },
            "ndata": 7,
            "nfree": 4,
            "r2": 0.9979137890881897,
            "reduced_chisq": 2.9548832247485536e-07,
            "status": "completed",
            "success": true,
            "time_max": 300.0,
            "time_min": 0.0
          },
          "nt_id": 485,
          "params": {
            "fmod0": 0.0005811207428603596,
            "kdeg": 0.024878559028589858,
            "kobs": 0.0259806313014749,
            "log_fmod0": -7.450552003666984,
            "log_fmod0_err": 0.892177447370646,
            "log_kdeg": -3.693748929645725,
            "log_kdeg_err": 0.05423725009097748,
            "log_kobs": -3.6504039685170175,
            "log_kobs_err": 0.023239240623135086,
            "metadata": {
              "base": "A",
              "fmod_run_ids": [
                629,
                630,
                631,
                632,
                633,
                634,
                635
              ],
              "site": 16,
              "valtype": "modrate"
            }
          },
          "valtype": "modrate"
        },
        {
          "diagnostics": {
            "chisq": 1.1821222984647316e-07,
            "covariance": {
              "matrix": [
                [
                  0.027775267237922847,
                  0.005266205063840304,
                  -0.04664908627015745
                ],
                [
                  0.005266205063840304,
                  0.15275317867450672,
                  -0.05582771962976911
                ],
                [
                  -0.04664908627015745,
                  -0.05582771962976911,
                  0.10959658559220814
                ]
              ],
              "params": [
                "log_kappa",
                "log_kdeg",
                "log_fmod_0"
              ]
            },
            "ndata": 7,
            "nfree": 4,
            "r2": 0.900696205637996,
            "reduced_chisq": 2.955305746161829e-08,
            "status": "completed",
            "success": true,
            "time_max": 300.0,
            "time_min": 0.0
          },
          "nt_id": 486,
          "params": {
            "fmod0": 0.0005027341492668035,
            "kdeg": 0.03016410270929809,
            "kobs": 0.0011239905223993875,
            "log_fmod0": -7.595449057870584,
            "log_fmod0_err": 0.3310537503068167,
            "log_kdeg": -3.501102713618423,
            "log_kdeg_err": 0.3908365114398944,
            "log_kobs": -6.790869959575202,
            "log_kobs_err": 0.1666591348769183,
            "metadata": {
              "base": "U",
              "fmod_run_ids": [
                629,
                630,
                631,
                632,
                633,
                634,
                635
              ],
              "site": 17,
              "valtype": "modrate"
            }
          },
          "valtype": "modrate"
        },
        {
          "diagnostics": {
            "chisq": 1.8112660368155455e-06,
            "covariance": {
              "matrix": [
                [
                  0.0007999461902033915,
                  0.00012205251614048843,
                  -0.016417385432176038
                ],
                [
                  0.00012205251614048843,
                  0.004438547527298542,
                  -0.022815297368247098
                ],
                [
                  -0.016417385432176038,
                  -0.022815297368247098,
                  0.5118812082534948
                ]
              ],
              "params": [
                "log_kappa",
                "log_kdeg",
                "log_fmod_0"
              ]
            },
            "ndata": 7,
            "nfree": 4,
            "r2": 0.9969108537005023,
            "reduced_chisq": 4.528165092038864e-07,
            "status": "completed",
            "success": true,
            "time_max": 300.0,
            "time_min": 0.0
          },
          "nt_id": 487,
          "params": {
            "fmod0": 0.0008902026270465088,
            "kdeg": 0.02292236307434199,
            "kobs": 0.026356874324540102,
            "log_fmod0": -7.024061450312387,
            "log_fmod0_err": 0.7154587397282214,
            "log_kdeg": -3.775642291475357,
            "log_kdeg_err": 0.06662242510820618,
            "log_kobs": -3.6360261528375997,
            "log_kobs_err": 0.028283319999663964,
            "metadata": {
              "base": "A",
              "fmod_run_ids": [
                629,
                630,
                631,
                632,
                633,
                634,
                635
              ],
              "site": 18,
              "valtype": "modrate"
            }
          },
          "valtype": "modrate"
        },
        {
          "diagnostics": {
            "chisq": 1.5081407073069517e-08,
            "covariance": {
              "matrix": [
                [
                  0.011002385346849079,
                  0.001981651833759154,
                  -0.014408006895066572
                ],
                [
                  0.001981651833759154,
                  0.06140505019085397,
                  -0.016110954508286365
                ],
                [
                  -0.014408006895066572,
                  -0.016110954508286365,
                  0.025710501765583257
                ]
              ],
              "params": [
                "log_kappa",
                "log_kdeg",
                "log_fmod_0"
              ]
            },
            "ndata": 7,
            "nfree": 4,
            "r2": 0.9581041767653511,
            "reduced_chisq": 3.770351768267379e-09,
            "status": "completed",
            "success": true,
            "time_max": 300.0,
            "time_min": 0.0
          },
          "nt_id": 488,
          "params": {
            "fmod0": 0.0003739992820269993,
            "kdeg": 0.03417011427158073,
            "kobs": 0.0006399937950296391,
            "log_fmod0": -7.89125668026549,
            "log_fmod0_err": 0.1603449461803622,
            "log_kdeg": -3.3764038686527225,
            "log_kdeg_err": 0.2478004241135474,
            "log_kobs": -7.354052076923745,
            "log_kobs_err": 0.10489225589550966,
            "metadata": {
              "base": "G",
              "fmod_run_ids": [
                629,
                630,
                631,
                632,
                633,
                634,
                635
              ],
              "site": 19,
              "valtype": "modrate"
            }
          },
          "valtype": "modrate"
        },
        {
          "diagnostics": {
            "chisq": 1.2235614462806868e-08,
            "covariance": {
              "matrix": [
                [
                  0.004815722728084443,
                  6.0710719101894045e-05,
                  -0.0044974132415080675
                ],
                [
                  6.0710719101894045e-05,
                  0.03602066452012037,
                  -0.0033720005543222556
                ],
                [
                  -0.0044974132415080675,
                  -0.0033720005543222556,
                  0.005259478681650069
                ]
              ],
              "params": [
                "log_kappa",
                "log_kdeg",
                "log_fmod_0"
              ]
            },
            "ndata": 7,
            "nfree": 4,
            "r2": 0.9811167632391755,
            "reduced_chisq": 3.058903615701717e-09,
            "status": "completed",
            "success": true,
            "time_max": 300.0,
            "time_min": 0.0
          },
          "nt_id": 489,
          "params": {
            "fmod0": 0.0007611610765086621,
            "kdeg": 0.0639475792458663,
            "kobs": 0.0008792457034418266,
            "log_fmod0": -7.180665558231371,
            "log_fmod0_err": 0.07252226335167752,
            "log_kdeg": -2.7496916055304252,
            "log_kdeg_err": 0.1897911075896876,
            "log_kobs": -7.036446173239322,
            "log_kobs_err": 0.06939540855189516,
            "metadata": {
              "base": "U",
              "fmod_run_ids": [
                629,
                630,
                631,
                632,
                633,
                634,
                635
              ],
              "site": 20,
              "valtype": "modrate"
            }
          },
          "valtype": "modrate"
        },
        {
          "diagnostics": {
            "chisq": 4.310036166656564e-09,
            "covariance": {
              "matrix": [
                [
                  0.002008868828320707,
                  0.00011017261279620294,
                  -0.0016926970234017208
                ],
                [
                  0.00011017261279620294,
                  0.012498753752954768,
                  -0.0028542525511224435
                ],
                [
                  -0.0016926970234017208,
                  -0.0028542525511224435,
                  0.002445538594135221
                ]
              ],
              "params": [
                "log_kappa",
                "log_kdeg",
                "log_fmod_0"
              ]
            },
            "ndata": 7,
            "nfree": 4,
            "r2": 0.9920384060778367,
            "reduced_chisq": 1.077509041664141e-09,
            "status": "completed",
            "success": true,
            "time_max": 300.0,
            "time_min": 0.0
          },
          "nt_id": 490,
          "params": {
            "fmod0": 0.0006135612350706478,
            "kdeg": 0.018525348482172226,
            "kobs": 0.0007847555518977342,
            "log_fmod0": -7.396230486128168,
            "log_fmod0_err": 0.049452387142940035,
            "log_kdeg": -3.988615296523628,
            "log_kdeg_err": 0.11179782534984645,
            "log_kobs": -7.150138287532947,
            "log_kobs_err": 0.044820406382815266,
            "metadata": {
              "base": "G",
              "fmod_run_ids": [
                629,
                630,
                631,
                632,
                633,
                634,
                635
              ],
              "site": 21,
              "valtype": "modrate"
            }
          },
          "valtype": "modrate"
        },
        {
          "diagnostics": {
            "chisq": 1.3558993397357396e-06,
            "covariance": {
              "matrix": [
                [
                  0.0004090657315550169,
                  6.794257628897746e-05,
                  -0.010234486660325389
                ],
                [
                  6.794257628897746e-05,
                  0.0022173766851649904,
                  -0.013423524218531416
                ],
                [
                  -0.010234486660325389,
                  -0.013423524218531416,
                  0.37766672544012964
                ]
              ],
              "params": [
                "log_kappa",
                "log_kdeg",
                "log_fmod_0"
              ]
            },
            "ndata": 7,
            "nfree": 4,
            "r2": 0.9984291768727052,
            "reduced_chisq": 3.389748349339349e-07,
            "status": "completed",
            "success": true,
            "time_max": 300.0,
            "time_min": 0.0
          },
          "nt_id": 491,
          "params": {
            "fmod0": 0.0009035802073723654,
            "kdeg": 0.02478681834022953,
            "kobs": 0.03217729424710536,
            "log_fmod0": -7.009145677802042,
            "log_fmod0_err": 0.6145459506335793,
            "log_kdeg": -3.6974432856563846,
            "log_kdeg_err": 0.04708902935042291,
            "log_kobs": -3.436494222770707,
            "log_kobs_err": 0.02022537345897516,
            "metadata": {
              "base": "A",
              "fmod_run_ids": [
                629,
                630,
                631,
                632,
                633,
                634,
                635
              ],
              "site": 22,
              "valtype": "modrate"
            }
          },
          "valtype": "modrate"
        },
        {
          "diagnostics": {
            "chisq": 2.1959037926530112e-07,
            "covariance": {
              "matrix": [
                [
                  0.06272147781901084,
                  -0.016360217470419682,
                  -0.04618431472184101
                ],
                [
                  -0.016360217470419682,
                  0.8507057070150355,
                  -0.023276767150646405
                ],
                [
                  -0.04618431472184101,
                  -0.023276767150646405,
                  0.04139613782560876
                ]
              ],
              "params": [
                "log_kappa",
                "log_kdeg",
                "log_fmod_0"
              ]
            },
            "ndata": 7,
            "nfree": 4,
            "r2": 0.8003911509025505,
            "reduced_chisq": 5.489759481632528e-08,
            "status": "completed",
            "success": true,
            "time_max": 300.0,
            "time_min": 0.0
          },
          "nt_id": 492,
          "params": {
            "fmod0": 0.0011514545162244739,
            "kdeg": 0.09958684038506156,
            "kobs": 0.0010302821751495886,
            "log_fmod0": -6.766729339071615,
            "log_fmod0_err": 0.20346040849661332,
            "log_kdeg": -2.306725247768791,
            "log_kdeg_err": 0.9223370896884909,
            "log_kobs": -6.877922557803899,
            "log_kobs_err": 0.2504425639123886,
            "metadata": {
              "base": "U",
              "fmod_run_ids": [
                629,
                630,
                631,
                632,
                633,
                634,
                635
              ],
              "site": 23,
              "valtype": "modrate"
            }
          },
          "valtype": "modrate"
        },
        {
          "diagnostics": {
            "chisq": 7.795914028724632e-08,
            "covariance": {
              "matrix": [
                [
                  0.01714740829712822,
                  0.00293925265488127,
                  -0.014985946959756156
                ],
                [
                  0.00293925265488127,
                  0.09694040108020452,
                  -0.01617795760230896
                ],
                [
                  -0.014985946959756156,
                  -0.01617795760230896,
                  0.01763820082851248
                ]
              ],
              "params": [
                "log_kappa",
                "log_kdeg",
                "log_fmod_0"
              ]
            },
            "ndata": 7,
            "nfree": 4,
            "r2": 0.9361931020616777,
            "reduced_chisq": 1.948978507181158e-08,
            "status": "completed",
            "success": true,
            "time_max": 300.0,
            "time_min": 0.0
          },
          "nt_id": 493,
          "params": {
            "fmod0": 0.0010306872506608653,
            "kdeg": 0.03643056207269143,
            "kobs": 0.001168184227157662,
            "log_fmod0": -6.877529465590672,
            "log_fmod0_err": 0.13280888836411694,
            "log_kdeg": -3.312347239239309,
            "log_kdeg_err": 0.31135253504701793,
            "log_kobs": -6.752304678283095,
            "log_kobs_err": 0.13094811299567558,
            "metadata": {
              "base": "U",
              "fmod_run_ids": [
                629,
                630,
                631,
                632,
                633,
                634,
                635
              ],
              "site": 24,
              "valtype": "modrate"
            }
          },
          "valtype": "modrate"
        },
        {
          "diagnostics": {
            "chisq": 3.079200008963182e-06,
            "covariance": {
              "matrix": [
                [
                  0.0004941159976797827,
                  7.942182849994284e-05,
