{
  "artifacts": {},
  "engine": "python_baseline",
  "engine_version": "0.1.0",
  "metadata": {
    "buffer_pH": 6.4,
    "done_by": [
      "EKC"
    ],
    "experiment_id": "ekc.01.0xx",
    "fmod_run_id": 672,
    "initial_kdeg": 0.019966431018638382,
    "initial_kdeg_source": "arrhenius:nmr:deg:dms:Schwalbe_bistris",
    "initial_log_kdeg": -3.9137028646700216,
    "notes": "Baseline python engine demo using examples/nerd.sqlite",
    "rg_id": 118,
    "rg_label": "70_2_12",
    "rounds_requested": [
      "round1_free",
      "round2_global",
      "round3_constrained"
    ],
    "rt_protocol": [
      "MRT"
    ],
    "selected_site_bases": [
      "17_G",
      "18_G",
      "19_C",
      "1_U",
      "20_A",
      "21_G",
      "22_A",
      "23_U",
      "24_C",
      "25_U",
      "26_G",
      "27_A",
      "28_G",
      "29_C",
      "2_A",
      "30_U",
      "31_U",
      "32_G",
      "33_G",
      "34_G",
      "35_A",
      "36_G",
      "37_C",
      "38_U",
      "39_C",
      "3_A",
      "40_U",
      "41_C",
      "42_U",
      "43_G",
      "44_C",
      "45_C",
      "61_A",
      "62_A",
      "63_U",
      "64_C"
    ],
    "temperature_c": 70.0,
    "valtypes": [
      "modrate"
    ]
  },
  "rounds": [
    {
      "global_params": {},
      "notes": null,
      "per_nt": [
        {
          "diagnostics": {
            "reason": "Non-zero fmod values are required for a fit.",
            "status": "failed"
          },
          "nt_id": 93,
          "params": {},
          "valtype": "modrate"
        },
        {
          "diagnostics": {
            "reason": "Non-zero fmod values are required for a fit.",
            "status": "failed"
          },
          "nt_id": 94,
          "params": {},
          "valtype": "modrate"
        },
        {
          "diagnostics": {
            "reason": "Non-zero fmod values are required for a fit.",
            "status": "failed"
          },
          "nt_id": 95,
          "params": {},
          "valtype": "modrate"
        },
        {
          "diagnostics": {
            "reason": "Non-zero fmod values are required for a fit.",
            "status": "failed"
          },
          "nt_id": 96,
          "params": {},
          "valtype": "modrate"
        },
        {
          "diagnostics": {
            "chisq": 6.828666475110748e-08,
            "covariance": {
              "matrix": [
                [
                  0.05609364815914295,
                  0.0031612389498641676,
                  -0.07077482047500984
                ],
                [
                  0.0031612389498641676,
                  0.386686116781817,
                  -0.0577117183613316
                ],
                [
                  -0.07077482047500984,
                  -0.0577117183613316,
                  0.11302047299440643
                ]
              ],
              "params": [
                "log_kappa",
                "log_kdeg",
                "log_fmod_0"
              ]
            },
            "ndata": 7,
            "nfree": 4,
            "r2": 0.8168948350284682,
            "reduced_chisq": 1.707166618777687e-08,
            "status": "completed",
            "success": true,
            "time_max": 300.0,
            "time_min": 0.0
          },
          "nt_id": 97,
          "params": {
            "fmod0": 0.00038732433694163034,
            "kdeg": 0.05732066569670787,
            "kobs": 0.0006082472008682826,
            "log_fmod0": -7.8562481359748695,
            "log_fmod0_err": 0.336185176642883,
            "log_kdeg": -2.8590940623996555,
            "log_kdeg_err": 0.6218409095434434,
            "log_kobs": -7.404929178254046,
            "log_kobs_err": 0.23684097652041328,
            "metadata": {
              "base": "G",
              "fmod_run_ids": [
                671,
                672,
                673,
                674,
                675,
                676,
                677
              ],
              "site": 18,
              "valtype": "modrate"
            }
          },
          "valtype": "modrate"
        },
        {
          "diagnostics": {
            "chisq": 4.089990051214325e-06,
            "covariance": {
              "matrix": [
                [
                  0.0019900985830201222,
                  0.00035646010170211544,
                  -0.038903962881391155
                ],
                [
                  0.00035646010170211544,
                  0.010713329200240486,
                  -0.04728326831139881
                ],
                [
                  -0.038903962881391155,
                  -0.04728326831139881,
                  1.0788487045161874
                ]
              ],
              "params": [
                "log_kappa",
                "log_kdeg",
                "log_fmod_0"
              ]
            },
            "ndata": 7,
            "nfree": 4,
            "r2": 0.992355048850625,
            "reduced_chisq": 1.0224975128035812e-06,
            "status": "completed",
            "success": true,
            "time_max": 300.0,
            "time_min": 0.0
          },
          "nt_id": 98,
          "params": {
            "fmod0": 0.0009388496997528851,
            "kdeg": 0.028328902895687406,
            "kobs": 0.025275025413584028,
            "log_fmod0": -6.970855155728578,
            "log_fmod0_err": 1.0386764195437324,
            "log_kdeg": -3.5638726917742445,
            "log_kdeg_err": 0.10350521339642987,
            "log_kobs": -3.67793850859306,
            "log_kobs_err": 0.04461052099023416,
            "metadata": {
              "base": "C",
              "fmod_run_ids": [
                671,
                672,
                673,
                674,
                675,
                676,
                677
              ],
              "site": 19,
              "valtype": "modrate"
            }
          },
          "valtype": "modrate"
        },
        {
          "diagnostics": {
            "chisq": 2.894843726991464e-07,
            "covariance": {
              "matrix": [
                [
                  0.00023691804175043172,
                  4.1307984055998684e-05,
                  -0.008888716842873396
                ],
                [
                  4.1307984055998684e-05,
                  0.0012949626744897047,
                  -0.01164703207908516
                ],
                [
                  -0.008888716842873396,
                  -0.01164703207908516,
                  0.48935117902234876
                ]
              ],
              "params": [
                "log_kappa",
                "log_kdeg",
                "log_fmod_0"
              ]
            },
            "ndata": 7,
            "nfree": 4,
            "r2": 0.9990775230669335,
            "reduced_chisq": 7.23710931747866e-08,
            "status": "completed",
            "success": true,
            "time_max": 300.0,
            "time_min": 0.0
          },
          "nt_id": 99,
          "params": {
            "fmod0": 0.00036714896046170087,
            "kdeg": 0.0252438849701995,
            "kobs": 0.019287403517603344,
            "log_fmod0": -7.909742905442852,
            "log_fmod0_err": 0.6995364029286458,
            "log_kdeg": -3.679171331988974,
            "log_kdeg_err": 0.03598558981717133,
            "log_kobs": -3.9483030636331287,
            "log_kobs_err": 0.015392142207971953,
            "metadata": {
              "base": "A",
              "fmod_run_ids": [
                671,
                672,
                673,
                674,
                675,
                676,
                677
              ],
              "site": 20,
              "valtype": "modrate"
            }
          },
          "valtype": "modrate"
        },
        {
          "diagnostics": {
            "chisq": 5.0390681204501936e-08,
            "covariance": {
              "matrix": [
                [
                  0.03402286029071275,
                  0.004542145817503472,
                  -0.051446663051749
                ],
                [
                  0.004542145817503472,
                  0.20494347856316023,
                  -0.04971664704495491
                ],
                [
                  -0.051446663051749,
                  -0.04971664704495491,
                  0.10159123344613058
                ]
              ],
              "params": [
                "log_kappa",
                "log_kdeg",
                "log_fmod_0"
              ]
            },
            "ndata": 7,
            "nfree": 4,
            "r2": 0.8805885391085567,
            "reduced_chisq": 1.2597670301125484e-08,
            "status": "completed",
            "success": true,
            "time_max": 300.0,
            "time_min": 0.0
          },
          "nt_id": 100,
          "params": {
            "fmod0": 0.00034855246888180694,
            "kdeg": 0.04434284866433369,
            "kobs": 0.0006691355253057477,
            "log_fmod0": -7.9617217827638616,
            "log_fmod0_err": 0.31873379715074235,
            "log_kdeg": -3.11580383093222,
            "log_kdeg_err": 0.45270683511866733,
            "log_kobs": -7.309523939420028,
            "log_kobs_err": 0.18445286739628838,
            "metadata": {
              "base": "G",
              "fmod_run_ids": [
                671,
                672,
                673,
                674,
                675,
                676,
                677
              ],
              "site": 21,
              "valtype": "modrate"
            }
          },
          "valtype": "modrate"
        },
        {
          "diagnostics": {
            "chisq": 1.4368570900471481e-06,
            "covariance": {
              "matrix": [
                [
                  0.0015113421205958711,
                  0.00027628977294041977,
                  -0.04613642647255096
                ],
                [
                  0.00027628977294041977,
                  0.008195505850899643,
                  -0.05683509503828451
                ],
                [
                  -0.04613642647255096,
                  -0.05683509503828451,
                  2.0047071706389494
                ]
              ],
              "params": [
                "log_kappa",
                "log_kdeg",
                "log_fmod_0"
              ]
            },
            "ndata": 7,
            "nfree": 4,
            "r2": 0.9941337466899643,
            "reduced_chisq": 3.5921427251178703e-07,
            "status": "completed",
            "success": true,
            "time_max": 300.0,
            "time_min": 0.0
          },
          "nt_id": 101,
          "params": {
            "fmod0": 0.0004076833196471741,
            "kdeg": 0.02801386803460417,
            "kobs": 0.017037102573157728,
            "log_fmod0": -7.805019862277058,
            "log_fmod0_err": 1.4158768204328191,
            "log_kdeg": -3.575055604470881,
            "log_kdeg_err": 0.09052903319322284,
            "log_kobs": -4.072361808825379,
            "log_kobs_err": 0.038875983853735085,
            "metadata": {
              "base": "A",
              "fmod_run_ids": [
                671,
                672,
                673,
                674,
                675,
                676,
                677
              ],
              "site": 22,
              "valtype": "modrate"
            }
          },
          "valtype": "modrate"
        },
        {
          "diagnostics": {
            "chisq": 2.1402841182127392e-08,
            "covariance": {
              "matrix": [
                [
                  0.02017209720087208,
                  0.0036311719688412185,
                  -0.0073153057174570515
                ],
                [
                  0.0036311719688412185,
                  0.11261308131767649,
                  -0.008175131686199166
                ],
                [
                  -0.0073153057174570515,
                  -0.008175131686199166,
                  0.003614137374614329
                ]
              ],
              "params": [
                "log_kappa",
                "log_kdeg",
                "log_fmod_0"
              ]
            },
            "ndata": 7,
            "nfree": 4,
            "r2": 0.9257726505679315,
            "reduced_chisq": 5.350710295531848e-09,
            "status": "completed",
            "success": true,
            "time_max": 300.0,
            "time_min": 0.0
          },
          "nt_id": 102,
          "params": {
            "fmod0": 0.0011884447565664307,
            "kdeg": 0.034209942259439255,
            "kobs": 0.0005630379799288118,
            "log_fmod0": -6.735109753888057,
            "log_fmod0_err": 0.06011769601884564,
            "log_kdeg": -3.375238967821021,
            "log_kdeg_err": 0.33557872596110216,
            "log_kobs": -7.4821634721908215,
            "log_kobs_err": 0.14202850840895317,
            "metadata": {
              "base": "U",
              "fmod_run_ids": [
                671,
                672,
                673,
                674,
                675,
                676,
                677
              ],
              "site": 23,
              "valtype": "modrate"
            }
          },
          "valtype": "modrate"
        },
        {
          "diagnostics": {
            "chisq": 1.3888218736589342e-06,
            "covariance": {
              "matrix": [
                [
                  0.00084499427626012,
                  0.0001524749145868607,
                  -0.010949731442065111
                ],
                [
                  0.0001524749145868607,
                  0.004558956807598091,
                  -0.013267095099161673
                ],
                [
                  -0.010949731442065111,
                  -0.013267095099161673,
                  0.20083457073145394
                ]
              ],
              "params": [
                "log_kappa",
                "log_kdeg",
                "log_fmod_0"
              ]
            },
            "ndata": 7,
            "nfree": 4,
            "r2": 0.996730182474143,
            "reduced_chisq": 3.4720546841473356e-07,
            "status": "completed",
            "success": true,
            "time_max": 300.0,
            "time_min": 0.0
          },
          "nt_id": 103,
          "params": {
            "fmod0": 0.0012687486915411552,
            "kdeg": 0.02859371720206575,
            "kobs": 0.022545851819972,
            "log_fmod0": -6.66972414647232,
            "log_fmod0_err": 0.4481457025694366,
            "log_kdeg": -3.5545682635385805,
            "log_kdeg_err": 0.06752004744961373,
            "log_kobs": -3.792204184723629,
            "log_kobs_err": 0.029068785256011646,
            "metadata": {
              "base": "C",
              "fmod_run_ids": [
                671,
                672,
                673,
                674,
                675,
                676,
                677
              ],
              "site": 24,
              "valtype": "modrate"
            }
          },
          "valtype": "modrate"
        },
        {
          "diagnostics": {
            "chisq": 4.2440079145367063e-08,
            "covariance": {
              "matrix": [
                [
                  0.03778174396563945,
                  0.004024674695912334,
                  -0.013849732053332635
                ],
                [
                  0.004024674695912334,
                  0.23833015792389542,
                  -0.012557026628187237
                ],
                [
                  -0.013849732053332635,
                  -0.012557026628187237,
                  0.006540235575815183
                ]
              ],
              "params": [
                "log_kappa",
                "log_kdeg",
                "log_fmod_0"
              ]
            },
            "ndata": 7,
            "nfree": 4,
            "r2": 0.8689796351575789,
            "reduced_chisq": 1.0610019786341766e-08,
            "status": "completed",
            "success": true,
            "time_max": 300.0,
            "time_min": 0.0
          },
          "nt_id": 104,
          "params": {
            "fmod0": 0.0012650128173132182,
            "kdeg": 0.04914070171754931,
            "kobs": 0.0005835174401603949,
            "log_fmod0": -6.672673024590571,
            "log_fmod0_err": 0.08087172296801387,
            "log_kdeg": -3.0130676320246534,
            "log_kdeg_err": 0.48819069831767115,
            "log_kobs": -7.446436217806187,
            "log_kobs_err": 0.19437526582782969,
            "metadata": {
              "base": "U",
              "fmod_run_ids": [
                671,
                672,
                673,
                674,
                675,
                676,
                677
              ],
              "site": 25,
              "valtype": "modrate"
            }
          },
          "valtype": "modrate"
        },
        {
          "diagnostics": {
            "chisq": 3.405379185455004e-08,
            "covariance": {
              "matrix": [
                [
                  0.0407324281566199,
                  0.006817877974506028,
                  -0.041908277368488976
                ],
                [
                  0.006817877974506028,
                  0.2320180164469451,
                  -0.04457814199903144
                ],
                [
                  -0.041908277368488976,
                  -0.04457814199903144,
                  0.057788986159195754
                ]
              ],
              "params": [
                "log_kappa",
                "log_kdeg",
                "log_fmod_0"
              ]
            },
            "ndata": 7,
            "nfree": 4,
            "r2": 0.8605448511872695,
            "reduced_chisq": 8.51344796363751e-09,
            "status": "completed",
            "success": true,
            "time_max": 300.0,
            "time_min": 0.0
          },
          "nt_id": 105,
          "params": {
            "fmod0": 0.00037692955765571736,
            "kdeg": 0.03747214253026167,
            "kobs": 0.0005009451612811447,
            "log_fmod0": -7.88345223769443,
            "log_fmod0_err": 0.2403933987429683,
            "log_kdeg": -3.28415748792703,
            "log_kdeg_err": 0.4816824850946369,
            "log_kobs": -7.5990139213911,
            "log_kobs_err": 0.2018227642180631,
            "metadata": {
              "base": "G",
              "fmod_run_ids": [
                671,
                672,
                673,
                674,
                675,
                676,
                677
              ],
              "site": 26,
              "valtype": "modrate"
            }
          },
          "valtype": "modrate"
        },
        {
          "diagnostics": {
            "chisq": 3.543950479548611e-07,
            "covariance": {
              "matrix": [
                [
                  0.0003124990208673689,
                  5.420661636966886e-05,
                  -0.020240308403905557
                ],
                [
                  5.420661636966886e-05,
                  0.0017117402496101195,
                  -0.026691777455962438
                ],
                [
                  -0.020240308403905557,
                  -0.026691777455962438,
                  1.9295148009718963
                ]
              ],
              "params": [
                "log_kappa",
                "log_kdeg",
                "log_fmod_0"
              ]
            },
            "ndata": 7,
            "nfree": 4,
            "r2": 0.998782599378482,
            "reduced_chisq": 8.859876198871528e-08,
            "status": "completed",
            "success": true,
            "time_max": 300.0,
            "time_min": 0.0
          },
          "nt_id": 106,
          "params": {
            "fmod0": 0.0002043938772823494,
            "kdeg": 0.025016609609150864,
            "kobs": 0.018561100800734972,
            "log_fmod0": -8.495461654670704,
            "log_fmod0_err": 1.3890697610170255,
            "log_kdeg": -3.688215290353489,
            "log_kdeg_err": 0.04137318273483585,
            "log_kobs": -3.9866872429984466,
            "log_kobs_err": 0.01767764183558907,
            "metadata": {
              "base": "A",
              "fmod_run_ids": [
                671,
                672,
                673,
                674,
                675,
                676,
                677
              ],
              "site": 27,
              "valtype": "modrate"
            }
          },
          "valtype": "modrate"
        },
        {
          "diagnostics": {
            "chisq": 4.085637078748079e-08,
            "covariance": {
              "matrix": [
                [
                  0.040799627957115975,
                  0.002706498723937509,
                  -0.06214838555908441
                ],
                [
                  0.002706498723937509,
                  0.2762422336669541,
                  -0.05170901875667609
                ],
                [
                  -0.06214838555908441,
                  -0.05170901875667609,
                  0.12017079394664763
                ]
              ],
              "params": [
                "log_kappa",
                "log_kdeg",
                "log_fmod_0"
              ]
            },
            "ndata": 7,
            "nfree": 4,
            "r2": 0.8598359777887946,
            "reduced_chisq": 1.0214092696870198e-08,
            "status": "completed",
            "success": true,
            "time_max": 300.0,
            "time_min": 0.0
          },
          "nt_id": 107,
          "params": {
            "fmod0": 0.0002904114611427252,
            "kdeg": 0.05574500831134181,
            "kobs": 0.000551541033105201,
            "log_fmod0": -8.144211809047503,
            "log_fmod0_err": 0.3466565936869622,
            "log_kdeg": -2.886967409666877,
            "log_kdeg_err": 0.525587512852954,
            "log_kobs": -7.502794319309177,
            "log_kobs_err": 0.20198917782177334,
            "metadata": {
              "base": "G",
              "fmod_run_ids": [
                671,
                672,
                673,
                674,
                675,
                676,
                677
              ],
              "site": 28,
              "valtype": "modrate"
            }
          },
          "valtype": "modrate"
        },
        {
          "diagnostics": {
            "chisq": 1.716680034530623e-06,
            "covariance": {
              "matrix": [
                [
                  0.0009560510982421953,
                  0.00015805904910340426,
                  -0.011877505528755706
                ],
                [
                  0.00015805904910340426,
                  0.0052513583519621,
                  -0.015978477196603197
                ],
                [
                  -0.011877505528755706,
                  -0.015978477196603197,
                  0.21988385031837104
                ]
              ],
              "params": [
                "log_kappa",
                "log_kdeg",
                "log_fmod_0"
              ]
            },
            "ndata": 7,
            "nfree": 4,
            "r2": 0.9963021883053167,
            "reduced_chisq": 4.2917000863265574e-07,
            "status": "completed",
            "success": true,
            "time_max": 300.0,
            "time_min": 0.0
          },
          "nt_id": 108,
          "params": {
            "fmod0": 0.0013285422370883158,
            "kdeg": 0.024118286218944896,
            "kobs": 0.023443460012655522,
            "log_fmod0": -6.623673000203693,
            "log_fmod0_err": 0.4689177436591316,
            "log_kdeg": -3.7247849619300353,
            "log_kdeg_err": 0.07246625664377938,
            "log_kobs": -3.753163713705412,
            "log_kobs_err": 0.03092007597406894,
            "metadata": {
              "base": "C",
              "fmod_run_ids": [
                671,
                672,
                673,
                674,
                675,
                676,
                677
              ],
              "site": 29,
              "valtype": "modrate"
            }
          },
          "valtype": "modrate"
        },
        {
          "diagnostics": {
            "chisq": 5.997679970723799e-08,
            "covariance": {
              "matrix": [
                [
                  0.12989775494518452,
                  -0.012709373300864586,
                  -0.012994498702539126
                ],
                [
                  -0.012709373300864586,
                  0.8844136222149488,
                  -0.025407772243492506
                ],
                [
                  -0.012994498702539126,
                  -0.025407772243492506,
                  0.0025455622897383326
                ]
              ],
              "params": [
                "log_kappa",
                "log_kdeg",
                "log_fmod_0"
              ]
            },
            "ndata": 7,
            "nfree": 4,
            "r2": 0.658457585214713,
            "reduced_chisq": 1.4994199926809497e-08,
            "status": "completed",
            "success": true,
            "time_max": 300.0,
            "time_min": 0.0
          },
          "nt_id": 109,
          "params": {
            "fmod0": 0.002207091297134349,
            "kdeg": 0.016064169819096915,
            "kobs": 0.0003641605709723857,
            "log_fmod0": -6.116079785488211,
            "log_fmod0_err": 0.05045356567913047,
            "log_kdeg": -4.13116396412077,
            "log_kdeg_err": 0.9404326781938985,
            "log_kobs": -7.917915658551331,
            "log_kobs_err": 0.3604133112763519,
            "metadata": {
              "base": "U",
              "fmod_run_ids": [
                671,
                672,
                673,
                674,
                675,
                676,
                677
              ],
              "site": 30,
              "valtype": "modrate"
            }
          },
          "valtype": "modrate"
        },
        {
          "diagnostics": {
            "chisq": 4.854274407019069e-08,
            "covariance": {
              "matrix": [
                [
                  0.0327291958430996,
                  0.006210848951561337,
                  -0.014026374719078027
                ],
                [
                  0.006210848951561337,
                  0.18016411537634885,
                  -0.017737738827963326
                ],
                [
                  -0.014026374719078027,
                  -0.017737738827963326,
                  0.008614018363728191
                ]
              ],
              "params": [
                "log_kappa",
                "log_kdeg",
                "log_fmod_0"
              ]
            },
            "ndata": 7,
            "nfree": 4,
            "r2": 0.8849725265510516,
            "reduced_chisq": 1.2135686017547673e-08,
            "status": "completed",
            "success": true,
            "time_max": 300.0,
            "time_min": 0.0
          },
          "nt_id": 110,
          "params": {
            "fmod0": 0.0011403646450400555,
            "kdeg": 0.02742819880922695,
            "kobs": 0.0006610171733987358,
            "log_fmod0": -6.7764072036511145,
            "log_fmod0_err": 0.09281173613141924,
            "log_kdeg": -3.5961836411822143,
            "log_kdeg_err": 0.42445743647196105,
            "log_kobs": -7.321730737514026,
            "log_kobs_err": 0.18091212187993264,
            "metadata": {
              "base": "U",
              "fmod_run_ids": [
                671,
                672,
                673,
                674,
                675,
                676,
                677
              ],
              "site": 31,
              "valtype": "modrate"
            }
          },
          "valtype": "modrate"
        },
        {
          "diagnostics": {
            "chisq": 4.7818189605543466e-08,
            "covariance": {
              "matrix": [
                [
                  0.059763786121511966,
                  -0.0011326906471760103,
                  -0.041304129389881324
                ],
                [
                  -0.0011326906471760103,
                  0.47593923787550946,
                  -0.02926737083689173
                ],
                [
                  -0.041304129389881324,
                  -0.02926737083689173,
                  0.03553249873894586
                ]
              ],
              "params": [
                "log_kappa",
                "log_kdeg",
                "log_fmod_0"
              ]
            },
            "ndata": 7,
            "nfree": 4,
            "r2": 0.807139392645965,
            "reduced_chisq": 1.1954547401385867e-08,
            "status": "completed",
            "success": true,
            "time_max": 300.0,
            "time_min": 0.0
          },
          "nt_id": 111,
          "params": {
            "fmod0": 0.0005792892951593063,
            "kdeg": 0.06856506555557296,
            "kobs": 0.0004932077956281596,
            "log_fmod0": -7.453708558956468,
            "log_fmod0_err": 0.18850065978384759,
            "log_kdeg": -2.6799721224223694,
            "log_kdeg_err": 0.68988349587123,
            "log_kobs": -7.614579980578078,
            "log_kobs_err": 0.24446632921838535,
            "metadata": {
              "base": "G",
              "fmod_run_ids": [
                671,
                672,
                673,
                674,
                675,
                676,
                677
              ],
              "site": 32,
              "valtype": "modrate"
            }
          },
          "valtype": "modrate"
        },
        {
          "diagnostics": {
            "chisq": 4.8944191090034046e-08,
            "covariance": {
              "matrix": [
                [
                  0.07299173167703008,
                  0.0054803249135636995,
                  -0.039826619801326575
                ],
                [
                  0.0054803249135636995,
                  0.4866029014980112,
                  -0.03373853763026069
                ],
                [
                  -0.039826619801326575,
                  -0.03373853763026069,
                  0.02766141272044459
                ]
              ],
              "params": [
                "log_kappa",
                "log_kdeg",
                "log_fmod_0"
              ]
            },
            "ndata": 7,
            "nfree": 4,
            "r2": 0.7742298669862431,
            "reduced_chisq": 1.2236047772508512e-08,
            "status": "completed",
            "success": true,
            "time_max": 300.0,
            "time_min": 0.0
          },
          "nt_id": 112,
          "params": {
            "fmod0": 0.000662194333920804,
            "kdeg": 0.05435098098404291,
            "kobs": 0.0004512025251251565,
            "log_fmod0": -7.3199514893347235,
            "log_fmod0_err": 0.16631720512455886,
            "log_kdeg": -2.9122926161933926,
            "log_kdeg_err": 0.6975692807872285,
            "log_kobs": -7.703594261330756,
            "log_kobs_err": 0.27016982007069196,
            "metadata": {
              "base": "G",
              "fmod_run_ids": [
                671,
                672,
                673,
                674,
                675,
                676,
                677
              ],
              "site": 33,
              "valtype": "modrate"
            }
          },
          "valtype": "modrate"
        },
        {
          "diagnostics": {
            "chisq": 1.8958235530333998e-08,
            "covariance": {
              "matrix": [
                [
                  0.016993289302195135,
                  0.0014986054946065845,
                  -0.01258607980129764
                ],
                [
                  0.0014986054946065845,
                  0.11066928264378745,
                  -0.010961189705924001
                ],
                [
                  -0.01258607980129764,
                  -0.010961189705924001,
                  0.011920682009484302
                ]
              ],
              "params": [
                "log_kappa",
                "log_kdeg",
                "log_fmod_0"
              ]
            },
            "ndata": 7,
            "nfree": 4,
            "r2": 0.9364555397748453,
            "reduced_chisq": 4.739558882583499e-09,
            "status": "completed",
            "success": true,
            "time_max": 300.0,
            "time_min": 0.0
          },
          "nt_id": 113,
          "params": {
            "fmod0": 0.0006272414611241017,
            "kdeg": 0.052216151518120354,
            "kobs": 0.0005818838254603237,
            "log_fmod0": -7.374178986004342,
            "log_fmod0_err": 0.1091818758287487,
            "log_kdeg": -2.9523634158968743,
            "log_kdeg_err": 0.3326699304773238,
            "log_kobs": -7.449239742769213,
            "log_kobs_err": 0.1303583112125772,
            "metadata": {
              "base": "G",
              "fmod_run_ids": [
                671,
                672,
                673,
                674,
                675,
                676,
                677
              ],
              "site": 34,
              "valtype": "modrate"
            }
          },
          "valtype": "modrate"
        },
        {
          "diagnostics": {
            "chisq": 1.2924733801961782e-06,
            "covariance": {
              "matrix": [
                [
                  0.0009903572455121662,
                  0.00017794038233302193,
                  -0.006403332504527733
                ],
                [
                  0.00017794038233302193,
                  0.005370446793094476,
                  -0.008078402138041705
                ],
                [
                  -0.006403332504527733,
                  -0.008078402138041705,
                  0.059641498619047946
                ]
              ],
              "params": [
                "log_kappa",
                "log_kdeg",
                "log_fmod_0"
              ]
            },
            "ndata": 7,
            "nfree": 4,
            "r2": 0.9961594517995466,
            "reduced_chisq": 3.2311834504904456e-07,
            "status": "completed",
            "success": true,
            "time_max": 300.0,
            "time_min": 0.0
          },
          "nt_id": 114,
          "params": {
            "fmod0": 0.002233942400569407,
            "kdeg": 0.026804068625301526,
            "kobs": 0.01999152909157557,
            "log_fmod0": -6.10398736176089,
            "log_fmod0_err": 0.24421609000851674,
            "log_kdeg": -3.61920158861104,
            "log_kdeg_err": 0.07328333230069765,
            "log_kobs": -3.912446640570064,
            "log_kobs_err": 0.03146994193690491,
            "metadata": {
              "base": "A",
              "fmod_run_ids": [
                671,
                672,
                673,
                674,
                675,
                676,
                677
              ],
              "site": 35,
              "valtype": "modrate"
            }
          },
          "valtype": "modrate"
        },
        {
          "diagnostics": {
            "chisq": 8.982993649272908e-08,
            "covariance": {
              "matrix": [
                [
                  0.07307118940646821,
                  0.011890575033376698,
                  -0.05292538617360243
                ],
                [
                  0.011890575033376698,
                  0.4193154796106646,
                  -0.055450769314848
                ],
                [
                  -0.05292538617360243,
                  -0.055450769314848,
                  0.05114265129877724
                ]
              ],
              "params": [
                "log_kappa",
                "log_kdeg",
                "log_fmod_0"
              ]
            },
            "ndata": 7,
            "nfree": 4,
            "r2": 0.7747313312684843,
            "reduced_chisq": 2.245748412318227e-08,
            "status": "completed",
            "success": true,
            "time_max": 300.0,
            "time_min": 0.0
          },
          "nt_id": 115,
          "params": {
            "fmod0": 0.0006517376513018474,
            "kdeg": 0.038505468391950105,
            "kobs": 0.0006079092317282524,
            "log_fmod0": -7.335868452316201,
            "log_fmod0_err": 0.22614741055067875,
            "log_kdeg": -3.25695501162003,
            "log_kdeg_err": 0.6475457355358497,
            "log_kobs": -7.405484977063594,
            "log_kobs_err": 0.2703168315263928,
            "metadata": {
              "base": "G",
              "fmod_run_ids": [
                671,
                672,
                673,
                674,
                675,
                676,
                677
              ],
              "site": 36,
              "valtype": "modrate"
            }
          },
          "valtype": "modrate"
        },
        {
          "diagnostics": {
            "chisq": 1.710859062525352e-06,
            "covariance": {
              "matrix": [
                [
                  0.000764708421255315,
                  0.00012348811839013588,
                  -0.01617390091928059
                ],
                [
                  0.00012348811839013588,
                  0.004202492087459978,
                  -0.021903348875614816
                ],
                [
                  -0.01617390091928059,
                  -0.021903348875614816,
                  0.5121422908499157
                ]
              ],
              "params": [
                "log_kappa",
                "log_kdeg",
                "log_fmod_0"
              ]
            },
            "ndata": 7,
            "nfree": 4,
            "r2": 0.997048142452361,
            "reduced_chisq": 4.27714765631338e-07,
            "status": "completed",
            "success": true,
            "time_max": 300.0,
            "time_min": 0.0
          },
          "nt_id": 116,
          "params": {
            "fmod0": 0.0008680847849878704,
            "kdeg": 0.023798737837581102,
            "kobs": 0.026232121171014113,
            "log_fmod0": -7.049221169516709,
            "log_fmod0_err": 0.7156411746468447,
            "log_kdeg": -3.7381227317453636,
            "log_kdeg_err": 0.06482663100501196,
            "log_kobs": -3.64077062024437,
            "log_kobs_err": 0.027653361843640548,
            "metadata": {
              "base": "C",
              "fmod_run_ids": [
                671,
                672,
                673,
                674,
                675,
                676,
                677
              ],
              "site": 37,
              "valtype": "modrate"
            }
          },
          "valtype": "modrate"
        },
        {
          "diagnostics": {
            "chisq": 1.1326794166989281e-08,
            "covariance": {
              "matrix": [
                [
                  0.006497987570866756,
                  0.0009221203587924572,
                  -0.00574028136257237
                ],
