{
  "artifacts": {},
  "engine": "python_baseline",
  "engine_version": "0.1.0",
  "metadata": {
    "buffer_pH": 6.4,
    "done_by": [
      "EKC"
    ],
    "experiment_id": "ekc.01.0xx",
    "fmod_run_id": 916,
    "initial_kdeg": 0.048220111271698785,
    "initial_kdeg_source": "arrhenius:nmr:deg:dms:Schwalbe_bistris",
    "initial_log_kdeg": -3.0319790986478097,
    "notes": "Baseline python engine demo using examples/nerd.sqlite",
    "rg_id": 122,
    "rg_label": "80_2_12",
    "rounds_requested": [
      "round1_free",
      "round2_global",
      "round3_constrained"
    ],
    "rt_protocol": [
      "MRT"
    ],
    "selected_site_bases": [
      "17_G",
      "18_G",
      "19_C",
      "1_U",
      "20_A",
      "21_G",
      "22_A",
      "23_U",
      "24_C",
      "25_U",
      "26_G",
      "27_A",
      "28_G",
      "29_C",
      "2_A",
      "30_U",
      "31_U",
      "32_G",
      "33_G",
      "34_G",
      "35_A",
      "36_G",
      "37_C",
      "38_U",
      "39_C",
      "3_A",
      "40_U",
      "41_C",
      "42_U",
      "43_G",
      "44_C",
      "45_C",
      "61_A",
      "62_A",
      "63_U",
      "64_C"
    ],
    "temperature_c": 80.0,
    "valtypes": [
      "modrate"
    ]
  },
  "rounds": [
    {
      "global_params": {},
      "notes": null,
      "per_nt": [
        {
          "diagnostics": {
            "reason": "Non-zero fmod values are required for a fit.",
            "status": "failed"
          },
          "nt_id": 93,
          "params": {},
          "valtype": "modrate"
        },
        {
          "diagnostics": {
            "reason": "Non-zero fmod values are required for a fit.",
            "status": "failed"
          },
          "nt_id": 94,
          "params": {},
          "valtype": "modrate"
        },
        {
          "diagnostics": {
            "reason": "Non-zero fmod values are required for a fit.",
            "status": "failed"
          },
          "nt_id": 95,
          "params": {},
          "valtype": "modrate"
        },
        {
          "diagnostics": {
            "reason": "Non-zero fmod values are required for a fit.",
            "status": "failed"
          },
          "nt_id": 96,
          "params": {},
          "valtype": "modrate"
        },
        {
          "diagnostics": {
            "chisq": 4.638267866856272e-08,
            "covariance": {
              "matrix": [
                [
                  0.035657504970507764,
                  0.005610923924334476,
                  -0.03643812395687942
                ],
                [
                  0.005610923924334476,
                  0.23669999363830585,
                  -0.05975817246330764
                ],
                [
                  -0.03643812395687942,
                  -0.05975817246330764,
                  0.05899657225318801
                ]
              ],
              "params": [
                "log_kappa",
                "log_kdeg",
                "log_fmod_0"
              ]
            },
            "ndata": 7,
            "nfree": 4,
            "r2": 0.875643558673141,
            "reduced_chisq": 1.159566966714068e-08,
            "status": "completed",
            "success": true,
            "time_max": 135.0,
            "time_min": 0.0
          },
          "nt_id": 97,
          "params": {
            "fmod0": 0.0004201383261351623,
            "kdeg": 0.044751064203573325,
            "kobs": 0.0006087153531660901,
            "log_fmod0": -7.774926552969125,
            "log_fmod0_err": 0.24289210002218684,
            "log_kdeg": -3.1066400534586007,
            "log_kdeg_err": 0.4865182356688245,
            "log_kobs": -7.404159799904074,
            "log_kobs_err": 0.1888319490195125,
            "metadata": {
              "base": "G",
              "fmod_run_ids": [
                912,
                913,
                914,
                915,
                916,
                917,
                918
              ],
              "site": 18,
              "valtype": "modrate"
            }
          },
          "valtype": "modrate"
        },
        {
          "diagnostics": {
            "chisq": 3.0718344448544063e-06,
            "covariance": {
              "matrix": [
                [
                  0.0011228020435359884,
                  0.00029062490578257195,
                  -0.049748593344213145
                ],
                [
                  0.00029062490578257195,
                  0.006440855559988773,
                  -0.0646954828279449
                ],
                [
                  -0.049748593344213145,
                  -0.0646954828279449,
                  3.093828554344482
                ]
              ],
              "params": [
                "log_kappa",
                "log_kdeg",
                "log_fmod_0"
              ]
            },
            "ndata": 7,
            "nfree": 4,
            "r2": 0.9957158858668917,
            "reduced_chisq": 7.679586112136016e-07,
            "status": "completed",
            "success": true,
            "time_max": 135.0,
            "time_min": 0.0
          },
          "nt_id": 98,
          "params": {
            "fmod0": 0.000484258727934716,
            "kdeg": 0.05794170243570364,
            "kobs": 0.02917342954263133,
            "log_fmod0": -7.632891232226343,
            "log_fmod0_err": 1.7589282402487265,
            "log_kdeg": -2.8483179043369455,
            "log_kdeg_err": 0.08025494103161981,
            "log_kobs": -3.5344969311313053,
            "log_kobs_err": 0.03350823844274701,
            "metadata": {
              "base": "C",
              "fmod_run_ids": [
                912,
                913,
                914,
                915,
                916,
                917,
                918
              ],
              "site": 19,
              "valtype": "modrate"
            }
          },
          "valtype": "modrate"
        },
        {
          "diagnostics": {
            "chisq": 1.7720081752281727e-06,
            "covariance": {
              "matrix": [
                [
                  0.0012046087424776438,
                  0.00031612069708705694,
                  -0.056490730081379316
                ],
                [
                  0.00031612069708705694,
                  0.006975782119791961,
                  -0.07428456991944903
                ],
                [
                  -0.056490730081379316,
                  -0.07428456991944903,
                  3.726194693109186
                ]
              ],
              "params": [
                "log_kappa",
                "log_kdeg",
                "log_fmod_0"
              ]
            },
            "ndata": 7,
            "nfree": 4,
            "r2": 0.995367033015684,
            "reduced_chisq": 4.430020438070432e-07,
            "status": "completed",
            "success": true,
            "time_max": 135.0,
            "time_min": 0.0
          },
          "nt_id": 99,
          "params": {
            "fmod0": 0.0003349808798499825,
            "kdeg": 0.057651643670413436,
            "kobs": 0.02120866748019549,
            "log_fmod0": -8.001437102842731,
            "log_fmod0_err": 1.9303353835821344,
            "log_kdeg": -2.853336521478129,
            "log_kdeg_err": 0.08352114773991053,
            "log_kobs": -3.853345337452415,
            "log_kobs_err": 0.03470747387058937,
            "metadata": {
              "base": "A",
              "fmod_run_ids": [
                912,
                913,
                914,
                915,
                916,
                917,
                918
              ],
              "site": 20,
              "valtype": "modrate"
            }
          },
          "valtype": "modrate"
        },
        {
          "diagnostics": {
            "chisq": 1.3365293091509069e-08,
            "covariance": {
              "matrix": [
                [
                  0.005812880287500605,
                  0.00012446306531248709,
                  -0.009877333878974008
                ],
                [
                  0.00012446306531248709,
                  0.04141974322265509,
                  -0.018161614441858025
                ],
                [
                  -0.009877333878974008,
                  -0.018161614441858025,
                  0.029385851647825388
                ]
              ],
              "params": [
                "log_kappa",
                "log_kdeg",
                "log_fmod_0"
              ]
            },
            "ndata": 7,
            "nfree": 4,
            "r2": 0.9772956920055885,
            "reduced_chisq": 3.341323272877267e-09,
            "status": "completed",
            "success": true,
            "time_max": 135.0,
            "time_min": 0.0
          },
          "nt_id": 100,
          "params": {
            "fmod0": 0.00031459959854632035,
            "kdeg": 0.03932633975296579,
            "kobs": 0.0008065278447285589,
            "log_fmod0": -8.064209843417451,
            "log_fmod0_err": 0.17142301959720985,
            "log_kdeg": -3.23586076188409,
            "log_kdeg_err": 0.2035184100337242,
            "log_kobs": -7.122772135603109,
            "log_kobs_err": 0.07624224739277172,
            "metadata": {
              "base": "G",
              "fmod_run_ids": [
                912,
                913,
                914,
                915,
                916,
                917,
                918
              ],
              "site": 21,
              "valtype": "modrate"
            }
          },
          "valtype": "modrate"
        },
        {
          "diagnostics": {
            "chisq": 2.2517375215191537e-06,
            "covariance": {
              "matrix": [
                [
                  0.0021926167796169436,
                  0.0005570107911708214,
                  -0.06540353927290249
                ],
                [
                  0.0005570107911708214,
                  0.013001090443923596,
                  -0.08984100661364759
                ],
                [
                  -0.06540353927290249,
                  -0.08984100661364759,
                  2.7944858310780427
                ]
              ],
              "params": [
                "log_kappa",
                "log_kdeg",
                "log_fmod_0"
              ]
            },
            "ndata": 7,
            "nfree": 4,
            "r2": 0.9915581126960948,
            "reduced_chisq": 5.629343803797884e-07,
            "status": "completed",
            "success": true,
            "time_max": 135.0,
            "time_min": 0.0
          },
          "nt_id": 101,
          "params": {
            "fmod0": 0.0004341545355506042,
            "kdeg": 0.05474874146288567,
            "kobs": 0.01760321590276534,
            "log_fmod0": -7.742110014545463,
            "log_fmod0_err": 1.6716715679457024,
            "log_kdeg": -2.9050008975289887,
            "log_kdeg_err": 0.1140223243225799,
            "log_kobs": -4.0396736718815855,
            "log_kobs_err": 0.04682538605945437,
            "metadata": {
              "base": "A",
              "fmod_run_ids": [
                912,
                913,
                914,
                915,
                916,
                917,
                918
              ],
              "site": 22,
              "valtype": "modrate"
            }
          },
          "valtype": "modrate"
        },
        {
          "diagnostics": {
            "chisq": 8.832443227285e-08,
            "covariance": {
              "matrix": [
                [
                  0.03966146119398604,
                  -0.045199646881519555,
                  -0.007816525019318413
                ],
                [
                  -0.045199646881519555,
                  0.35001696868594734,
                  -0.029149560843993595
                ],
                [
                  -0.007816525019318413,
                  -0.029149560843993595,
                  0.007869165422500695
                ]
              ],
              "params": [
                "log_kappa",
                "log_kdeg",
                "log_fmod_0"
              ]
            },
            "ndata": 7,
            "nfree": 4,
            "r2": 0.880910908419038,
            "reduced_chisq": 2.20811080682125e-08,
            "status": "completed",
            "success": true,
            "time_max": 135.0,
            "time_min": 0.0
          },
          "nt_id": 102,
          "params": {
            "fmod0": 0.0014615699702520961,
            "kdeg": 0.02415759111222879,
            "kobs": 0.0008834206342848695,
            "log_fmod0": -6.528244098916077,
            "log_fmod0_err": 0.08870831653515185,
            "log_kdeg": -3.723156616506128,
            "log_kdeg_err": 0.5916223192932695,
            "log_kobs": -7.031709101269714,
            "log_kobs_err": 0.19915185460845208,
            "metadata": {
              "base": "U",
              "fmod_run_ids": [
                912,
                913,
                914,
                915,
                916,
                917,
                918
              ],
              "site": 23,
              "valtype": "modrate"
            }
          },
          "valtype": "modrate"
        },
        {
          "diagnostics": {
            "chisq": 2.156141959031403e-06,
            "covariance": {
              "matrix": [
                [
                  0.001058173743578,
                  0.0002260084551165396,
                  -0.012363741597240326
                ],
                [
                  0.0002260084551165396,
                  0.006513288364520628,
                  -0.018267577999447136
                ],
                [
                  -0.012363741597240326,
                  -0.018267577999447136,
                  0.21573701350005103
                ]
              ],
              "params": [
                "log_kappa",
                "log_kdeg",
                "log_fmod_0"
              ]
            },
            "ndata": 7,
            "nfree": 4,
            "r2": 0.99592521371084,
            "reduced_chisq": 5.390354897578508e-07,
            "status": "completed",
            "success": true,
            "time_max": 135.0,
            "time_min": 0.0
          },
          "nt_id": 103,
          "params": {
            "fmod0": 0.0015158971212931454,
            "kdeg": 0.04952859925147853,
            "kobs": 0.024845477413373306,
            "log_fmod0": -6.4917478560085184,
            "log_fmod0_err": 0.4644749869476838,
            "log_kdeg": -3.005205013591944,
            "log_kdeg_err": 0.08070494634482218,
            "log_kobs": -3.6950795384403725,
            "log_kobs_err": 0.032529582591511993,
            "metadata": {
              "base": "C",
              "fmod_run_ids": [
                912,
                913,
                914,
                915,
                916,
                917,
                918
              ],
              "site": 24,
              "valtype": "modrate"
            }
          },
          "valtype": "modrate"
        },
        {
          "diagnostics": {
            "chisq": 9.36356119719454e-08,
            "covariance": {
              "matrix": [
                [
                  0.042585504180011606,
                  -0.01846578100899181,
                  -0.013476478557648748
                ],
                [
                  -0.01846578100899181,
                  0.34747571557971,
                  -0.032597337061728494
                ],
                [
                  -0.013476478557648748,
                  -0.032597337061728494,
                  0.010451000996071599
                ]
              ],
              "params": [
                "log_kappa",
                "log_kdeg",
                "log_fmod_0"
              ]
            },
            "ndata": 7,
            "nfree": 4,
            "r2": 0.8574187814108394,
            "reduced_chisq": 2.340890299298635e-08,
            "status": "completed",
            "success": true,
            "time_max": 135.0,
            "time_min": 0.0
          },
          "nt_id": 104,
          "params": {
            "fmod0": 0.0013505716576855506,
            "kdeg": 0.030792831264497878,
            "kobs": 0.0008024634706505238,
            "log_fmod0": -6.607227326024062,
            "log_fmod0_err": 0.10223013741588925,
            "log_kdeg": -3.4804733672460277,
            "log_kdeg_err": 0.5894707079912538,
            "log_kobs": -7.127824223434744,
            "log_kobs_err": 0.20636255517901403,
            "metadata": {
              "base": "U",
              "fmod_run_ids": [
                912,
                913,
                914,
                915,
                916,
                917,
                918
              ],
              "site": 25,
              "valtype": "modrate"
            }
          },
          "valtype": "modrate"
        },
        {
          "diagnostics": {
            "chisq": 2.1208946915197258e-07,
            "covariance": {
              "matrix": [
                [
                  0.09918261973736262,
                  0.024196707140185906,
                  -0.24154410840941085
                ],
                [
                  0.024196707140185906,
                  0.5488093121952256,
                  -0.25332397892446923
                ],
                [
                  -0.24154410840941085,
                  -0.25332397892446923,
                  0.7707403859439785
                ]
              ],
              "params": [
                "log_kappa",
                "log_kdeg",
                "log_fmod_0"
              ]
            },
            "ndata": 7,
            "nfree": 4,
            "r2": 0.7183106443783596,
            "reduced_chisq": 5.3022367287993145e-08,
            "status": "completed",
            "success": true,
            "time_max": 135.0,
            "time_min": 0.0
          },
          "nt_id": 105,
          "params": {
            "fmod0": 0.00025903913653741513,
            "kdeg": 0.0789811911572959,
            "kobs": 0.0008027309772899124,
            "log_fmod0": -8.25853140135808,
            "log_fmod0_err": 0.8779182114206189,
            "log_kdeg": -2.538545541478741,
            "log_kdeg_err": 0.7408166522124253,
            "log_kobs": -7.127490922204842,
            "log_kobs_err": 0.3149327225573148,
            "metadata": {
              "base": "G",
              "fmod_run_ids": [
                912,
                913,
                914,
                915,
                916,
                917,
                918
              ],
              "site": 26,
              "valtype": "modrate"
            }
          },
          "valtype": "modrate"
        },
        {
          "diagnostics": {
            "chisq": 1.8752621778020597e-06,
            "covariance": {
              "matrix": [
                [
                  0.0012249398604027102,
                  0.00031824874205058887,
                  -0.17755445762017466
                ],
                [
                  0.00031824874205058887,
                  0.007130422633708284,
                  -0.23612942563776873
                ],
                [
                  -0.17755445762017466,
                  -0.23612942563776873,
                  36.378102951653005
                ]
              ],
              "params": [
                "log_kappa",
                "log_kdeg",
                "log_fmod_0"
              ]
            },
            "ndata": 7,
            "nfree": 4,
            "r2": 0.995289975805502,
            "reduced_chisq": 4.6881554445051493e-07,
            "status": "completed",
            "success": true,
            "time_max": 135.0,
            "time_min": 0.0
          },
          "nt_id": 106,
          "params": {
            "fmod0": 0.00011014260718522678,
            "kdeg": 0.05679823735754223,
            "kobs": 0.021627812278183174,
            "log_fmod0": -9.113734602853661,
            "log_fmod0_err": 6.031426278389963,
            "log_kdeg": -2.868249986174184,
            "log_kdeg_err": 0.08444182988133478,
            "log_kobs": -3.8337751870736003,
            "log_kobs_err": 0.03499914085235108,
            "metadata": {
              "base": "A",
              "fmod_run_ids": [
                912,
                913,
                914,
                915,
                916,
                917,
                918
              ],
              "site": 27,
              "valtype": "modrate"
            }
          },
          "valtype": "modrate"
        },
        {
          "diagnostics": {
            "chisq": 7.644523709218108e-08,
            "covariance": {
              "matrix": [
                [
                  0.055770031923172585,
                  0.015177831740515626,
                  -0.08183565605616075
                ],
                [
                  0.015177831740515626,
                  0.3304048385836834,
                  -0.11030922451681802
                ],
                [
                  -0.08183565605616075,
                  -0.11030922451681802,
                  0.16958164964672454
                ]
              ],
              "params": [
                "log_kappa",
                "log_kdeg",
                "log_fmod_0"
              ]
            },
            "ndata": 7,
            "nfree": 4,
            "r2": 0.8195648043816747,
            "reduced_chisq": 1.911130927304527e-08,
            "status": "completed",
            "success": true,
            "time_max": 135.0,
            "time_min": 0.0
          },
          "nt_id": 107,
          "params": {
            "fmod0": 0.00032563873622211957,
            "kdeg": 0.05719549595467572,
            "kobs": 0.0006333238431233806,
            "log_fmod0": -8.029721962170955,
            "log_fmod0_err": 0.41180292573842225,
            "log_kdeg": -2.8612801257478266,
            "log_kdeg_err": 0.5748085234090422,
            "log_kobs": -7.364528666132152,
            "log_kobs_err": 0.23615679520854907,
            "metadata": {
              "base": "G",
              "fmod_run_ids": [
                912,
                913,
                914,
                915,
                916,
                917,
                918
              ],
              "site": 28,
              "valtype": "modrate"
            }
          },
          "valtype": "modrate"
        },
        {
          "diagnostics": {
            "chisq": 5.841815433244508e-06,
            "covariance": {
              "matrix": [
                [
                  0.0018825846851890228,
                  0.00044978842759387346,
                  -0.04087187696261574
                ],
                [
                  0.00044978842759387346,
                  0.011155001131780378,
                  -0.056780395147414044
                ],
                [
                  -0.04087187696261574,
                  -0.056780395147414044,
                  1.2842369294043015
                ]
              ],
              "params": [
                "log_kappa",
                "log_kdeg",
                "log_fmod_0"
              ]
            },
            "ndata": 7,
            "nfree": 4,
            "r2": 0.9928367929731385,
            "reduced_chisq": 1.460453858311127e-06,
            "status": "completed",
            "success": true,
            "time_max": 135.0,
            "time_min": 0.0
          },
          "nt_id": 108,
          "params": {
            "fmod0": 0.0010295602877370056,
            "kdeg": 0.05315069839273688,
            "kobs": 0.030980919091681713,
            "log_fmod0": -6.878623473000225,
            "log_fmod0_err": 1.133241778882292,
            "log_kdeg": -2.9346240342478307,
            "log_kdeg_err": 0.10561723880020903,
            "log_kobs": -3.474383777174547,
            "log_kobs_err": 0.04338876219931865,
            "metadata": {
              "base": "C",
              "fmod_run_ids": [
                912,
                913,
                914,
                915,
                916,
                917,
                918
              ],
              "site": 29,
              "valtype": "modrate"
            }
          },
          "valtype": "modrate"
        },
        {
          "diagnostics": {
            "chisq": 1.240370211281559e-07,
            "covariance": {
              "matrix": [
                [
                  0.024341817239930917,
                  -0.01051269719949433,
                  -0.008592663963112031
                ],
                [
                  -0.01051269719949433,
                  0.19847135072589378,
                  -0.020757891902663597
                ],
                [
                  -0.008592663963112031,
                  -0.020757891902663597,
                  0.0074221501435777415
                ]
              ],
              "params": [
                "log_kappa",
                "log_kdeg",
                "log_fmod_0"
              ]
            },
            "ndata": 7,
            "nfree": 4,
            "r2": 0.9132217958669232,
            "reduced_chisq": 3.100925528203898e-08,
            "status": "completed",
            "success": true,
            "time_max": 135.0,
            "time_min": 0.0
          },
          "nt_id": 109,
          "params": {
            "fmod0": 0.0018447451252502313,
            "kdeg": 0.030818487679415363,
            "kobs": 0.0012219945282402956,
            "log_fmod0": -6.295414154528148,
            "log_fmod0_err": 0.08615190156681245,
            "log_kdeg": -3.4796405197485134,
            "log_kdeg_err": 0.445501235380884,
            "log_kobs": -6.707270895951191,
            "log_kobs_err": 0.15601864388569373,
            "metadata": {
              "base": "U",
              "fmod_run_ids": [
                912,
                913,
                914,
                915,
                916,
                917,
                918
              ],
              "site": 30,
              "valtype": "modrate"
            }
          },
          "valtype": "modrate"
        },
        {
          "diagnostics": {
            "chisq": 8.446549487794932e-08,
            "covariance": {
              "matrix": [
                [
                  0.04013190039519363,
                  0.011216115329819441,
                  -0.02069202998397225
                ],
                [
                  0.011216115329819441,
                  0.2316103603460843,
                  -0.026321516789650362
                ],
                [
                  -0.02069202998397225,
                  -0.026321516789650362,
                  0.014727111628740353
                ]
              ],
              "params": [
                "log_kappa",
                "log_kdeg",
                "log_fmod_0"
              ]
            },
            "ndata": 7,
            "nfree": 4,
            "r2": 0.8633835602934548,
            "reduced_chisq": 2.111637371948733e-08,
            "status": "completed",
            "success": true,
            "time_max": 135.0,
            "time_min": 0.0
          },
          "nt_id": 110,
          "params": {
            "fmod0": 0.00116775919869865,
            "kdeg": 0.061606479666132384,
            "kobs": 0.0007880835988636156,
            "log_fmod0": -6.7526685813288605,
            "log_fmod0_err": 0.12135531149785062,
            "log_kdeg": -2.7869882245894124,
            "log_kdeg_err": 0.48125914053250385,
            "log_kobs": -7.145906383805087,
            "log_kobs_err": 0.20032947959597366,
            "metadata": {
              "base": "U",
              "fmod_run_ids": [
                912,
                913,
                914,
                915,
                916,
                917,
                918
              ],
              "site": 31,
              "valtype": "modrate"
            }
          },
          "valtype": "modrate"
        },
        {
          "diagnostics": {
            "chisq": 5.443517546790948e-08,
            "covariance": {
              "matrix": [
                [
                  0.03293415125430763,
                  -0.017531286955984004,
                  -0.02052758867306678
                ],
                [
                  -0.017531286955984004,
                  0.27382370335676987,
                  -0.05245772245760068
                ],
                [
                  -0.02052758867306678,
                  -0.05245772245760068,
                  0.034017609027035906
                ]
              ],
              "params": [
                "log_kappa",
                "log_kdeg",
                "log_fmod_0"
              ]
            },
            "ndata": 7,
            "nfree": 4,
            "r2": 0.8871823863995277,
            "reduced_chisq": 1.360879386697737e-08,
            "status": "completed",
            "success": true,
            "time_max": 135.0,
            "time_min": 0.0
          },
          "nt_id": 111,
          "params": {
            "fmod0": 0.0005676542219264457,
            "kdeg": 0.029622825344946133,
            "kobs": 0.000701224378425045,
            "log_fmod0": -7.473998088829297,
            "log_fmod0_err": 0.18443863214369138,
            "log_kdeg": -3.5192100882989674,
            "log_kdeg_err": 0.5232816673234119,
            "log_kobs": -7.262682638800144,
            "log_kobs_err": 0.1814776880343907,
            "metadata": {
              "base": "G",
              "fmod_run_ids": [
                912,
                913,
                914,
                915,
                916,
                917,
                918
              ],
              "site": 32,
              "valtype": "modrate"
            }
          },
          "valtype": "modrate"
        },
        {
          "diagnostics": {
            "chisq": 2.817716376962305e-08,
            "covariance": {
              "matrix": [
                [
                  0.03975335748101358,
                  -0.04891118910525766,
                  -0.00866298363885624
                ],
                [
                  -0.04891118910525766,
                  0.351264194534591,
                  -0.03467613010718517
                ],
                [
                  -0.00866298363885624,
                  -0.03467613010718517,
                  0.011035196274714746
                ]
              ],
              "params": [
                "log_kappa",
                "log_kdeg",
                "log_fmod_0"
              ]
            },
            "ndata": 7,
            "nfree": 4,
            "r2": 0.8836149060686359,
            "reduced_chisq": 7.0442909424057625e-09,
            "status": "completed",
            "success": true,
            "time_max": 135.0,
            "time_min": 0.0
          },
          "nt_id": 112,
          "params": {
            "fmod0": 0.0006944153040235427,
            "kdeg": 0.023474707408234707,
            "kobs": 0.0005073597596649636,
            "log_fmod0": -7.272440355656583,
            "log_fmod0_err": 0.10504854246830246,
            "log_kdeg": -3.751831717938449,
            "log_kdeg_err": 0.5926754546415695,
            "log_kobs": -7.586290220871598,
            "log_kobs_err": 0.1993824402524294,
            "metadata": {
              "base": "G",
              "fmod_run_ids": [
                912,
                913,
                914,
                915,
                916,
                917,
                918
              ],
              "site": 33,
              "valtype": "modrate"
            }
          },
          "valtype": "modrate"
        },
        {
          "diagnostics": {
            "chisq": 1.210302393700501e-07,
            "covariance": {
              "matrix": [
                [
                  0.056714947064384916,
                  0.01584382779182713,
                  -0.06326144666307161
                ],
                [
                  0.01584382779182713,
                  0.32323832271801867,
                  -0.07785644974326816
                ],
                [
                  -0.06326144666307161,
                  -0.07785644974326816,
                  0.09631368807781913
                ]
              ],
              "params": [
                "log_kappa",
                "log_kdeg",
                "log_fmod_0"
              ]
            },
            "ndata": 7,
            "nfree": 4,
            "r2": 0.8172740748462097,
            "reduced_chisq": 3.0257559842512525e-08,
            "status": "completed",
            "success": true,
            "time_max": 135.0,
            "time_min": 0.0
          },
          "nt_id": 113,
          "params": {
            "fmod0": 0.0005480652977833393,
            "kdeg": 0.06429146482817323,
            "kobs": 0.0007952764542736497,
            "log_fmod0": -7.509116121575895,
            "log_fmod0_err": 0.3103444668071579,
            "log_kdeg": -2.7443283963910607,
            "log_kdeg_err": 0.5685405198559015,
            "log_kobs": -7.136820762533192,
            "log_kobs_err": 0.23814900181269902,
            "metadata": {
              "base": "G",
              "fmod_run_ids": [
                912,
                913,
                914,
                915,
                916,
                917,
                918
              ],
              "site": 34,
              "valtype": "modrate"
            }
          },
          "valtype": "modrate"
        },
        {
          "diagnostics": {
            "chisq": 2.676793192986376e-06,
            "covariance": {
              "matrix": [
                [
                  0.0017985551119177315,
                  0.0004818077345482668,
                  -0.01269268546004314
                ],
                [
                  0.0004818077345482668,
                  0.010186560191227207,
                  -0.01586471848197708
                ],
                [
                  -0.01269268546004314,
                  -0.01586471848197708,
                  0.12355998843380102
                ]
              ],
              "params": [
                "log_kappa",
                "log_kdeg",
                "log_fmod_0"
              ]
            },
            "ndata": 7,
            "nfree": 4,
            "r2": 0.9931045761563057,
            "reduced_chisq": 6.69198298246594e-07,
            "status": "completed",
            "success": true,
            "time_max": 135.0,
            "time_min": 0.0
          },
          "nt_id": 114,
          "params": {
            "fmod0": 0.002270762136226799,
            "kdeg": 0.06152150699043246,
            "kobs": 0.021410652196092558,
            "log_fmod0": -6.087639761006649,
            "log_fmod0_err": 0.35151100755709064,
            "log_kdeg": -2.7883684581414587,
            "log_kdeg_err": 0.10092849048324862,
            "log_kobs": -3.8438667146262677,
            "log_kobs_err": 0.04240937528327588,
            "metadata": {
              "base": "A",
              "fmod_run_ids": [
                912,
                913,
                914,
                915,
                916,
                917,
                918
              ],
              "site": 35,
              "valtype": "modrate"
            }
          },
          "valtype": "modrate"
        },
        {
          "diagnostics": {
            "chisq": 7.881412860345186e-08,
            "covariance": {
              "matrix": [
                [
                  0.039002530770390446,
                  0.010112542094381108,
                  -0.03725123982652259
                ],
                [
                  0.010112542094381108,
                  0.23630033151402097,
                  -0.05243855115940792
                ],
                [
                  -0.03725123982652259,
                  -0.05243855115940792,
                  0.05126268643719655
                ]
              ],
              "params": [
                "log_kappa",
                "log_kdeg",
                "log_fmod_0"
              ]
            },
            "ndata": 7,
            "nfree": 4,
            "r2": 0.8664274687303193,
            "reduced_chisq": 1.9703532150862966e-08,
            "status": "completed",
            "success": true,
            "time_max": 135.0,
            "time_min": 0.0
          },
          "nt_id": 115,
          "params": {
            "fmod0": 0.000598694405543771,
            "kdeg": 0.05409184657917638,
            "kobs": 0.0007666239530195501,
            "log_fmod0": -7.420759264416411,
            "log_fmod0_err": 0.2264126463720535,
            "log_kdeg": -2.9170718146692045,
            "log_kdeg_err": 0.48610732509809085,
            "log_kobs": -7.173514159719955,
            "log_kobs_err": 0.1974905840043784,
            "metadata": {
              "base": "G",
              "fmod_run_ids": [
                912,
                913,
                914,
                915,
                916,
                917,
                918
              ],
              "site": 36,
              "valtype": "modrate"
            }
          },
          "valtype": "modrate"
        },
        {
          "diagnostics": {
            "chisq": 7.429320621378801e-06,
            "covariance": {
              "matrix": [
                [
                  0.0020382068212770593,
                  0.0005123548318354908,
                  -0.10692518234963323
                ],
                [
                  0.0005123548318354908,
                  0.01177548732410453,
                  -0.14186140241741177
                ],
                [
                  -0.10692518234963323,
                  -0.14186140241741177,
                  7.951975194065664
                ]
              ],
              "params": [
                "log_kappa",
                "log_kdeg",
                "log_fmod_0"
              ]
            },
            "ndata": 7,
            "nfree": 4,
            "r2": 0.9922821298204388,
            "reduced_chisq": 1.8573301553447003e-06,
            "status": "completed",
            "success": true,
            "time_max": 135.0,
            "time_min": 0.0
          },
          "nt_id": 116,
          "params": {
            "fmod0": 0.0004687437063026482,
            "kdeg": 0.056176027690386564,
            "kobs": 0.03377973612129318,
            "log_fmod0": -7.665454407324141,
            "log_fmod0_err": 2.819924678792975,
            "log_kdeg": -2.879265166634177,
            "log_kdeg_err": 0.10851491751876574,
            "log_kobs": -3.387894179317625,
            "log_kobs_err": 0.045146503976244486,
            "metadata": {
              "base": "C",
              "fmod_run_ids": [
                912,
                913,
                914,
                915,
                916,
                917,
                918
              ],
              "site": 37,
              "valtype": "modrate"
            }
          },
          "valtype": "modrate"
        },
        {
          "diagnostics": {
            "chisq": 5.5413474411002654e-08,
            "covariance": {
              "matrix": [
                [
                  0.02776043316829938,
                  -0.003891458439857723,
                  -0.012799771235684184
                ],
                [
