{
  "artifacts": {},
  "engine": "python_baseline",
  "engine_version": "0.1.0",
  "metadata": {
    "buffer_pH": 6.4,
    "done_by": [
      "EKC"
    ],
    "experiment_id": "ekc.01.0xx",
    "fmod_run_id": 871,
    "initial_kdeg": 0.048220111271698785,
    "initial_kdeg_source": "arrhenius:nmr:deg:dms:Schwalbe_bistris",
    "initial_log_kdeg": -3.0319790986478097,
    "notes": "Baseline python engine demo using examples/nerd.sqlite",
    "outlier_specs": [
      "121:087-HIV-C30U-80c-a-6-m:34_G:modrate",
      "121:087-HIV-C30U-80c-a-6-m:34_G:GAmodrate"
    ],
    "outliers_applied": 2,
    "rg_id": 121,
    "rg_label": "80_1_12",
    "rounds_requested": [
      "round1_free",
      "round2_global",
      "round3_constrained"
    ],
    "rt_protocol": [
      "MRT"
    ],
    "selected_site_bases": [
      "17_G",
      "18_G",
      "19_C",
      "1_U",
      "20_A",
      "21_G",
      "22_A",
      "23_U",
      "24_C",
      "25_U",
      "26_G",
      "27_A",
      "28_G",
      "29_C",
      "2_A",
      "30_U",
      "31_U",
      "32_G",
      "33_G",
      "34_G",
      "35_A",
      "36_G",
      "37_C",
      "38_U",
      "39_C",
      "3_A",
      "40_U",
      "41_C",
      "42_U",
      "43_G",
      "44_C",
      "45_C",
      "61_A",
      "62_A",
      "63_U",
      "64_C"
    ],
    "temperature_c": 80.0,
    "valtypes": [
      "modrate"
    ]
  },
  "rounds": [
    {
      "global_params": {},
      "notes": null,
      "per_nt": [
        {
          "diagnostics": {
            "reason": "Non-zero fmod values are required for a fit.",
            "status": "failed"
          },
          "nt_id": 93,
          "params": {},
          "valtype": "modrate"
        },
        {
          "diagnostics": {
            "reason": "Non-zero fmod values are required for a fit.",
            "status": "failed"
          },
          "nt_id": 94,
          "params": {},
          "valtype": "modrate"
        },
        {
          "diagnostics": {
            "reason": "Non-zero fmod values are required for a fit.",
            "status": "failed"
          },
          "nt_id": 95,
          "params": {},
          "valtype": "modrate"
        },
        {
          "diagnostics": {
            "reason": "Non-zero fmod values are required for a fit.",
            "status": "failed"
          },
          "nt_id": 96,
          "params": {},
          "valtype": "modrate"
        },
        {
          "diagnostics": {
            "chisq": 3.534721476009542e-08,
            "covariance": {
              "matrix": [
                [
                  0.11361122843330153,
                  -0.20995483035298942,
                  -0.0076953393385037205
                ],
                [
                  -0.20995483035298942,
                  0.9225302496361312,
                  -0.07924887645661052
                ],
                [
                  -0.0076953393385037205,
                  -0.07924887645661052,
                  0.021093905905375666
                ]
              ],
              "params": [
                "log_kappa",
                "log_kdeg",
                "log_fmod_0"
              ]
            },
            "ndata": 7,
            "nfree": 4,
            "r2": 0.7916216780045073,
            "reduced_chisq": 8.836803690023855e-09,
            "status": "completed",
            "success": true,
            "time_max": 135.0,
            "time_min": 0.0
          },
          "nt_id": 97,
          "params": {
            "fmod0": 0.0005463938292057214,
            "kdeg": 0.018615928011803194,
            "kobs": 0.00041933317630511366,
            "log_fmod0": -7.512170543318828,
            "log_fmod0_err": 0.14523741220971842,
            "log_kdeg": -3.9837377199963275,
            "log_kdeg_err": 0.9604843828174049,
            "log_kobs": -7.77684478384318,
            "log_kobs_err": 0.33706264763883514,
            "metadata": {
              "base": "G",
              "fmod_run_ids": [
                870,
                871,
                872,
                873,
                874,
                875,
                876
              ],
              "site": 18,
              "valtype": "modrate"
            }
          },
          "valtype": "modrate"
        },
        {
          "diagnostics": {
            "chisq": 4.958207226590855e-06,
            "covariance": {
              "matrix": [
                [
                  0.0023697718721522212,
                  0.00045539376938672394,
                  -0.05307807496517609
                ],
                [
                  0.00045539376938672394,
                  0.014861865748859917,
                  -0.08091964927336656
                ],
                [
                  -0.05307807496517609,
                  -0.08091964927336656,
                  1.8107633212858416
                ]
              ],
              "params": [
                "log_kappa",
                "log_kdeg",
                "log_fmod_0"
              ]
            },
            "ndata": 7,
            "nfree": 4,
            "r2": 0.9909102119427431,
            "reduced_chisq": 1.2395518066477136e-06,
            "status": "completed",
            "success": true,
            "time_max": 135.0,
            "time_min": 0.0
          },
          "nt_id": 98,
          "params": {
            "fmod0": 0.000790422622172231,
            "kdeg": 0.047631270570108214,
            "kobs": 0.025131938646098022,
            "log_fmod0": -7.142942790770873,
            "log_fmod0_err": 1.3456460609260674,
            "log_kdeg": -3.0442657886883318,
            "log_kdeg_err": 0.1219092521052439,
            "log_kobs": -3.68361578571061,
            "log_kobs_err": 0.04868030271220816,
            "metadata": {
              "base": "C",
              "fmod_run_ids": [
                870,
                871,
                872,
                873,
                874,
                875,
                876
              ],
              "site": 19,
              "valtype": "modrate"
            }
          },
          "valtype": "modrate"
        },
        {
          "diagnostics": {
            "chisq": 7.246414121629974e-07,
            "covariance": {
              "matrix": [
                [
                  0.0006188702452245641,
                  0.00013081328551341835,
                  -0.015543880532656965
                ],
                [
                  0.00013081328551341835,
                  0.003850621545432984,
                  -0.023271838691278277
                ],
                [
                  -0.015543880532656965,
                  -0.023271838691278277,
                  0.5861585304942685
                ]
              ],
              "params": [
                "log_kappa",
                "log_kdeg",
                "log_fmod_0"
              ]
            },
            "ndata": 7,
            "nfree": 4,
            "r2": 0.9975967138795645,
            "reduced_chisq": 1.8116035304074935e-07,
            "status": "completed",
            "success": true,
            "time_max": 135.0,
            "time_min": 0.0
          },
          "nt_id": 99,
          "params": {
            "fmod0": 0.0005324988739231483,
            "kdeg": 0.04905118320141985,
            "kobs": 0.018702564257958135,
            "log_fmod0": -7.537929775081243,
            "log_fmod0_err": 0.7656099075209701,
            "log_kdeg": -3.0148909709085983,
            "log_kdeg_err": 0.06205337658365566,
            "log_kobs": -3.9790946384285015,
            "log_kobs_err": 0.024877102830204407,
            "metadata": {
              "base": "A",
              "fmod_run_ids": [
                870,
                871,
                872,
                873,
                874,
                875,
                876
              ],
              "site": 20,
              "valtype": "modrate"
            }
          },
          "valtype": "modrate"
        },
        {
          "diagnostics": {
            "chisq": 1.3883606217837204e-08,
            "covariance": {
              "matrix": [
                [
                  0.014460915542949147,
                  -0.013921300712417563,
                  -0.0072849113375002975
                ],
                [
                  -0.013921300712417563,
                  0.12662912986582647,
                  -0.024026597496052803
                ],
                [
                  -0.0072849113375002975,
                  -0.024026597496052803,
                  0.014939990105902573
                ]
              ],
              "params": [
                "log_kappa",
                "log_kdeg",
                "log_fmod_0"
              ]
            },
            "ndata": 7,
            "nfree": 4,
            "r2": 0.9508452444531359,
            "reduced_chisq": 3.470901554459301e-09,
            "status": "completed",
            "success": true,
            "time_max": 135.0,
            "time_min": 0.0
          },
          "nt_id": 100,
          "params": {
            "fmod0": 0.0004237649372417335,
            "kdeg": 0.02555448018024472,
            "kobs": 0.0005625121149351616,
            "log_fmod0": -7.7663316497629005,
            "log_fmod0_err": 0.12222925225126174,
            "log_kdeg": -3.6669426281840125,
            "log_kdeg_err": 0.3558498698409576,
            "log_kobs": -7.483097886455122,
            "log_kobs_err": 0.12025354690381963,
            "metadata": {
              "base": "G",
              "fmod_run_ids": [
                870,
                871,
                872,
                873,
                874,
                875,
                876
              ],
              "site": 21,
              "valtype": "modrate"
            }
          },
          "valtype": "modrate"
        },
        {
          "diagnostics": {
            "chisq": 5.269747127696231e-07,
            "covariance": {
              "matrix": [
                [
                  0.0006694967608335553,
                  0.00016346674469889963,
                  -0.0173095813652818
                ],
                [
                  0.00016346674469889963,
                  0.004041823467699829,
                  -0.02453065691029793
                ],
                [
                  -0.0173095813652818,
                  -0.02453065691029793,
                  0.6504985045172925
                ]
              ],
              "params": [
                "log_kappa",
                "log_kdeg",
                "log_fmod_0"
              ]
            },
            "ndata": 7,
            "nfree": 4,
            "r2": 0.9973983174532753,
            "reduced_chisq": 1.3174367819240577e-07,
            "status": "completed",
            "success": true,
            "time_max": 135.0,
            "time_min": 0.0
          },
          "nt_id": 101,
          "params": {
            "fmod0": 0.000433917784049608,
            "kdeg": 0.05275278208290446,
            "kobs": 0.01534219532396369,
            "log_fmod0": -7.742655479483166,
            "log_fmod0_err": 0.8065348749541414,
            "log_kdeg": -2.9421387671085726,
            "log_kdeg_err": 0.06357533694523237,
            "log_kobs": -4.177148382202669,
            "log_kobs_err": 0.02587463547247681,
            "metadata": {
              "base": "A",
              "fmod_run_ids": [
                870,
                871,
                872,
                873,
                874,
                875,
                876
              ],
              "site": 22,
              "valtype": "modrate"
            }
          },
          "valtype": "modrate"
        },
        {
          "diagnostics": {
            "chisq": 1.4501222544715775e-06,
            "covariance": {
              "matrix": [
                [
                  0.5465858083766091,
                  0.050949302953245006,
                  -0.2780095386936469
                ],
                [
                  0.050949302953245006,
                  3.4016592896379736,
                  -0.22056513473058587
                ],
                [
                  -0.2780095386936469,
                  -0.22056513473058587,
                  0.17819861039373214
                ]
              ],
              "params": [
                "log_kappa",
                "log_kdeg",
                "log_fmod_0"
              ]
            },
            "ndata": 7,
            "nfree": 4,
            "r2": 0.31432326295566204,
            "reduced_chisq": 3.6253056361789437e-07,
            "status": "completed",
            "success": true,
            "time_max": 135.0,
            "time_min": 0.0
          },
          "nt_id": 102,
          "params": {
            "fmod0": 0.0014211614900882146,
            "kdeg": 0.1133367130694643,
            "kobs": 0.0008999722574462785,
            "log_fmod0": -6.556280790942044,
            "log_fmod0_err": 0.4221357724639457,
            "log_kdeg": -2.177392129283527,
            "log_kdeg_err": 1.844358774652582,
            "log_kobs": -7.013146620174756,
            "log_kobs_err": 0.7393144178065305,
            "metadata": {
              "base": "U",
              "fmod_run_ids": [
                870,
                871,
                872,
                873,
                874,
                875,
                876
              ],
              "site": 23,
              "valtype": "modrate"
            }
          },
          "valtype": "modrate"
        },
        {
          "diagnostics": {
            "chisq": 5.552159200051432e-06,
            "covariance": {
              "matrix": [
                [
                  0.0038863622947316475,
                  0.000762139146907097,
                  -0.028154399449384863
                ],
                [
                  0.000762139146907097,
                  0.024440161065043747,
                  -0.042968217009940905
                ],
                [
                  -0.028154399449384863,
                  -0.042968217009940905,
                  0.3102347437077919
                ]
              ],
              "params": [
                "log_kappa",
                "log_kdeg",
                "log_fmod_0"
              ]
            },
            "ndata": 7,
            "nfree": 4,
            "r2": 0.9851130086133929,
            "reduced_chisq": 1.388039800012858e-06,
            "status": "completed",
            "success": true,
            "time_max": 135.0,
            "time_min": 0.0
          },
          "nt_id": 103,
          "params": {
            "fmod0": 0.0020210288901753256,
            "kdeg": 0.0477993089297037,
            "kobs": 0.020673120519919274,
            "log_fmod0": -6.2041485456725605,
            "log_fmod0_err": 0.5569872024632091,
            "log_kdeg": -3.0407440971268174,
            "log_kdeg_err": 0.15633349310062686,
            "log_kobs": -3.878920948133511,
            "log_kobs_err": 0.06234069533404041,
            "metadata": {
              "base": "C",
              "fmod_run_ids": [
                870,
                871,
                872,
                873,
                874,
                875,
                876
              ],
              "site": 24,
              "valtype": "modrate"
            }
          },
          "valtype": "modrate"
        },
        {
          "diagnostics": {
            "chisq": 5.556962972300328e-07,
            "covariance": {
              "matrix": [
                [
                  0.44353245269698705,
                  -0.00474320437897902,
                  -0.1486441343422656
                ],
                [
                  -0.00474320437897902,
                  3.2384745197334524,
                  -0.10234586472098474
                ],
                [
                  -0.1486441343422656,
                  -0.10234586472098474,
                  0.062043491011751356
                ]
              ],
              "params": [
                "log_kappa",
                "log_kdeg",
                "log_fmod_0"
              ]
            },
            "ndata": 7,
            "nfree": 4,
            "r2": 0.36060529123477725,
            "reduced_chisq": 1.389240743075082e-07,
            "status": "completed",
            "success": true,
            "time_max": 135.0,
            "time_min": 0.0
          },
          "nt_id": 104,
          "params": {
            "fmod0": 0.0014939518946675966,
            "kdeg": 0.13587625225478817,
            "kobs": 0.000618600902931179,
            "log_fmod0": -6.506330391807584,
            "log_fmod0_err": 0.2490853087031657,
            "log_kdeg": -1.9960107173566408,
            "log_kdeg_err": 1.7995762055921534,
            "log_kobs": -7.388050238077805,
            "log_kobs_err": 0.6659823216099562,
            "metadata": {
              "base": "U",
              "fmod_run_ids": [
                870,
                871,
                872,
                873,
                874,
                875,
                876
              ],
              "site": 25,
              "valtype": "modrate"
            }
          },
          "valtype": "modrate"
        },
        {
          "diagnostics": {
            "chisq": 1.4818788887710191e-08,
            "covariance": {
              "matrix": [
                [
                  0.020325628336157617,
                  -0.008556712803824845,
                  -0.010735736355056641
                ],
                [
                  -0.008556712803824845,
                  0.1654662803414338,
                  -0.025792563343797977
                ],
                [
                  -0.010735736355056641,
                  -0.025792563343797977,
                  0.013756752252259178
                ]
              ],
              "params": [
                "log_kappa",
                "log_kdeg",
                "log_fmod_0"
              ]
            },
            "ndata": 7,
            "nfree": 4,
            "r2": 0.9263548700249825,
            "reduced_chisq": 3.704697221927548e-09,
            "status": "completed",
            "success": true,
            "time_max": 135.0,
            "time_min": 0.0
          },
          "nt_id": 105,
          "params": {
            "fmod0": 0.00046861678425938854,
            "kdeg": 0.030960117407141875,
            "kobs": 0.00046148578244101587,
            "log_fmod0": -7.665725214650273,
            "log_fmod0_err": 0.11728918216212089,
            "log_kdeg": -3.4750554380474563,
            "log_kdeg_err": 0.4067754667398635,
            "log_kobs": -7.681059311774327,
            "log_kobs_err": 0.14256797794791654,
            "metadata": {
              "base": "G",
              "fmod_run_ids": [
                870,
                871,
                872,
                873,
                874,
                875,
                876
              ],
              "site": 26,
              "valtype": "modrate"
            }
          },
          "valtype": "modrate"
        },
        {
          "diagnostics": {
            "chisq": 1.3183751009348718e-06,
            "covariance": {
              "matrix": [
                [
                  0.0011297328449378205,
                  0.00024370098830078806,
                  -0.0443191276614595
                ],
                [
                  0.00024370098830078806,
                  0.007000891623869086,
                  -0.06590468738494248
                ],
                [
                  -0.0443191276614595,
                  -0.06590468738494248,
                  2.5996102291608634
                ]
              ],
              "params": [
                "log_kappa",
                "log_kdeg",
                "log_fmod_0"
              ]
            },
            "ndata": 7,
            "nfree": 4,
            "r2": 0.9956228053155582,
            "reduced_chisq": 3.2959377523371795e-07,
            "status": "completed",
            "success": true,
            "time_max": 135.0,
            "time_min": 0.0
          },
          "nt_id": 106,
          "params": {
            "fmod0": 0.000341334477983792,
            "kdeg": 0.04946829821074055,
            "kobs": 0.01867930864157716,
            "log_fmod0": -7.982647687570413,
            "log_fmod0_err": 1.612330682323221,
            "log_kdeg": -3.0064232547639724,
            "log_kdeg_err": 0.08367133095552554,
            "log_kobs": -3.980338857488558,
            "log_kobs_err": 0.03361149870115614,
            "metadata": {
              "base": "A",
              "fmod_run_ids": [
                870,
                871,
                872,
                873,
                874,
                875,
                876
              ],
              "site": 27,
              "valtype": "modrate"
            }
          },
          "valtype": "modrate"
        },
        {
          "diagnostics": {
            "chisq": 1.678505469207125e-08,
            "covariance": {
              "matrix": [
                [
                  0.04192951839410791,
                  0.008835046089531366,
                  -0.022188544158083925
                ],
                [
                  0.008835046089531366,
                  0.26774936883593303,
                  -0.034181636869450874
                ],
                [
                  -0.022188544158083925,
                  -0.034181636869450874,
                  0.017801677177556652
                ]
              ],
              "params": [
                "log_kappa",
                "log_kdeg",
                "log_fmod_0"
              ]
            },
            "ndata": 7,
            "nfree": 4,
            "r2": 0.857262313772239,
            "reduced_chisq": 4.196263673017812e-09,
            "status": "completed",
            "success": true,
            "time_max": 135.0,
            "time_min": 0.0
          },
          "nt_id": 107,
          "params": {
            "fmod0": 0.00046389656039433645,
            "kdeg": 0.0483022781443132,
            "kobs": 0.0003388731211330088,
            "log_fmod0": -7.675848960775266,
            "log_fmod0_err": 0.1334229259818441,
            "log_kdeg": -3.0302765528869893,
            "log_kdeg_err": 0.5174450394350428,
            "log_kobs": -7.989884794585724,
            "log_kobs_err": 0.20476698560585374,
            "metadata": {
              "base": "G",
              "fmod_run_ids": [
                870,
                871,
                872,
                873,
                874,
                875,
                876
              ],
              "site": 28,
              "valtype": "modrate"
            }
          },
          "valtype": "modrate"
        },
        {
          "diagnostics": {
            "chisq": 4.9227353343569456e-06,
            "covariance": {
              "matrix": [
                [
                  0.0022078520056045383,
                  0.000468569033778216,
                  -0.03705432373138894
                ],
                [
                  0.000468569033778216,
                  0.01358473135693284,
                  -0.05476545047012862
                ],
                [
                  -0.03705432373138894,
                  -0.05476545047012862,
                  0.9293758971574875
                ]
              ],
              "params": [
                "log_kappa",
                "log_kdeg",
                "log_fmod_0"
              ]
            },
            "ndata": 7,
            "nfree": 4,
            "r2": 0.9915458549569843,
            "reduced_chisq": 1.2306838335892364e-06,
            "status": "completed",
            "success": true,
            "time_max": 135.0,
            "time_min": 0.0
          },
          "nt_id": 108,
          "params": {
            "fmod0": 0.0011034746924237773,
            "kdeg": 0.04944456520521811,
            "kobs": 0.02601981033788473,
            "log_fmod0": -6.809291266446394,
            "log_fmod0_err": 0.964041439543699,
            "log_kdeg": -3.006903131802373,
            "log_kdeg_err": 0.11655355574555776,
            "log_kobs": -3.6488970950140924,
            "log_kobs_err": 0.04698778570654866,
            "metadata": {
              "base": "C",
              "fmod_run_ids": [
                870,
                871,
                872,
                873,
                874,
                875,
                876
              ],
              "site": 29,
              "valtype": "modrate"
            }
          },
          "valtype": "modrate"
        },
        {
          "diagnostics": {
            "chisq": 1.5230447080332266e-06,
            "covariance": {
              "matrix": [
                [
                  1.2651513028124868,
                  -0.055687935828533014,
                  -0.2809509884564327
                ],
                [
                  -0.055687935828533014,
                  9.806460234256514,
                  -0.18550614518201541
                ],
                [
                  -0.2809509884564327,
                  -0.18550614518201541,
                  0.0774795888585384
                ]
              ],
              "params": [
                "log_kappa",
                "log_kdeg",
                "log_fmod_0"
              ]
            },
            "ndata": 7,
            "nfree": 4,
            "r2": 0.16506189636102786,
            "reduced_chisq": 3.8076117700830665e-07,
            "status": "completed",
            "success": true,
            "time_max": 135.0,
            "time_min": 0.0
          },
          "nt_id": 109,
          "params": {
            "fmod0": 0.0022141767634347646,
            "kdeg": 0.14311639163728257,
            "kobs": 0.0006062170522359868,
            "log_fmod0": -6.112874608932893,
            "log_fmod0_err": 0.27835155623516533,
            "log_kdeg": -1.9440970522481733,
            "log_kdeg_err": 3.1315268215770584,
            "log_kobs": -7.408272464016662,
            "log_kobs_err": 1.1247894482135252,
            "metadata": {
              "base": "U",
              "fmod_run_ids": [
                870,
                871,
                872,
                873,
                874,
                875,
                876
              ],
              "site": 30,
              "valtype": "modrate"
            }
          },
          "valtype": "modrate"
        },
        {
          "diagnostics": {
            "chisq": 8.869861434822724e-07,
            "covariance": {
              "matrix": [
                [
                  0.3758412398840244,
                  0.04166405060114167,
                  -0.19746109927463137
                ],
                [
                  0.04166405060114167,
                  2.2881090495589627,
                  -0.16085097485356598
                ],
                [
                  -0.19746109927463137,
                  -0.16085097485356598,
                  0.13108027894021945
                ]
              ],
              "params": [
                "log_kappa",
                "log_kdeg",
                "log_fmod_0"
              ]
            },
            "ndata": 7,
            "nfree": 4,
            "r2": 0.40014493702670617,
            "reduced_chisq": 2.217465358705681e-07,
            "status": "completed",
            "success": true,
            "time_max": 135.0,
            "time_min": 0.0
          },
          "nt_id": 110,
          "params": {
            "fmod0": 0.0012952815081408969,
            "kdeg": 0.10948941990040843,
            "kobs": 0.0008485592622015265,
            "log_fmod0": -6.649027226650638,
            "log_fmod0_err": 0.3620501055658173,
            "log_kdeg": -2.2119273563078576,
            "log_kdeg_err": 1.5126496783984593,
            "log_kobs": -7.071970632238628,
            "log_kobs_err": 0.61305892040164,
            "metadata": {
              "base": "U",
              "fmod_run_ids": [
                870,
                871,
                872,
                873,
                874,
                875,
                876
              ],
              "site": 31,
              "valtype": "modrate"
            }
          },
          "valtype": "modrate"
        },
        {
          "diagnostics": {
            "chisq": 4.8127076707759e-08,
            "covariance": {
              "matrix": [
                [
                  0.15385559495758652,
                  -0.31614806484314373,
                  0.0013876822392625363
                ],
                [
                  -0.31614806484314373,
                  1.0609554249608995,
                  -0.0760692064414878
                ],
                [
                  0.0013876822392625363,
                  -0.0760692064414878,
                  0.016476847727682657
                ]
              ],
              "params": [
                "log_kappa",
                "log_kdeg",
                "log_fmod_0"
              ]
            },
            "ndata": 7,
            "nfree": 4,
            "r2": 0.8074311715371614,
            "reduced_chisq": 1.203176917693975e-08,
            "status": "completed",
            "success": true,
            "time_max": 135.0,
            "time_min": 0.0
          },
          "nt_id": 111,
          "params": {
            "fmod0": 0.0007077483091541557,
            "kdeg": 0.015672052128362944,
            "kobs": 0.0005378414733630801,
            "log_fmod0": -7.253422023019053,
            "log_fmod0_err": 0.12836217405327263,
            "log_kdeg": -4.1558762721354405,
            "log_kdeg_err": 1.0300269049694282,
            "log_kobs": -7.527946700399466,
            "log_kobs_err": 0.3922443051945898,
            "metadata": {
              "base": "G",
              "fmod_run_ids": [
                870,
                871,
                872,
                873,
                874,
                875,
                876
              ],
              "site": 32,
              "valtype": "modrate"
            }
          },
          "valtype": "modrate"
        },
        {
          "diagnostics": {
            "chisq": 2.9703060805327534e-08,
            "covariance": {
              "matrix": [
                [
                  0.11167951865565635,
                  -0.02404809442634585,
                  -0.02370883110805662
                ],
                [
                  -0.02404809442634585,
                  0.8648726070356755,
                  -0.050712909076480885
                ],
                [
                  -0.02370883110805662,
                  -0.050712909076480885,
                  0.010438782622218867
                ]
              ],
              "params": [
                "log_kappa",
                "log_kdeg",
                "log_fmod_0"
              ]
            },
            "ndata": 7,
            "nfree": 4,
            "r2": 0.6925449074220903,
            "reduced_chisq": 7.4257652013318834e-09,
            "status": "completed",
            "success": true,
            "time_max": 135.0,
            "time_min": 0.0
          },
          "nt_id": 112,
          "params": {
            "fmod0": 0.0007716535582205348,
            "kdeg": 0.03400053304251316,
            "kobs": 0.0002754369490123003,
            "log_fmod0": -7.166974867443545,
            "log_fmod0_err": 0.1021703607814853,
            "log_kdeg": -3.3813790767678946,
            "log_kdeg_err": 0.9299852724832127,
            "log_kobs": -8.197151815773235,
            "log_kobs_err": 0.33418485701129,
            "metadata": {
              "base": "G",
              "fmod_run_ids": [
                870,
                871,
                872,
                873,
                874,
                875,
                876
              ],
              "site": 33,
              "valtype": "modrate"
            }
          },
          "valtype": "modrate"
        },
        {
          "diagnostics": {
            "chisq": 2.089653356206716e-08,
            "covariance": {
              "matrix": [
                [
                  0.26045191038824084,
                  0.31154267222093085,
                  -0.3915566507913332
                ],
                [
                  0.31154267222093085,
                  0.48167113343620055,
                  -0.4927966096052747
                ],
                [
                  -0.3915566507913332,
                  -0.4927966096052747,
                  0.5990753338835807
                ]
              ],
              "params": [
                "log_kappa",
                "log_kdeg",
                "log_fmod_0"
              ]
            },
            "ndata": 6,
            "nfree": 3,
            "r2": 0.8498567758011326,
            "reduced_chisq": 6.96551118735572e-09,
            "status": "completed",
            "success": true,
            "time_max": 135.0,
            "time_min": 10.0
          },
          "nt_id": 113,
          "params": {
            "fmod0": 0.0004845964576913481,
            "kdeg": 0.0624628744981729,
            "kobs": 0.0007040955126099221,
            "log_fmod0": -7.632194059366411,
            "log_fmod0_err": 0.773999569692116,
            "log_kdeg": -2.7731829067616798,
            "log_kdeg_err": 0.6940253118123291,
            "log_kobs": -7.258596539687841,
            "log_kobs_err": 0.5103448935653622,
            "metadata": {
              "base": "G",
              "fmod_run_ids": [
                870,
                871,
                872,
                873,
                874,
                875
              ],
              "site": 34,
              "valtype": "modrate"
            }
          },
          "valtype": "modrate"
        },
        {
          "diagnostics": {
            "chisq": 7.779207063336835e-07,
            "covariance": {
              "matrix": [
                [
                  0.000602269117933541,
                  0.00013843749329119147,
                  -0.004082291929887622
                ],
                [
                  0.00013843749329119147,
                  0.0036731231398786854,
                  -0.005912351996953637
                ],
                [
                  -0.004082291929887622,
                  -0.005912351996953637,
                  0.040762227599511876
                ]
              ],
              "params": [
                "log_kappa",
                "log_kdeg",
                "log_fmod_0"
              ]
            },
            "ndata": 7,
            "nfree": 4,
            "r2": 0.9976670006564674,
            "reduced_chisq": 1.9448017658342087e-07,
            "status": "completed",
            "success": true,
            "time_max": 135.0,
            "time_min": 0.0
          },
          "nt_id": 114,
          "params": {
            "fmod0": 0.002100387290124685,
            "kdeg": 0.05107330061301926,
            "kobs": 0.019708007322411458,
            "log_fmod0": -6.165633527387853,
            "log_fmod0_err": 0.2018965764927971,
            "log_kdeg": -2.9744934112153616,
            "log_kdeg_err": 0.06060629620657152,
            "log_kobs": -3.9267302627553575,
            "log_kobs_err": 0.024541171894054713,
            "metadata": {
              "base": "A",
              "fmod_run_ids": [
                870,
                871,
                872,
                873,
                874,
                875,
                876
              ],
              "site": 35,
              "valtype": "modrate"
            }
          },
          "valtype": "modrate"
        },
        {
          "diagnostics": {
            "chisq": 2.438842729272157e-08,
            "covariance": {
              "matrix": [
                [
                  0.18015610355449233,
                  -0.37101068654573144,
                  0.005427028885583191
                ],
                [
                  -0.37101068654573144,
                  1.0129175584203232,
                  -0.043072470488888646
                ],
                [
                  0.005427028885583191,
                  -0.043072470488888646,
                  0.0054164746003768135
                ]
              ],
              "params": [
                "log_kappa",
                "log_kdeg",
                "log_fmod_0"
              ]
            },
            "ndata": 7,
            "nfree": 4,
            "r2": 0.8496220347926821,
            "reduced_chisq": 6.0971068231803926e-09,
            "status": "completed",
            "success": true,
            "time_max": 135.0,
            "time_min": 0.0
          },
          "nt_id": 115,
          "params": {
            "fmod0": 0.0008646583610972708,
            "kdeg": 0.013290865155346858,
            "kobs": 0.0004694299057098408,
            "log_fmod0": -7.053176087318006,
            "log_fmod0_err": 0.07359670237433749,
            "log_kdeg": -4.32067831015555,
            "log_kdeg_err": 1.0064380549344918,
            "log_kobs": -7.6639915660743485,
            "log_kobs_err": 0.4244479986458793,
            "metadata": {
              "base": "G",
              "fmod_run_ids": [
                870,
                871,
                872,
                873,
                874,
                875,
                876
              ],
              "site": 36,
              "valtype": "modrate"
            }
          },
          "valtype": "modrate"
        },
        {
          "diagnostics": {
            "chisq": 7.116296696345505e-06,
            "covariance": {
              "matrix": [
                [
                  0.002699481470031729,
                  0.0005850653579927546,
                  -0.08356080830926711
                ],
                [
                  0.0005850653579927546,
                  0.01647979286560361,
                  -0.12209971122375117
                ],
                [
                  -0.08356080830926711,
                  -0.12209971122375117,
                  3.8434397512311307
                ]
              ],
              "params": [
                "log_kappa",
                "log_kdeg",
                "log_fmod_0"
              ]
            },
            "ndata": 7,
            "nfree": 4,
            "r2": 0.9897122785978919,
            "reduced_chisq": 1.7790741740863764e-06,
            "status": "completed",
            "success": true,
            "time_max": 135.0,
            "time_min": 0.0
          },
          "nt_id": 116,
          "params": {
            "fmod0": 0.000653156255391335,
            "kdeg": 0.05002232660600618,
            "kobs": 0.028381213065988065,
            "log_fmod0": -7.333694168811491,
            "log_fmod0_err": 1.9604692681169809,
            "log_kdeg": -2.9952858410996663,
            "log_kdeg_err": 0.12837364552587735,
            "log_kobs": -3.562027864471405,
            "log_kobs_err": 0.051956534430538465,
            "metadata": {
              "base": "C",
              "fmod_run_ids": [
                870,
                871,
                872,
                873,
                874,
                875,
                876
              ],
              "site": 37,
              "valtype": "modrate"
            }
          },
          "valtype": "modrate"
        },
        {
          "diagnostics": {
            "chisq": 5.030750126550338e-07,
            "covariance": {
              "matrix": [
                [
                  0.2245861115401748,
