{
  "artifacts": {},
  "engine": "python_baseline",
  "engine_version": "0.1.0",
  "metadata": {
    "buffer_pH": 6.4,
    "done_by": [
      "EKC"
    ],
    "experiment_id": "ekc.01.0xx",
    "fmod_run_id": 110,
    "initial_kdeg": 0.0001816560448695518,
    "initial_kdeg_source": "arrhenius:nmr:deg:dms:Schwalbe_bistris",
    "initial_log_kdeg": -8.613395522286467,
    "notes": "Baseline python engine demo using examples/nerd.sqlite",
    "rg_id": 83,
    "rg_label": "25_1_15",
    "rounds_requested": [
      "round1_free",
      "round2_global",
      "round3_constrained"
    ],
    "rt_protocol": [
      "MRT"
    ],
    "selected_site_bases": [
      "17_G",
      "18_G",
      "19_C",
      "1_U",
      "20_A",
      "21_G",
      "22_A",
      "23_U",
      "24_C",
      "25_U",
      "26_G",
      "27_A",
      "28_G",
      "29_C",
      "2_A",
      "30_C",
      "31_U",
      "32_G",
      "33_G",
      "34_G",
      "35_A",
      "36_G",
      "37_C",
      "38_U",
      "39_C",
      "3_A",
      "40_U",
      "41_C",
      "42_U",
      "43_G",
      "44_C",
      "45_C",
      "61_A",
      "62_A",
      "63_U",
      "64_C"
    ],
    "temperature_c": 25.0,
    "valtypes": [
      "modrate",
      "GAmodrate"
    ]
  },
  "rounds": [
    {
      "global_params": {},
      "notes": null,
      "per_nt": [
        {
          "diagnostics": {
            "reason": "Non-zero fmod values are required for a fit.",
            "status": "failed"
          },
          "nt_id": 315,
          "params": {},
          "valtype": "modrate"
        },
        {
          "diagnostics": {
            "reason": "Non-zero fmod values are required for a fit.",
            "status": "failed"
          },
          "nt_id": 316,
          "params": {},
          "valtype": "modrate"
        },
        {
          "diagnostics": {
            "reason": "Non-zero fmod values are required for a fit.",
            "status": "failed"
          },
          "nt_id": 317,
          "params": {},
          "valtype": "modrate"
        },
        {
          "diagnostics": {
            "reason": "Non-zero fmod values are required for a fit.",
            "status": "failed"
          },
          "nt_id": 318,
          "params": {},
          "valtype": "modrate"
        },
        {
          "diagnostics": {
            "chisq": 3.4047050325658455e-07,
            "covariance": {
              "matrix": [
                [
                  334105271968.397,
                  -334077883576.1148,
                  -98833.69897499027
                ],
                [
                  -334077883576.1148,
                  334050497429.05206,
                  98825.56417262937
                ],
                [
                  -98833.69897499027,
                  98825.56417262937,
                  0.06941967013044036
                ]
              ],
              "params": [
                "log_kappa",
                "log_kdeg",
                "log_fmod_0"
              ]
            },
            "ndata": 6,
            "nfree": 3,
            "r2": 0.8771419392422671,
            "reduced_chisq": 1.1349016775219485e-07,
            "status": "completed",
            "success": true,
            "time_max": 27000.0,
            "time_min": 900.0
          },
          "nt_id": 319,
          "params": {
            "fmod0": 0.001052537304702793,
            "kdeg": 4.2527848307047426e-11,
            "kobs": 1605.3954558520227,
            "log_fmod0": -6.856551549137717,
            "log_fmod0_err": 0.2634761281984392,
            "log_kdeg": -23.880862000300063,
            "log_kdeg_err": 577971.017810627,
            "log_kobs": 7.381125395154055,
            "log_kobs_err": 578018.401063839,
            "metadata": {
              "base": "G",
              "fmod_run_ids": [
                107,
                108,
                109,
                110,
                111,
                112
              ],
              "site": 18,
              "valtype": "modrate"
            }
          },
          "valtype": "modrate"
        },
        {
          "diagnostics": {
            "chisq": 6.701488207047183e-07,
            "covariance": {
              "matrix": [
                [
                  203706067542.4767,
                  -203689963653.50635,
                  42727.639340600625
                ],
                [
                  -203689963653.50635,
                  203673861037.67847,
                  -42724.27705469283
                ],
                [
                  42727.639340600625,
                  -42724.27705469283,
                  0.016316584658255463
                ]
              ],
              "params": [
                "log_kappa",
                "log_kdeg",
                "log_fmod_0"
              ]
            },
            "ndata": 6,
            "nfree": 3,
            "r2": 0.8542481374555212,
            "reduced_chisq": 2.233829402349061e-07,
            "status": "completed",
            "success": true,
            "time_max": 27000.0,
            "time_min": 900.0
          },
          "nt_id": 320,
          "params": {
            "fmod0": 0.003452037048846826,
            "kdeg": 1.4417194022934636e-10,
            "kobs": 602.1355945121107,
            "log_fmod0": -5.66879077324415,
            "log_fmod0_err": 0.1277363873696742,
            "log_kdeg": -22.660014499268218,
            "log_kdeg_err": 451302.4053089884,
            "log_kobs": 6.400482659999429,
            "log_kobs_err": 451338.085632574,
            "metadata": {
              "base": "C",
              "fmod_run_ids": [
                107,
                108,
                109,
                110,
                111,
                112
              ],
              "site": 19,
              "valtype": "modrate"
            }
          },
          "valtype": "modrate"
        },
        {
          "diagnostics": {
            "chisq": 1.3331365350582646e-07,
            "covariance": {
              "matrix": [
                [
                  0.0030325704236984588,
                  0.003302907092991764,
                  -0.010056523100759959
                ],
                [
                  0.003302907092991764,
                  0.01190024297559922,
                  -0.016082591760247057
                ],
                [
                  -0.010056523100759959,
                  -0.016082591760247057,
                  0.03839785382493332
                ]
              ],
              "params": [
                "log_kappa",
                "log_kdeg",
                "log_fmod_0"
              ]
            },
            "ndata": 6,
            "nfree": 3,
            "r2": 0.9937466663655636,
            "reduced_chisq": 4.4437884501942156e-08,
            "status": "completed",
            "success": true,
            "time_max": 27000.0,
            "time_min": 900.0
          },
          "nt_id": 321,
          "params": {
            "fmod0": 0.0019849695392356913,
            "kdeg": 0.00030346418061378015,
            "kobs": 0.0069073296923099665,
            "log_fmod0": -6.22215171043393,
            "log_fmod0_err": 0.1959537032692501,
            "log_kdeg": -8.100246975471663,
            "log_kdeg_err": 0.1090882348175055,
            "log_kobs": -4.975172156945143,
            "log_kobs_err": 0.05506877902857897,
            "metadata": {
              "base": "A",
              "fmod_run_ids": [
                107,
                108,
                109,
                110,
                111,
                112
              ],
              "site": 20,
              "valtype": "modrate"
            }
          },
          "valtype": "modrate"
        },
        {
          "diagnostics": {
            "chisq": 1.4815791635231767e-07,
            "covariance": {
              "matrix": [
                [
                  0.3069327237975386,
                  -0.6872238836189959,
                  0.053803693750862684
                ],
                [
                  -0.6872238836189959,
                  2.2689774289405116,
                  -0.39921364117762365
                ],
                [
                  0.053803693750862684,
                  -0.39921364117762365,
                  0.1349006601791041
                ]
              ],
              "params": [
                "log_kappa",
                "log_kdeg",
                "log_fmod_0"
              ]
            },
            "ndata": 6,
            "nfree": 3,
            "r2": 0.7715408109999172,
            "reduced_chisq": 4.9385972117439226e-08,
            "status": "completed",
            "success": true,
            "time_max": 27000.0,
            "time_min": 900.0
          },
          "nt_id": 322,
          "params": {
            "fmod0": 0.0006569229954884772,
            "kdeg": 6.836360155382408e-05,
            "kobs": 0.001027345307304181,
            "log_fmod0": -7.327943752606879,
            "log_fmod0_err": 0.3672882521659304,
            "log_kdeg": -9.590670015999018,
            "log_kdeg_err": 1.5063125269812077,
            "log_kobs": -6.8807771754300635,
            "log_kobs_err": 0.5540150934744816,
            "metadata": {
              "base": "G",
              "fmod_run_ids": [
                107,
                108,
                109,
                110,
                111,
                112
              ],
              "site": 21,
              "valtype": "modrate"
            }
          },
          "valtype": "modrate"
        },
        {
          "diagnostics": {
            "chisq": 4.572031465775027e-07,
            "covariance": {
              "matrix": [
                [
                  0.0015147158470878138,
                  0.0018157674608139602,
                  -0.06965854711089915
                ],
                [
                  0.0018157674608139602,
                  0.004724388714450928,
                  -0.1015599952225339
                ],
                [
                  -0.06965854711089915,
                  -0.1015599952225339,
                  3.432638501438704
                ]
              ],
              "params": [
                "log_kappa",
                "log_kdeg",
                "log_fmod_0"
              ]
            },
            "ndata": 6,
            "nfree": 3,
            "r2": 0.9976306073702513,
            "reduced_chisq": 1.5240104885916757e-07,
            "status": "completed",
            "success": true,
            "time_max": 27000.0,
            "time_min": 900.0
          },
          "nt_id": 323,
          "params": {
            "fmod0": 0.0005009300687020547,
            "kdeg": 0.00042136842890275216,
            "kobs": 0.02342300038938664,
            "log_fmod0": -7.599044050051115,
            "log_fmod0_err": 1.8527381092422923,
            "log_kdeg": -7.772002978948132,
            "log_kdeg_err": 0.06873418883242115,
            "log_kobs": -3.7540368167472495,
            "log_kobs_err": 0.03891935054812469,
            "metadata": {
              "base": "A",
              "fmod_run_ids": [
                107,
                108,
                109,
                110,
                111,
                112
              ],
              "site": 22,
              "valtype": "modrate"
            }
          },
          "valtype": "modrate"
        },
        {
          "diagnostics": {
            "chisq": 2.058475597415273e-06,
            "covariance": {
              "matrix": [
                [
                  3150239732441.4536,
                  -3149961259215.217,
                  -249453.87861968548
                ],
                [
                  -3149961259215.217,
                  3149682810607.134,
                  249431.72734326194
                ],
                [
                  -249453.87861968548,
                  249431.72734326194,
                  0.029319379147097712
                ]
              ],
              "params": [
                "log_kappa",
                "log_kdeg",
                "log_fmod_0"
              ]
            },
            "ndata": 6,
            "nfree": 3,
            "r2": 0.15453755479781195,
            "reduced_chisq": 6.861585324717577e-07,
            "status": "completed",
            "success": true,
            "time_max": 27000.0,
            "time_min": 900.0
          },
          "nt_id": 324,
          "params": {
            "fmod0": 0.0053031482868388215,
            "kdeg": 7.0922585018491985e-12,
            "kobs": 3785.0028993097862,
            "log_fmod0": -5.239454618397274,
            "log_fmod0_err": 0.171229025422379,
            "log_kdeg": -25.672017278599533,
            "log_kdeg_err": 1774734.574691983,
            "log_kobs": 8.2388019318712,
            "log_kobs_err": 1774891.4706092465,
            "metadata": {
              "base": "U",
              "fmod_run_ids": [
                107,
                108,
                109,
                110,
                111,
                112
              ],
              "site": 23,
              "valtype": "modrate"
            }
          },
          "valtype": "modrate"
        },
        {
          "diagnostics": {
            "chisq": 4.741601225758748e-06,
            "covariance": {
              "matrix": [
                [
                  0.0029716741111831496,
                  0.0033527414986239167,
                  -0.11298297058279289
                ],
                [
                  0.0033527414986239167,
                  0.009995636199102891,
                  -0.16805415587787603
                ],
                [
                  -0.11298297058279289,
                  -0.16805415587787603,
                  4.74117574933378
                ]
              ],
              "params": [
                "log_kappa",
                "log_kdeg",
                "log_fmod_0"
              ]
            },
            "ndata": 6,
            "nfree": 3,
            "r2": 0.9948288738868911,
            "reduced_chisq": 1.5805337419195826e-06,
            "status": "completed",
            "success": true,
            "time_max": 27000.0,
            "time_min": 900.0
          },
          "nt_id": 325,
          "params": {
            "fmod0": 0.0012080887763917694,
            "kdeg": 0.0003555488847049714,
            "kobs": 0.04882912145394839,
            "log_fmod0": -6.718715691779263,
            "log_fmod0_err": 2.177424108742663,
            "log_kdeg": -7.941847808455948,
            "log_kdeg_err": 0.09997817861465016,
            "log_kobs": -3.0194283930026717,
            "log_kobs_err": 0.05451306367452805,
            "metadata": {
              "base": "C",
              "fmod_run_ids": [
                107,
                108,
                109,
                110,
                111,
                112
              ],
              "site": 24,
              "valtype": "modrate"
            }
          },
          "valtype": "modrate"
        },
        {
          "diagnostics": {
            "chisq": 1.0202363766937297e-06,
            "covariance": {
              "matrix": [
                [
                  0.30095999714534694,
                  0.28769265091821494,
                  -0.13084111517953986
                ],
                [
                  0.28769265091821494,
                  1.4447312040706741,
                  -0.2361774562144506
                ],
                [
                  -0.13084111517953986,
                  -0.2361774562144506,
                  0.07225674467233498
                ]
              ],
              "params": [
                "log_kappa",
                "log_kdeg",
                "log_fmod_0"
              ]
            },
            "ndata": 6,
            "nfree": 3,
            "r2": 0.5781788549559923,
            "reduced_chisq": 3.4007879223124325e-07,
            "status": "completed",
            "success": true,
            "time_max": 27000.0,
            "time_min": 900.0
          },
          "nt_id": 326,
          "params": {
            "fmod0": 0.003428804372673569,
            "kdeg": 0.00023063231513151887,
            "kobs": 0.0016570015706990472,
            "log_fmod0": -5.675543657967669,
            "log_fmod0_err": 0.2688061470136704,
            "log_kdeg": -8.374685824945058,
            "log_kdeg_err": 1.2019697184499591,
            "log_kobs": -6.402745592620811,
            "log_kobs_err": 0.5485982110300278,
            "metadata": {
              "base": "U",
              "fmod_run_ids": [
                107,
                108,
                109,
                110,
                111,
                112
              ],
              "site": 25,
              "valtype": "modrate"
            }
          },
          "valtype": "modrate"
        },
        {
          "diagnostics": {
            "chisq": 3.8677805874983483e-07,
            "covariance": {
              "matrix": [
                [
                  49042906542.14421,
                  -49038982730.52661,
                  24906.008381329124
                ],
                [
                  -49038982730.52661,
                  49035059232.86878,
                  -24904.054254899223
                ],
                [
                  24906.008381329124,
                  -24904.054254899223,
                  0.11797384679310118
                ]
              ],
              "params": [
                "log_kappa",
                "log_kdeg",
                "log_fmod_0"
              ]
            },
            "ndata": 6,
            "nfree": 3,
            "r2": 0.931644235766449,
            "reduced_chisq": 1.2892601958327828e-07,
            "status": "completed",
            "success": true,
            "time_max": 27000.0,
            "time_min": 900.0
          },
          "nt_id": 327,
          "params": {
            "fmod0": 0.0006930337462054459,
            "kdeg": 3.254328118308586e-11,
            "kobs": 3090.7734871679268,
            "log_fmod0": -7.27443186413682,
            "log_fmod0_err": 0.3434732111724307,
            "log_kdeg": -24.148450183846712,
            "log_kdeg_err": 221438.6127866339,
            "log_kobs": 8.03617665803892,
            "log_kobs_err": 221456.33100488278,
            "metadata": {
              "base": "G",
              "fmod_run_ids": [
                107,
                108,
                109,
                110,
                111,
                112
              ],
              "site": 26,
              "valtype": "modrate"
            }
          },
          "valtype": "modrate"
        },
        {
          "diagnostics": {
            "chisq": 1.8589195485292967e-07,
            "covariance": {
              "matrix": [
                [
                  0.0037989593388102483,
                  0.0035645264276878926,
                  -0.012837758318593203
                ],
                [
                  0.0035645264276878926,
                  0.01853216447470213,
                  -0.023449925451355182
                ],
                [
                  -0.012837758318593203,
                  -0.023449925451355182,
                  0.0557492222239983
                ]
              ],
              "params": [
                "log_kappa",
                "log_kdeg",
                "log_fmod_0"
              ]
            },
            "ndata": 6,
            "nfree": 3,
            "r2": 0.9908153813305334,
            "reduced_chisq": 6.196398495097656e-08,
            "status": "completed",
            "success": true,
            "time_max": 27000.0,
            "time_min": 900.0
          },
          "nt_id": 328,
          "params": {
            "fmod0": 0.0016477758715986507,
            "kdeg": 0.0002248140076533845,
            "kobs": 0.006261209930844573,
            "log_fmod0": -6.408328856987266,
            "log_fmod0_err": 0.23611273202434108,
            "log_kdeg": -8.40023713026065,
            "log_kdeg_err": 0.13613289269938447,
            "log_kobs": -5.073381832858611,
            "log_kobs_err": 0.06163569857485391,
            "metadata": {
              "base": "A",
              "fmod_run_ids": [
                107,
                108,
                109,
                110,
                111,
                112
              ],
              "site": 27,
              "valtype": "modrate"
            }
          },
          "valtype": "modrate"
        },
        {
          "diagnostics": {
            "chisq": 2.898935671531346e-08,
            "covariance": {
              "matrix": [
                [
                  0.007710769645999465,
                  -0.0013007614642317753,
                  -0.006831806657825539
                ],
                [
                  -0.0013007614642317753,
                  0.0724194058084624,
                  -0.02630315671938888
                ],
                [
                  -0.006831806657825539,
                  -0.02630315671938888,
                  0.018459986613462275
                ]
              ],
              "params": [
                "log_kappa",
                "log_kdeg",
                "log_fmod_0"
              ]
            },
            "ndata": 6,
            "nfree": 3,
            "r2": 0.9774922694709155,
            "reduced_chisq": 9.663118905104487e-09,
            "status": "completed",
            "success": true,
            "time_max": 27000.0,
            "time_min": 900.0
          },
          "nt_id": 329,
          "params": {
            "fmod0": 0.0009049849621891002,
            "kdeg": 0.00012537551106081468,
            "kobs": 0.001480768664434321,
            "log_fmod0": -7.0075922307680365,
            "log_fmod0_err": 0.1358675333310437,
            "log_kdeg": -8.984197235432738,
            "log_kdeg_err": 0.26910853908499893,
            "log_kobs": -6.515193958169893,
            "log_kobs_err": 0.08781098818484771,
            "metadata": {
              "base": "G",
              "fmod_run_ids": [
                107,
                108,
                109,
                110,
                111,
                112
              ],
              "site": 28,
              "valtype": "modrate"
            }
          },
          "valtype": "modrate"
        },
        {
          "diagnostics": {
            "chisq": 6.937916175791884e-07,
            "covariance": {
              "matrix": [
                [
                  11824888931116.057,
                  -11823822153622.482,
                  193799.63326980398
                ],
                [
                  -11823822153622.482,
                  11822755472370.803,
                  -193782.25343841955
                ],
                [
                  193799.63326980398,
                  -193782.25343841955,
                  0.009407328437320436
                ]
              ],
              "params": [
                "log_kappa",
                "log_kdeg",
                "log_fmod_0"
              ]
            },
            "ndata": 6,
            "nfree": 3,
            "r2": 0.09991740159630313,
            "reduced_chisq": 2.3126387252639615e-07,
            "status": "completed",
            "success": true,
            "time_max": 27000.0,
            "time_min": 900.0
          },
          "nt_id": 330,
          "params": {
            "fmod0": 0.0038144273245489953,
            "kdeg": 4.334678814907152e-11,
            "kobs": 280.1437415887236,
            "log_fmod0": -5.568964737034157,
            "log_fmod0_err": 0.09699138331481016,
            "log_kdeg": -23.8617885065871,
            "log_kdeg_err": 3438423.3992297696,
            "log_kobs": 5.635302834260509,
            "log_kobs_err": 3438733.6231694445,
            "metadata": {
              "base": "C",
              "fmod_run_ids": [
                107,
                108,
                109,
                110,
                111,
                112
              ],
              "site": 29,
              "valtype": "modrate"
            }
          },
          "valtype": "modrate"
        },
        {
          "diagnostics": {
            "chisq": 4.0758765718705345e-07,
            "covariance": {
              "matrix": [
                [
                  0.09134490011380596,
                  0.10508979360551177,
                  -0.07908109356711772
                ],
                [
                  0.10508979360551177,
                  0.3291119309162368,
                  -0.12176539931496776
                ],
                [
                  -0.07908109356711772,
                  -0.12176539931496776,
                  0.0760778787603276
                ]
              ],
              "params": [
                "log_kappa",
                "log_kdeg",
                "log_fmod_0"
              ]
            },
            "ndata": 6,
            "nfree": 3,
            "r2": 0.8526345598136253,
            "reduced_chisq": 1.3586255239568447e-07,
            "status": "completed",
            "success": true,
            "time_max": 27000.0,
            "time_min": 900.0
          },
          "nt_id": 331,
          "params": {
            "fmod0": 0.002719168711057812,
            "kdeg": 0.00035151678009509785,
            "kobs": 0.002400601616010842,
            "log_fmod0": -5.9074290663204545,
            "log_fmod0_err": 0.27582218685292087,
            "log_kdeg": -7.953253109317873,
            "log_kdeg_err": 0.5736827789957066,
            "log_kobs": -6.032035899703698,
            "log_kobs_err": 0.3022331883063241,
            "metadata": {
              "base": "C",
              "fmod_run_ids": [
                107,
                108,
                109,
                110,
                111,
                112
              ],
              "site": 30,
              "valtype": "modrate"
            }
          },
          "valtype": "modrate"
        },
        {
          "diagnostics": {
            "chisq": 1.285873525504263e-06,
            "covariance": {
              "matrix": [
                [
                  3.7150224241269925,
                  -7.601926674370108,
                  0.12482301935210693
                ],
                [
                  -7.601926674370108,
                  17.905107873067855,
                  -0.42431018944271454
                ],
                [
                  0.12482301935210693,
                  -0.42431018944271454,
                  0.01930864345072629
                ]
              ],
              "params": [
                "log_kappa",
                "log_kdeg",
                "log_fmod_0"
              ]
            },
            "ndata": 6,
            "nfree": 3,
            "r2": 0.4063763913825028,
            "reduced_chisq": 4.28624508501421e-07,
            "status": "completed",
            "success": true,
            "time_max": 27000.0,
            "time_min": 900.0
          },
          "nt_id": 332,
          "params": {
            "fmod0": 0.004900421798351496,
            "kdeg": 5.23610724873898e-05,
            "kobs": 0.0015019812432199137,
            "log_fmod0": -5.3184339962741145,
            "log_fmod0_err": 0.1389555448721867,
            "log_kdeg": -9.857347134179907,
            "log_kdeg_err": 4.231442764952382,
            "log_kobs": -6.500970213587733,
            "log_kobs_err": 1.9274393438256345,
            "metadata": {
              "base": "U",
              "fmod_run_ids": [
                107,
                108,
                109,
                110,
                111,
                112
              ],
              "site": 31,
              "valtype": "modrate"
            }
          },
          "valtype": "modrate"
        },
        {
          "diagnostics": {
            "chisq": 8.071743379908624e-08,
            "covariance": {
              "matrix": [
                [
                  168309396.5673852,
                  -168294472.872766,
                  -163.3611283444495
                ],
                [
                  -168294472.872766,
                  168279550.53350013,
                  163.33218004855306
                ],
                [
                  -163.3611283444495,
                  163.33218004855306,
                  0.011493452237627613
                ]
              ],
              "params": [
                "log_kappa",
                "log_kdeg",
                "log_fmod_0"
              ]
            },
            "ndata": 6,
            "nfree": 3,
            "r2": 0.9122365031073895,
            "reduced_chisq": 2.690581126636208e-08,
            "status": "completed",
            "success": true,
            "time_max": 27000.0,
            "time_min": 900.0
          },
          "nt_id": 333,
          "params": {
            "fmod0": 0.0009647863175442822,
            "kdeg": 1.421787678796971e-12,
            "kobs": 28201.34160731689,
            "log_fmod0": -6.943603913741704,
            "log_fmod0_err": 0.10720751950132795,
            "log_kdeg": -27.279106107371426,
            "log_kdeg_err": 12972.260810417749,
            "log_kobs": 10.247124830522113,
            "log_kobs_err": 12973.411138454881,
            "metadata": {
              "base": "G",
              "fmod_run_ids": [
                107,
                108,
                109,
                110,
                111,
                112
              ],
              "site": 32,
              "valtype": "modrate"
            }
          },
          "valtype": "modrate"
        },
        {
          "diagnostics": {
            "chisq": 1.0641797871556641e-07,
            "covariance": {
              "matrix": [
                [
                  655646408923.1309,
                  -655590594905.2697,
                  251440.24824233906
                ],
                [
                  -655590594905.2697,
                  655534785638.825,
                  -251418.87490340357
                ],
                [
                  251440.24824233906,
                  -251418.87490340357,
                  0.12151864920525111
                ]
              ],
              "params": [
                "log_kappa",
                "log_kdeg",
                "log_fmod_0"
              ]
            },
            "ndata": 6,
            "nfree": 3,
            "r2": 0.8306264747601018,
            "reduced_chisq": 3.547265957185547e-08,
            "status": "completed",
            "success": true,
            "time_max": 27000.0,
            "time_min": 900.0
          },
          "nt_id": 334,
          "params": {
            "fmod0": 0.0007445312783208911,
            "kdeg": 6.06407029974504e-11,
            "kobs": 521.4372078098615,
            "log_fmod0": -7.202755694203046,
            "log_fmod0_err": 0.34859525126606516,
            "log_kdeg": -23.52605478169576,
            "log_kdeg_err": 809651.0270720497,
            "log_kobs": 6.256588860307082,
            "log_kobs_err": 809719.9570982123,
            "metadata": {
              "base": "G",
              "fmod_run_ids": [
                107,
                108,
                109,
                110,
                111,
                112
              ],
              "site": 33,
              "valtype": "modrate"
            }
          },
          "valtype": "modrate"
        },
        {
          "diagnostics": {
            "chisq": 1.1085311505476014e-07,
            "covariance": {
              "matrix": [
                [
                  7269895838.579174,
                  -7269270176.308854,
                  -6648.490885880525
                ],
                [
                  -7269270176.308854,
                  7268644567.946526,
                  6647.888742113067
                ],
                [
                  -6648.490885880525,
                  6647.888742113067,
                  0.031178510682538216
                ]
              ],
              "params": [
                "log_kappa",
                "log_kdeg",
                "log_fmod_0"
              ]
            },
            "ndata": 6,
            "nfree": 3,
            "r2": 0.8428317258962698,
            "reduced_chisq": 3.695103835158671e-08,
            "status": "completed",
            "success": true,
            "time_max": 27000.0,
            "time_min": 900.0
          },
          "nt_id": 335,
          "params": {
            "fmod0": 0.0007597896621392682,
            "kdeg": 5.544669776556903e-12,
            "kobs": 6086.456529252488,
            "log_fmod0": -7.182468923332177,
            "log_fmod0_err": 0.17657437719708433,
            "log_kdeg": -25.918184050270753,
            "log_kdeg_err": 85256.34620335618,
            "log_kobs": 8.713821340665678,
            "log_kobs_err": 85263.68417198013,
            "metadata": {
              "base": "G",
              "fmod_run_ids": [
                107,
                108,
                109,
                110,
                111,
                112
              ],
              "site": 34,
              "valtype": "modrate"
            }
          },
          "valtype": "modrate"
        },
        {
          "diagnostics": {
            "chisq": 9.088147434187192e-07,
            "covariance": {
              "matrix": [
                [
                  0.0009789125596613138,
                  0.0010971591067256482,
                  -0.032522637319902764
                ],
                [
                  0.0010971591067256482,
                  0.003439880099658788,
                  -0.04932821048108657
                ],
                [
                  -0.032522637319902764,
                  -0.04932821048108657,
                  1.204795010916459
                ]
              ],
              "params": [
                "log_kappa",
                "log_kdeg",
                "log_fmod_0"
              ]
            },
            "ndata": 6,
            "nfree": 3,
            "r2": 0.9982011719556226,
            "reduced_chisq": 3.029382478062397e-07,
            "status": "completed",
            "success": true,
            "time_max": 27000.0,
            "time_min": 900.0
          },
          "nt_id": 336,
          "params": {
            "fmod0": 0.0010123332158339243,
            "kdeg": 0.00034120912806457796,
            "kobs": 0.035527977646399,
            "log_fmod0": -6.895497497654547,
            "log_fmod0_err": 1.0976315460647343,
            "log_kdeg": -7.983014989877584,
            "log_kdeg_err": 0.05865049104362885,
            "log_kobs": -3.3374347901751786,
            "log_kobs_err": 0.031287578360450236,
            "metadata": {
              "base": "A",
              "fmod_run_ids": [
                107,
                108,
                109,
                110,
                111,
                112
              ],
              "site": 35,
              "valtype": "modrate"
            }
          },
          "valtype": "modrate"
        },
        {
          "diagnostics": {
            "chisq": 3.7759447926737964e-07,
            "covariance": {
              "matrix": [
                [
                  365159503049.34314,
                  -365129615625.29095,
                  -85000.34427810146
                ],
                [
                  -365129615625.29095,
                  365099730647.4935,
                  84993.3612492719
                ],
                [
                  -85000.34427810146,
                  84993.3612492719,
                  0.04814948879460235
                ]
              ],
              "params": [
                "log_kappa",
                "log_kdeg",
                "log_fmod_0"
              ]
            },
            "ndata": 6,
            "nfree": 3,
            "r2": 0.8899562652523969,
            "reduced_chisq": 1.2586482642245988e-07,
            "status": "completed",
            "success": true,
            "time_max": 27000.0,
            "time_min": 900.0
          },
          "nt_id": 337,
          "params": {
            "fmod0": 0.0013193847511115283,
            "kdeg": 3.482976229725955e-11,
            "kobs": 2197.3429390620367,
            "log_fmod0": -6.63058974868391,
            "log_fmod0_err": 0.21942991772910628,
            "log_kdeg": -24.08054885622912,
            "log_kdeg_err": 604234.8307136006,
            "log_kobs": 7.695004154450798,
            "log_kobs_err": 604284.2899243229,
            "metadata": {
              "base": "G",
              "fmod_run_ids": [
                107,
                108,
                109,
                110,
                111,
                112
              ],
              "site": 36,
              "valtype": "modrate"
            }
          },
          "valtype": "modrate"
        },
        {
          "diagnostics": {
            "chisq": 4.228568144227926e-07,
            "covariance": {
              "matrix": [
                [
                  107015677877.89606,
                  -107006362438.98949,
                  -15882.68544391011
                ],
                [
                  -107006362438.98949,
                  106997047811.19237,
                  15881.264398491103
                ],
                [
                  -15882.68544391011,
                  15881.264398491103,
                  0.01383895468171307
                ]
              ],
              "params": [
                "log_kappa",
                "log_kdeg",
                "log_fmod_0"
              ]
            },
            "ndata": 6,
            "nfree": 3,
            "r2": 0.5977295118960877,
            "reduced_chisq": 1.4095227147426418e-07,
            "status": "completed",
            "success": true,
            "time_max": 27000.0,
            "time_min": 900.0
          },
          "nt_id": 338,
          "params": {
            "fmod0": 0.0021940141975401208,
            "kdeg": 4.861814628841343e-12,
            "kobs": 7136.2582855744995,
            "log_fmod0": -6.12202244607432,
            "log_fmod0_err": 0.11763908653892664,
            "log_kdeg": -26.04960936728524,
            "log_kdeg_err": 327104.03209253226,
            "log_kobs": 8.8729438683322,
            "log_kobs_err": 327132.5081337776,
            "metadata": {
              "base": "C",
              "fmod_run_ids": [
                107,
                108,
                109,
                110,
                111,
                112
              ],
              "site": 37,
              "valtype": "modrate"
            }
          },
          "valtype": "modrate"
        },
        {
          "diagnostics": {
            "chisq": 6.697349672522144e-07,
            "covariance": {
              "matrix": [
                [
                  1639292955.6498852,
                  -1639157696.2389734,
                  977.0218373909015
                ],
                [
                  -1639157696.2389734,
                  1639022448.659817,
                  -977.0027912237565
                ],
                [
                  977.0218373909015,
                  -977.0027912237565,
                  0.01040249178743039
                ]
              ],
              "params": [
                "log_kappa",
                "log_kdeg",
                "log_fmod_0"
              ]
            },
            "ndata": 6,
            "nfree": 3,
            "r2": 0.33189876297272947,
            "reduced_chisq": 2.2324498908407146e-07,
