{
  "artifacts": {},
  "engine": "python_baseline",
  "engine_version": "0.1.0",
  "metadata": {
    "buffer_pH": 6.4,
    "done_by": [
      "EKC"
    ],
    "experiment_id": "ekc.01.0xx",
    "fmod_run_id": 896,
    "initial_kdeg": 0.046628528165773286,
    "initial_kdeg_source": "arrhenius:nmr:deg:dms:Schwalbe_bistris",
    "initial_log_kdeg": -3.065542732765291,
    "notes": "Baseline python engine demo using examples/nerd.sqlite",
    "rg_id": 89,
    "rg_label": "80_1_15",
    "rounds_requested": [
      "round1_free",
      "round2_global",
      "round3_constrained"
    ],
    "rt_protocol": [
      "MRT"
    ],
    "selected_site_bases": [
      "17_G",
      "18_G",
      "19_C",
      "1_U",
      "20_A",
      "21_G",
      "22_A",
      "23_U",
      "24_C",
      "25_U",
      "26_G",
      "27_A",
      "28_G",
      "29_C",
      "2_A",
      "30_C",
      "31_U",
      "32_G",
      "33_G",
      "34_G",
      "35_A",
      "36_G",
      "37_C",
      "38_U",
      "39_C",
      "3_A",
      "40_U",
      "41_C",
      "42_U",
      "43_G",
      "44_C",
      "45_C",
      "61_A",
      "62_A",
      "63_U",
      "64_C"
    ],
    "temperature_c": 80.0,
    "valtypes": [
      "modrate",
      "GAmodrate"
    ]
  },
  "rounds": [
    {
      "global_params": {},
      "notes": null,
      "per_nt": [
        {
          "diagnostics": {
            "reason": "Non-zero fmod values are required for a fit.",
            "status": "failed"
          },
          "nt_id": 315,
          "params": {},
          "valtype": "modrate"
        },
        {
          "diagnostics": {
            "reason": "Non-zero fmod values are required for a fit.",
            "status": "failed"
          },
          "nt_id": 316,
          "params": {},
          "valtype": "modrate"
        },
        {
          "diagnostics": {
            "reason": "Non-zero fmod values are required for a fit.",
            "status": "failed"
          },
          "nt_id": 317,
          "params": {},
          "valtype": "modrate"
        },
        {
          "diagnostics": {
            "reason": "Non-zero fmod values are required for a fit.",
            "status": "failed"
          },
          "nt_id": 318,
          "params": {},
          "valtype": "modrate"
        },
        {
          "diagnostics": {
            "chisq": 2.4183398888138235e-08,
            "covariance": {
              "matrix": [
                [
                  0.014016918440015546,
                  0.0037906184430807517,
                  -0.01818001651990599
                ],
                [
                  0.0037906184430807517,
                  0.07833805374413612,
                  -0.020880611426759142
                ],
                [
                  -0.01818001651990599,
                  -0.020880611426759142,
                  0.0315427800170412
                ]
              ],
              "params": [
                "log_kappa",
                "log_kdeg",
                "log_fmod_0"
              ]
            },
            "ndata": 7,
            "nfree": 4,
            "r2": 0.9476013831659076,
            "reduced_chisq": 6.045849722034559e-09,
            "status": "completed",
            "success": true,
            "time_max": 135.0,
            "time_min": 0.0
          },
          "nt_id": 319,
          "params": {
            "fmod0": 0.00043017973865912035,
            "kdeg": 0.07028044601887024,
            "kobs": 0.000717917429461242,
            "log_fmod0": -7.751307439731351,
            "log_fmod0_err": 0.1776028716463819,
            "log_kdeg": -2.655261669370484,
            "log_kdeg_err": 0.27988935982658597,
            "log_kobs": -7.239155996279503,
            "log_kobs_err": 0.1183930675335999,
            "metadata": {
              "base": "G",
              "fmod_run_ids": [
                891,
                892,
                893,
                894,
                895,
                896,
                897
              ],
              "site": 18,
              "valtype": "modrate"
            }
          },
          "valtype": "modrate"
        },
        {
          "diagnostics": {
            "chisq": 2.6037664837360805e-05,
            "covariance": {
              "matrix": [
                [
                  0.007027154414328779,
                  0.0018208144009505527,
                  -0.1888999000596172
                ],
                [
                  0.0018208144009505527,
                  0.03866091556858964,
                  -0.2221522349358349
                ],
                [
                  -0.1888999000596172,
                  -0.2221522349358349,
                  6.888396264318269
                ]
              ],
              "params": [
                "log_kappa",
                "log_kdeg",
                "log_fmod_0"
              ]
            },
            "ndata": 7,
            "nfree": 4,
            "r2": 0.9739244744830083,
            "reduced_chisq": 6.509416209340201e-06,
            "status": "completed",
            "success": true,
            "time_max": 135.0,
            "time_min": 0.0
          },
          "nt_id": 320,
          "params": {
            "fmod0": 0.0009521988290448963,
            "kdeg": 0.0655247251876084,
            "kobs": 0.03434400539450287,
            "log_fmod0": -6.956736690941121,
            "log_fmod0_err": 2.6245754445849463,
            "log_kdeg": -2.7253277237897273,
            "log_kdeg_err": 0.1966237919698164,
            "log_kobs": -3.3713277909872463,
            "log_kobs_err": 0.0838281242443655,
            "metadata": {
              "base": "C",
              "fmod_run_ids": [
                891,
                892,
                893,
                894,
                895,
                896,
                897
              ],
              "site": 19,
              "valtype": "modrate"
            }
          },
          "valtype": "modrate"
        },
        {
          "diagnostics": {
            "chisq": 9.59554729152567e-07,
            "covariance": {
              "matrix": [
                [
                  0.001088517046901181,
                  0.00028396616822786596,
                  -0.025213819922818344
                ],
                [
                  0.00028396616822786596,
                  0.005998663033067435,
                  -0.028495473878598125
                ],
                [
                  -0.025213819922818344,
                  -0.028495473878598125,
                  0.7804893573861079
                ]
              ],
              "params": [
                "log_kappa",
                "log_kdeg",
                "log_fmod_0"
              ]
            },
            "ndata": 7,
            "nfree": 4,
            "r2": 0.9957915465990883,
            "reduced_chisq": 2.3988868228814176e-07,
            "status": "completed",
            "success": true,
            "time_max": 135.0,
            "time_min": 0.0
          },
          "nt_id": 321,
          "params": {
            "fmod0": 0.0005449886175649067,
            "kdeg": 0.07043137608103686,
            "kobs": 0.016496064569119253,
            "log_fmod0": -7.514745648721135,
            "log_fmod0_err": 0.8834530872582358,
            "log_kdeg": -2.653116432136022,
            "log_kdeg_err": 0.0774510363588986,
            "log_kobs": -4.104633437486335,
            "log_kobs_err": 0.03299268171733212,
            "metadata": {
              "base": "A",
              "fmod_run_ids": [
                891,
                892,
                893,
                894,
                895,
                896,
                897
              ],
              "site": 20,
              "valtype": "modrate"
            }
          },
          "valtype": "modrate"
        },
        {
          "diagnostics": {
            "chisq": 2.526901367604576e-08,
            "covariance": {
              "matrix": [
                [
                  0.020111966492098707,
                  0.005620494531033054,
                  -0.02928856449411032
                ],
                [
                  0.005620494531033054,
                  0.1146406890179339,
                  -0.03604810938511561
                ],
                [
                  -0.02928856449411032,
                  -0.03604810938511561,
                  0.05821547282085195
                ]
              ],
              "params": [
                "log_kappa",
                "log_kdeg",
                "log_fmod_0"
              ]
            },
            "ndata": 7,
            "nfree": 4,
            "r2": 0.9265258065976409,
            "reduced_chisq": 6.31725341901144e-09,
            "status": "completed",
            "success": true,
            "time_max": 135.0,
            "time_min": 0.0
          },
          "nt_id": 322,
          "params": {
            "fmod0": 0.00032211037590312706,
            "kdeg": 0.06429893744682799,
            "kobs": 0.0006101056766917585,
            "log_fmod0": -8.040616288848451,
            "log_fmod0_err": 0.24127882795813635,
            "log_kdeg": -2.744212172807792,
            "log_kdeg_err": 0.3385863095547927,
            "log_kobs": -7.401878375323023,
            "log_kobs_err": 0.14181666507184093,
            "metadata": {
              "base": "G",
              "fmod_run_ids": [
                891,
                892,
                893,
                894,
                895,
                896,
                897
              ],
              "site": 21,
              "valtype": "modrate"
            }
          },
          "valtype": "modrate"
        },
        {
          "diagnostics": {
            "chisq": 6.053525390280502e-07,
            "covariance": {
              "matrix": [
                [
                  0.001306038678754382,
                  0.0003241758884594261,
                  -0.02487172971639259
                ],
                [
                  0.0003241758884594261,
                  0.0071689663746731715,
                  -0.026641415017138716
                ],
                [
                  -0.02487172971639259,
                  -0.026641415017138716,
                  0.6244645764002601
                ]
              ],
              "params": [
                "log_kappa",
                "log_kdeg",
                "log_fmod_0"
              ]
            },
            "ndata": 7,
            "nfree": 4,
            "r2": 0.9949246721803208,
            "reduced_chisq": 1.5133813475701255e-07,
            "status": "completed",
            "success": true,
            "time_max": 135.0,
            "time_min": 0.0
          },
          "nt_id": 323,
          "params": {
            "fmod0": 0.00048549982093443124,
            "kdeg": 0.07586477191042992,
            "kobs": 0.011938617076303013,
            "log_fmod0": -7.630331639060087,
            "log_fmod0_err": 0.7902307108688323,
            "log_kdeg": -2.578802840528533,
            "log_kdeg_err": 0.0846697488756945,
            "log_kobs": -4.427977000480846,
            "log_kobs_err": 0.036139157139512566,
            "metadata": {
              "base": "A",
              "fmod_run_ids": [
                891,
                892,
                893,
                894,
                895,
                896,
                897
              ],
              "site": 22,
              "valtype": "modrate"
            }
          },
          "valtype": "modrate"
        },
        {
          "diagnostics": {
            "chisq": 4.712410740068173e-07,
            "covariance": {
              "matrix": [
                [
                  0.01132768021726745,
                  -0.0069082272457189585,
                  -0.026726582735924768
                ],
                [
                  -0.0069082272457189585,
                  0.2903251695970745,
                  -0.010449666059873733
                ],
                [
                  -0.026726582735924768,
                  -0.010449666059873733,
                  0.07648660008563457
                ]
              ],
              "params": [
                "log_kappa",
                "log_kdeg",
                "log_fmod_0"
              ]
            },
            "ndata": 7,
            "nfree": 4,
            "r2": 0.9573978194961535,
            "reduced_chisq": 1.1781026850170432e-07,
            "status": "completed",
            "success": true,
            "time_max": 135.0,
            "time_min": 0.0
          },
          "nt_id": 324,
          "params": {
            "fmod0": 0.0012410169903015271,
            "kdeg": 0.25587149313965724,
            "kobs": 0.0035604687098246997,
            "log_fmod0": -6.691824082038295,
            "log_fmod0_err": 0.2765621089116052,
            "log_kdeg": -1.3630799404598897,
            "log_kdeg_err": 0.5388183085206687,
            "log_kobs": -5.6378630827215055,
            "log_kobs_err": 0.1064315752832187,
            "metadata": {
              "base": "U",
              "fmod_run_ids": [
                891,
                892,
                893,
                894,
                895,
                896,
                897
              ],
              "site": 23,
              "valtype": "modrate"
            }
          },
          "valtype": "modrate"
        },
        {
          "diagnostics": {
            "chisq": 1.09338393158333e-06,
            "covariance": {
              "matrix": [
                [
                  0.0008126343347837534,
                  0.00021581359892147695,
                  -0.014001826322787639
                ],
                [
                  0.00021581359892147695,
                  0.004507983935122583,
                  -0.016438159747202537
                ],
                [
                  -0.014001826322787639,
                  -0.016438159747202537,
                  0.3260555763614781
                ]
              ],
              "params": [
                "log_kappa",
                "log_kdeg",
                "log_fmod_0"
              ]
            },
            "ndata": 7,
            "nfree": 4,
            "r2": 0.9968693454093539,
            "reduced_chisq": 2.733459828958325e-07,
            "status": "completed",
            "success": true,
            "time_max": 135.0,
            "time_min": 0.0
          },
          "nt_id": 325,
          "params": {
            "fmod0": 0.000897728853719882,
            "kdeg": 0.06675834629548268,
            "kobs": 0.020416083185402178,
            "log_fmod0": -7.015642479889181,
            "log_fmod0_err": 0.5710127637465542,
            "log_kdeg": -2.706675951383822,
            "log_kdeg_err": 0.0671415216920393,
            "log_kobs": -3.8914322973079676,
            "log_kobs_err": 0.028506741918075333,
            "metadata": {
              "base": "C",
              "fmod_run_ids": [
                891,
                892,
                893,
                894,
                895,
                896,
                897
              ],
              "site": 24,
              "valtype": "modrate"
            }
          },
          "valtype": "modrate"
        },
        {
          "diagnostics": {
            "chisq": 2.9802521967214335e-07,
            "covariance": {
              "matrix": [
                [
                  0.018318320052813742,
                  -0.004273069928282001,
                  -0.0268282652992489
                ],
                [
                  -0.004273069928282001,
                  0.20891678567071975,
                  -0.014282716579208819
                ],
                [
                  -0.0268282652992489,
                  -0.014282716579208819,
                  0.0482117231219416
                ]
              ],
              "params": [
                "log_kappa",
                "log_kdeg",
                "log_fmod_0"
              ]
            },
            "ndata": 7,
            "nfree": 4,
            "r2": 0.9321691296779099,
            "reduced_chisq": 7.450630491803584e-08,
            "status": "completed",
            "success": true,
            "time_max": 135.0,
            "time_min": 0.0
          },
          "nt_id": 326,
          "params": {
            "fmod0": 0.0012427846872394824,
            "kdeg": 0.18435415811689923,
            "kobs": 0.0022298087030619166,
            "log_fmod0": -6.69040070169969,
            "log_fmod0_err": 0.21957168105641856,
            "log_kdeg": -1.6908965989995393,
            "log_kdeg_err": 0.4570741577367066,
            "log_kobs": -6.105839480570021,
            "log_kobs_err": 0.1353451885100233,
            "metadata": {
              "base": "U",
              "fmod_run_ids": [
                891,
                892,
                893,
                894,
                895,
                896,
                897
              ],
              "site": 25,
              "valtype": "modrate"
            }
          },
          "valtype": "modrate"
        },
        {
          "diagnostics": {
            "chisq": 4.1938772576122405e-08,
            "covariance": {
              "matrix": [
                [
                  0.022403865878394297,
                  -0.005029417306428338,
                  -0.02418499705911477
                ],
                [
                  -0.005029417306428338,
                  0.17387171192108458,
                  -0.05198869380217616
                ],
                [
                  -0.02418499705911477,
                  -0.05198869380217616,
                  0.0545056557980818
                ]
              ],
              "params": [
                "log_kappa",
                "log_kdeg",
                "log_fmod_0"
              ]
            },
            "ndata": 7,
            "nfree": 4,
            "r2": 0.9182967419509563,
            "reduced_chisq": 1.0484693144030601e-08,
            "status": "completed",
            "success": true,
            "time_max": 135.0,
            "time_min": 0.0
          },
          "nt_id": 327,
          "params": {
            "fmod0": 0.000401031590375529,
            "kdeg": 0.03383654342646376,
            "kobs": 0.0007313668187297304,
            "log_fmod0": -7.821470354769263,
            "log_fmod0_err": 0.2334644636729149,
            "log_kdeg": -3.386213894069275,
            "log_kdeg_err": 0.4169792703733419,
            "log_kobs": -7.220595420068184,
            "log_kobs_err": 0.14967920990703518,
            "metadata": {
              "base": "G",
              "fmod_run_ids": [
                891,
                892,
                893,
                894,
                895,
                896,
                897
              ],
              "site": 26,
              "valtype": "modrate"
            }
          },
          "valtype": "modrate"
        },
        {
          "diagnostics": {
            "chisq": 2.3038724256800657e-06,
            "covariance": {
              "matrix": [
                [
                  0.0020786236159567955,
                  0.0005607635213173072,
                  -0.060042033197944225
                ],
                [
                  0.0005607635213173072,
                  0.011767136626619516,
                  -0.07462593041886234
                ],
                [
                  -0.060042033197944225,
                  -0.07462593041886234,
                  2.3857532211600656
                ]
              ],
              "params": [
                "log_kappa",
                "log_kdeg",
                "log_fmod_0"
              ]
            },
            "ndata": 7,
            "nfree": 4,
            "r2": 0.9920155749410341,
            "reduced_chisq": 5.759681064200164e-07,
            "status": "completed",
            "success": true,
            "time_max": 135.0,
            "time_min": 0.0
          },
          "nt_id": 328,
          "params": {
            "fmod0": 0.0004796977377451471,
            "kdeg": 0.062183894437577346,
            "kobs": 0.018429448345946387,
            "log_fmod0": -7.642354365445806,
            "log_fmod0_err": 1.5445883662516902,
            "log_kdeg": -2.777659244637395,
            "log_kdeg_err": 0.1084764335080183,
            "log_kobs": -3.993805440144135,
            "log_kobs_err": 0.04559192489856943,
            "metadata": {
              "base": "A",
              "fmod_run_ids": [
                891,
                892,
                893,
                894,
                895,
                896,
                897
              ],
              "site": 27,
              "valtype": "modrate"
            }
          },
          "valtype": "modrate"
        },
        {
          "diagnostics": {
            "chisq": 3.4038487480682664e-08,
            "covariance": {
              "matrix": [
                [
                  0.017190388747704875,
                  0.004789313974824917,
                  -0.031777955706589305
                ],
                [
                  0.004789313974824917,
                  0.09980749071070852,
                  -0.041006930232771334
                ],
                [
                  -0.031777955706589305,
                  -0.041006930232771334,
                  0.08151744224287685
                ]
              ],
              "params": [
                "log_kappa",
                "log_kdeg",
                "log_fmod_0"
              ]
            },
            "ndata": 7,
            "nfree": 4,
            "r2": 0.936512178712575,
            "reduced_chisq": 8.509621870170666e-09,
            "status": "completed",
            "success": true,
            "time_max": 135.0,
            "time_min": 0.0
          },
          "nt_id": 329,
          "params": {
            "fmod0": 0.00031469171208088967,
            "kdeg": 0.06048394615976096,
            "kobs": 0.0007636376548794448,
            "log_fmod0": -8.063917090176872,
            "log_fmod0_err": 0.2855125955940943,
            "log_kdeg": -2.8053773018888304,
            "log_kdeg_err": 0.31592323547138557,
            "log_kobs": -7.177417155019111,
            "log_kobs_err": 0.1311121228098488,
            "metadata": {
              "base": "G",
              "fmod_run_ids": [
                891,
                892,
                893,
                894,
                895,
                896,
                897
              ],
              "site": 28,
              "valtype": "modrate"
            }
          },
          "valtype": "modrate"
        },
        {
          "diagnostics": {
            "chisq": 1.7481803438031852e-06,
            "covariance": {
              "matrix": [
                [
                  0.0006957770230850273,
                  0.0001839604181600104,
                  -0.012664907234746938
                ],
                [
                  0.0001839604181600104,
                  0.0038993251270548466,
                  -0.015555577655017265
                ],
                [
                  -0.012664907234746938,
                  -0.015555577655017265,
                  0.31662769653757106
                ]
              ],
              "params": [
                "log_kappa",
                "log_kdeg",
                "log_fmod_0"
              ]
            },
            "ndata": 7,
            "nfree": 4,
            "r2": 0.9973393553917638,
            "reduced_chisq": 4.370450859507963e-07,
            "status": "completed",
            "success": true,
            "time_max": 135.0,
            "time_min": 0.0
          },
          "nt_id": 330,
          "params": {
            "fmod0": 0.001147680312560663,
            "kdeg": 0.06243152968875304,
            "kobs": 0.028032124738376914,
            "log_fmod0": -6.770012493244887,
            "log_fmod0_err": 0.5626968069374226,
            "log_kdeg": -2.7736848477458578,
            "log_kdeg_err": 0.06244457644227276,
            "log_kobs": -3.5744041143815743,
            "log_kobs_err": 0.0263775856189498,
            "metadata": {
              "base": "C",
              "fmod_run_ids": [
                891,
                892,
                893,
                894,
                895,
                896,
                897
              ],
              "site": 29,
              "valtype": "modrate"
            }
          },
          "valtype": "modrate"
        },
        {
          "diagnostics": {
            "chisq": 1.058997185247294e-06,
            "covariance": {
              "matrix": [
                [
                  0.000586950282476537,
                  0.00015655679810490969,
                  -0.006580880113146638
                ],
                [
                  0.00015655679810490969,
                  0.0033139438721158107,
                  -0.008186764941307066
                ],
                [
                  -0.006580880113146638,
                  -0.008186764941307066,
                  0.10167078814701745
                ]
              ],
              "params": [
                "log_kappa",
                "log_kdeg",
                "log_fmod_0"
              ]
            },
            "ndata": 7,
            "nfree": 4,
            "r2": 0.9977444155242707,
            "reduced_chisq": 2.647492963118235e-07,
            "status": "completed",
            "success": true,
            "time_max": 135.0,
            "time_min": 0.0
          },
          "nt_id": 331,
          "params": {
            "fmod0": 0.0015750277432984624,
            "kdeg": 0.06173413997087149,
            "kobs": 0.023632637131526826,
            "log_fmod0": -6.453482392067005,
            "log_fmod0_err": 0.31885857075985496,
            "log_kdeg": -2.784918179040734,
            "log_kdeg_err": 0.057566864358898434,
            "log_kobs": -3.7451265930146147,
            "log_kobs_err": 0.02422705682654286,
            "metadata": {
              "base": "C",
              "fmod_run_ids": [
                891,
                892,
                893,
                894,
                895,
                896,
                897
              ],
              "site": 30,
              "valtype": "modrate"
            }
          },
          "valtype": "modrate"
        },
        {
          "diagnostics": {
            "chisq": 3.1029861144592966e-07,
            "covariance": {
              "matrix": [
                [
                  0.010552232913896724,
                  -7.207669160285295e-05,
                  -0.021886672276043462
                ],
                [
                  -7.207669160285295e-05,
                  0.07629768649468674,
                  -0.015131216798211727
                ],
                [
                  -0.021886672276043462,
                  -0.015131216798211727,
                  0.05656329059999874
                ]
              ],
              "params": [
                "log_kappa",
                "log_kdeg",
                "log_fmod_0"
              ]
            },
            "ndata": 7,
            "nfree": 4,
            "r2": 0.9596158901944148,
            "reduced_chisq": 7.757465286148242e-08,
            "status": "completed",
            "success": true,
            "time_max": 135.0,
            "time_min": 0.0
          },
          "nt_id": 332,
          "params": {
            "fmod0": 0.001169127412440225,
            "kdeg": 0.13478717026890766,
            "kobs": 0.0030041566651992906,
            "log_fmod0": -6.751497609753781,
            "log_fmod0_err": 0.23783038199523363,
            "log_kdeg": -2.0040582610801367,
            "log_kdeg_err": 0.27622035858112765,
            "log_kobs": -5.807758394243293,
            "log_kobs_err": 0.1027240620005689,
            "metadata": {
              "base": "U",
              "fmod_run_ids": [
                891,
                892,
                893,
                894,
                895,
                896,
                897
              ],
              "site": 31,
              "valtype": "modrate"
            }
          },
          "valtype": "modrate"
        },
        {
          "diagnostics": {
            "chisq": 9.33271242701423e-09,
            "covariance": {
              "matrix": [
                [
                  0.011802426238557965,
                  0.0025292301257183,
                  -0.009452013756757336
                ],
                [
                  0.0025292301257183,
                  0.06578489238336394,
                  -0.00923510136973377
                ],
                [
                  -0.009452013756757336,
                  -0.00923510136973377,
                  0.009791776565861365
                ]
              ],
              "params": [
                "log_kappa",
                "log_kdeg",
                "log_fmod_0"
              ]
            },
            "ndata": 7,
            "nfree": 4,
            "r2": 0.9552919060266188,
            "reduced_chisq": 2.3331781067535577e-09,
            "status": "completed",
            "success": true,
            "time_max": 135.0,
            "time_min": 0.0
          },
          "nt_id": 333,
          "params": {
            "fmod0": 0.00048354503569321617,
            "kdeg": 0.08657983968967319,
            "kobs": 0.0004892194493419942,
            "log_fmod0": -7.634366102231385,
            "log_fmod0_err": 0.09895340603466544,
            "log_kdeg": -2.446688288556143,
            "log_kdeg_err": 0.2564856572663741,
            "log_kobs": -7.622699397496767,
            "log_kobs_err": 0.10863897200617265,
            "metadata": {
              "base": "G",
              "fmod_run_ids": [
                891,
                892,
                893,
                894,
                895,
                896,
                897
              ],
              "site": 32,
              "valtype": "modrate"
            }
          },
          "valtype": "modrate"
        },
        {
          "diagnostics": {
            "chisq": 1.595082375915384e-08,
            "covariance": {
              "matrix": [
                [
                  0.08730901292066622,
                  0.02271699403300481,
                  -0.02480549075629766
                ],
                [
                  0.02271699403300481,
                  0.5287552887824296,
                  -0.03487479963821732
                ],
                [
                  -0.02480549075629766,
                  -0.03487479963821732,
                  0.010146021897643982
                ]
              ],
              "params": [
                "log_kappa",
                "log_kdeg",
                "log_fmod_0"
              ]
            },
            "ndata": 7,
            "nfree": 4,
            "r2": 0.7433413181574009,
            "reduced_chisq": 3.98770593978846e-09,
            "status": "completed",
            "success": true,
            "time_max": 135.0,
            "time_min": 0.0
          },
          "nt_id": 334,
          "params": {
            "fmod0": 0.0006055126454144231,
            "kdeg": 0.05421189692279177,
            "kobs": 0.00023040773189931326,
            "log_fmod0": -7.409435110937469,
            "log_fmod0_err": 0.10072746347269936,
            "log_kdeg": -2.914854894202717,
            "log_kdeg_err": 0.7271556152450654,
            "log_kobs": -8.375660071114845,
            "log_kobs_err": 0.2954809857176367,
            "metadata": {
              "base": "G",
              "fmod_run_ids": [
                891,
                892,
                893,
                894,
                895,
                896,
                897
              ],
              "site": 33,
              "valtype": "modrate"
            }
          },
          "valtype": "modrate"
        },
        {
          "diagnostics": {
            "chisq": 1.5768074497306262e-09,
            "covariance": {
              "matrix": [
                [
                  0.0021623143898354,
                  0.0005338802467325514,
                  -0.0018480048173309645
                ],
                [
                  0.0005338802467325514,
                  0.013320930512495327,
                  -0.002679792152075921
                ],
                [
                  -0.0018480048173309645,
                  -0.002679792152075921,
                  0.002310502378385054
                ]
              ],
              "params": [
                "log_kappa",
                "log_kdeg",
                "log_fmod_0"
              ]
            },
            "ndata": 7,
            "nfree": 4,
            "r2": 0.9915125407752956,
            "reduced_chisq": 3.9420186243265656e-10,
            "status": "completed",
            "success": true,
            "time_max": 135.0,
            "time_min": 0.0
          },
          "nt_id": 335,
          "params": {
            "fmod0": 0.00039756295182091566,
            "kdeg": 0.05210338337253054,
            "kobs": 0.0004593827634350029,
            "log_fmod0": -7.830157267048197,
            "log_fmod0_err": 0.04806768538618283,
            "log_kdeg": -2.954525392359529,
            "log_kdeg_err": 0.11541633555305474,
            "log_kobs": -7.685626788145412,
            "log_kobs_err": 0.04650069235866709,
            "metadata": {
              "base": "G",
              "fmod_run_ids": [
                891,
                892,
                893,
                894,
                895,
                896,
                897
              ],
              "site": 34,
              "valtype": "modrate"
            }
          },
          "valtype": "modrate"
        },
        {
          "diagnostics": {
            "chisq": 1.0178853826015295e-06,
            "covariance": {
              "matrix": [
                [
                  0.001290521670374892,
                  0.0003394459574262655,
                  -0.019930258141731754
                ],
                [
                  0.0003394459574262655,
                  0.007129404983438841,
                  -0.02272462530268357
                ],
                [
                  -0.019930258141731754,
                  -0.02272462530268357,
                  0.412199084705177
                ]
              ],
              "params": [
                "log_kappa",
                "log_kdeg",
                "log_fmod_0"
              ]
            },
            "ndata": 7,
            "nfree": 4,
            "r2": 0.9950107042540495,
            "reduced_chisq": 2.544713456503824e-07,
            "status": "completed",
            "success": true,
            "time_max": 135.0,
            "time_min": 0.0
          },
          "nt_id": 336,
          "params": {
            "fmod0": 0.0007719527473734294,
            "kdeg": 0.06971038303275859,
            "kobs": 0.015582505864852532,
            "log_fmod0": -7.166587217878294,
            "log_fmod0_err": 0.6420273239552792,
            "log_kdeg": -2.663406004838782,
            "log_kdeg_err": 0.08443580391894685,
            "log_kobs": -4.161606412907039,
            "log_kobs_err": 0.03592383151022301,
            "metadata": {
              "base": "A",
              "fmod_run_ids": [
                891,
                892,
                893,
                894,
                895,
                896,
                897
              ],
              "site": 35,
              "valtype": "modrate"
            }
          },
          "valtype": "modrate"
        },
        {
          "diagnostics": {
            "chisq": 1.8681234258752712e-08,
            "covariance": {
              "matrix": [
                [
                  0.015375849036652865,
                  0.0034024388708200266,
                  -0.015649340104418527
                ],
                [
                  0.0034024388708200266,
                  0.08546115619013823,
                  -0.0155258625732564
                ],
                [
                  -0.015649340104418527,
                  -0.0155258625732564,
                  0.020656152771529858
                ]
              ],
              "params": [
                "log_kappa",
                "log_kdeg",
                "log_fmod_0"
              ]
            },
            "ndata": 7,
            "nfree": 4,
            "r2": 0.9425713814757648,
            "reduced_chisq": 4.670308564688178e-09,
            "status": "completed",
            "success": true,
            "time_max": 135.0,
            "time_min": 0.0
          },
          "nt_id": 337,
          "params": {
            "fmod0": 0.00047073623021327165,
            "kdeg": 0.08487554343062917,
            "kobs": 0.0006061905288674347,
            "log_fmod0": -7.661212641596679,
            "log_fmod0_err": 0.14372248526771952,
            "log_kdeg": -2.4665692904064938,
            "log_kdeg_err": 0.29233740128512165,
            "log_kobs": -7.408316217237888,
            "log_kobs_err": 0.12399939127533194,
            "metadata": {
              "base": "G",
              "fmod_run_ids": [
                891,
                892,
                893,
                894,
                895,
                896,
                897
              ],
              "site": 36,
              "valtype": "modrate"
            }
          },
          "valtype": "modrate"
        },
        {
          "diagnostics": {
            "chisq": 7.329686403736195e-06,
            "covariance": {
              "matrix": [
                [
                  0.002281466238685928,
                  0.0005976880683789546,
                  -0.07736716170735718
                ],
                [
                  0.0005976880683789546,
                  0.012671439815778085,
                  -0.09325831973272969
                ],
                [
                  -0.07736716170735718,
                  -0.09325831973272969,
                  3.5844797673666893
                ]
              ],
              "params": [
                "log_kappa",
                "log_kdeg",
                "log_fmod_0"
              ]
            },
            "ndata": 7,
            "nfree": 4,
            "r2": 0.9913617278304059,
            "reduced_chisq": 1.8324216009340487e-06,
            "status": "completed",
            "success": true,
            "time_max": 135.0,
            "time_min": 0.0
          },
          "nt_id": 338,
          "params": {
            "fmod0": 0.0006992796432186858,
            "kdeg": 0.06366813369064894,
            "kobs": 0.031854662842643745,
            "log_fmod0": -7.265459833904553,
            "log_fmod0_err": 1.8932722380488995,
            "log_kdeg": -2.754071097607584,
            "log_kdeg_err": 0.11256749004831762,
            "log_kobs": -3.446571507596405,
            "log_kobs_err": 0.04776469657274008,
            "metadata": {
              "base": "C",
              "fmod_run_ids": [
                891,
                892,
                893,
                894,
                895,
                896,
                897
              ],
              "site": 37,
              "valtype": "modrate"
            }
          },
          "valtype": "modrate"
        },
        {
          "diagnostics": {
            "chisq": 3.0463234086493944e-08,
            "covariance": {
              "matrix": [
                [
                  0.0019913689633812215,
                  -0.0006594328390744208,
                  -0.004188225426610421
