{
  "artifacts": {},
  "engine": "python_baseline",
  "engine_version": "0.1.0",
  "metadata": {
    "buffer_pH": 6.4,
    "done_by": [
      "EKC"
    ],
    "experiment_id": "ekc.01.0xx",
    "fmod_run_id": 855,
    "initial_kdeg": 0.031225834801437893,
    "initial_kdeg_source": "arrhenius:nmr:deg:dms:Schwalbe_bistris",
    "initial_log_kdeg": -3.4665094882938305,
    "notes": "Baseline python engine demo using examples/nerd.sqlite",
    "rg_id": 88,
    "rg_label": "75_2_15",
    "rounds_requested": [
      "round1_free",
      "round2_global",
      "round3_constrained"
    ],
    "rt_protocol": [
      "MRT"
    ],
    "selected_site_bases": [
      "17_G",
      "18_G",
      "19_C",
      "1_U",
      "20_A",
      "21_G",
      "22_A",
      "23_U",
      "24_C",
      "25_U",
      "26_G",
      "27_A",
      "28_G",
      "29_C",
      "2_A",
      "30_C",
      "31_U",
      "32_G",
      "33_G",
      "34_G",
      "35_A",
      "36_G",
      "37_C",
      "38_U",
      "39_C",
      "3_A",
      "40_U",
      "41_C",
      "42_U",
      "43_G",
      "44_C",
      "45_C",
      "61_A",
      "62_A",
      "63_U",
      "64_C",
      "65_C"
    ],
    "temperature_c": 75.0,
    "valtypes": [
      "modrate",
      "GAmodrate"
    ]
  },
  "rounds": [
    {
      "global_params": {},
      "notes": null,
      "per_nt": [
        {
          "diagnostics": {
            "reason": "Non-zero fmod values are required for a fit.",
            "status": "failed"
          },
          "nt_id": 315,
          "params": {},
          "valtype": "modrate"
        },
        {
          "diagnostics": {
            "reason": "Non-zero fmod values are required for a fit.",
            "status": "failed"
          },
          "nt_id": 316,
          "params": {},
          "valtype": "modrate"
        },
        {
          "diagnostics": {
            "reason": "Non-zero fmod values are required for a fit.",
            "status": "failed"
          },
          "nt_id": 317,
          "params": {},
          "valtype": "modrate"
        },
        {
          "diagnostics": {
            "reason": "Non-zero fmod values are required for a fit.",
            "status": "failed"
          },
          "nt_id": 318,
          "params": {},
          "valtype": "modrate"
        },
        {
          "diagnostics": {
            "chisq": 3.16794262710261e-08,
            "covariance": {
              "matrix": [
                [
                  0.01529487314602213,
                  0.002678242872882267,
                  -0.024442344500101666
                ],
                [
                  0.002678242872882267,
                  0.08595055693539524,
                  -0.0271084479866686
                ],
                [
                  -0.024442344500101666,
                  -0.0271084479866686,
                  0.05297560414141455
                ]
              ],
              "params": [
                "log_kappa",
                "log_kdeg",
                "log_fmod_0"
              ]
            },
            "ndata": 7,
            "nfree": 4,
            "r2": 0.9426852646829844,
            "reduced_chisq": 7.919856567756524e-09,
            "status": "completed",
            "success": true,
            "time_max": 200.0,
            "time_min": 0.0
          },
          "nt_id": 319,
          "params": {
            "fmod0": 0.00038039582538686064,
            "kdeg": 0.049355386313180996,
            "kobs": 0.0007901769187170542,
            "log_fmod0": -7.874298201625442,
            "log_fmod0_err": 0.23016429814681197,
            "log_kdeg": -3.0087083739079676,
            "log_kdeg_err": 0.2931732541269671,
            "log_kobs": -7.143253689832653,
            "log_kobs_err": 0.1236724429532389,
            "metadata": {
              "base": "G",
              "fmod_run_ids": [
                849,
                850,
                851,
                852,
                853,
                854,
                855
              ],
              "site": 18,
              "valtype": "modrate"
            }
          },
          "valtype": "modrate"
        },
        {
          "diagnostics": {
            "chisq": 7.842986239668474e-07,
            "covariance": {
              "matrix": [
                [
                  0.00031569962461791003,
                  3.4732734358042026e-05,
                  -0.007878269893644582
                ],
                [
                  3.4732734358042026e-05,
                  0.001832193030139074,
                  -0.010886420081414886
                ],
                [
                  -0.007878269893644582,
                  -0.010886420081414886,
                  0.29739013899114236
                ]
              ],
              "params": [
                "log_kappa",
                "log_kdeg",
                "log_fmod_0"
              ]
            },
            "ndata": 7,
            "nfree": 4,
            "r2": 0.9987779727880023,
            "reduced_chisq": 1.9607465599171185e-07,
            "status": "completed",
            "success": true,
            "time_max": 200.0,
            "time_min": 0.0
          },
          "nt_id": 320,
          "params": {
            "fmod0": 0.0007813396712793645,
            "kdeg": 0.03541954297576907,
            "kobs": 0.027850369323540552,
            "log_fmod0": -7.154500584262709,
            "log_fmod0_err": 0.5453348870108553,
            "log_kdeg": -3.3404915497098733,
            "log_kdeg_err": 0.042804123985184815,
            "log_kobs": -3.5809090515283506,
            "log_kobs_err": 0.017767938108230512,
            "metadata": {
              "base": "C",
              "fmod_run_ids": [
                849,
                850,
                851,
                852,
                853,
                854,
                855
              ],
              "site": 19,
              "valtype": "modrate"
            }
          },
          "valtype": "modrate"
        },
        {
          "diagnostics": {
            "chisq": 1.9131950013019627e-06,
            "covariance": {
              "matrix": [
                [
                  0.002009724509697946,
                  0.0002955030760370618,
                  -0.07657214136887262
                ],
                [
                  0.0002955030760370618,
                  0.011499289048412513,
                  -0.09966130337372696
                ],
                [
                  -0.07657214136887262,
                  -0.09966130337372696,
                  4.244620867908315
                ]
              ],
              "params": [
                "log_kappa",
                "log_kdeg",
                "log_fmod_0"
              ]
            },
            "ndata": 7,
            "nfree": 4,
            "r2": 0.9921967015375683,
            "reduced_chisq": 4.782987503254907e-07,
            "status": "completed",
            "success": true,
            "time_max": 200.0,
            "time_min": 0.0
          },
          "nt_id": 321,
          "params": {
            "fmod0": 0.0003255259522855299,
            "kdeg": 0.038922820412047324,
            "kobs": 0.01709733944116804,
            "log_fmod0": -8.030068368970058,
            "log_fmod0_err": 2.060247768572585,
            "log_kdeg": -3.2461745573822416,
            "log_kdeg_err": 0.10723473806753347,
            "log_kobs": -4.068832415814415,
            "log_kobs_err": 0.044829951033856216,
            "metadata": {
              "base": "A",
              "fmod_run_ids": [
                849,
                850,
                851,
                852,
                853,
                854,
                855
              ],
              "site": 20,
              "valtype": "modrate"
            }
          },
          "valtype": "modrate"
        },
        {
          "diagnostics": {
            "chisq": 1.713793142009939e-08,
            "covariance": {
              "matrix": [
                [
                  0.009143996299151674,
                  8.90941160508072e-05,
                  -0.013176097781507285
                ],
                [
                  8.90941160508072e-05,
                  0.0576459658178932,
                  -0.02129644701281733
                ],
                [
                  -0.013176097781507285,
                  -0.02129644701281733,
                  0.03187068740865899
                ]
              ],
              "params": [
                "log_kappa",
                "log_kdeg",
                "log_fmod_0"
              ]
            },
            "ndata": 7,
            "nfree": 4,
            "r2": 0.9647392126999139,
            "reduced_chisq": 4.284482855024847e-09,
            "status": "completed",
            "success": true,
            "time_max": 200.0,
            "time_min": 0.0
          },
          "nt_id": 322,
          "params": {
            "fmod0": 0.00034603308350219543,
            "kdeg": 0.02978905197407403,
            "kobs": 0.000741051699020223,
            "log_fmod0": -7.968976170419201,
            "log_fmod0_err": 0.17852363263349474,
            "log_kdeg": -3.513614336392935,
            "log_kdeg_err": 0.24009574302326395,
            "log_kobs": -7.207440165843888,
            "log_kobs_err": 0.09562424535206368,
            "metadata": {
              "base": "G",
              "fmod_run_ids": [
                849,
                850,
                851,
                852,
                853,
                854,
                855
              ],
              "site": 21,
              "valtype": "modrate"
            }
          },
          "valtype": "modrate"
        },
        {
          "diagnostics": {
            "chisq": 1.1084286744050684e-06,
            "covariance": {
              "matrix": [
                [
                  0.0016096207428297278,
                  0.00026295794516828557,
                  -0.03779378225730778
                ],
                [
                  0.00026295794516828557,
                  0.009092081055476315,
                  -0.046652239681380256
                ],
                [
                  -0.03779378225730778,
                  -0.046652239681380256,
                  1.257444947957866
                ]
              ],
              "params": [
                "log_kappa",
                "log_kdeg",
                "log_fmod_0"
              ]
            },
            "ndata": 7,
            "nfree": 4,
            "r2": 0.9937290663392453,
            "reduced_chisq": 2.771071686012671e-07,
            "status": "completed",
            "success": true,
            "time_max": 200.0,
            "time_min": 0.0
          },
          "nt_id": 323,
          "params": {
            "fmod0": 0.0004576607227176285,
            "kdeg": 0.04197898856056615,
            "kobs": 0.014539790762811295,
            "log_fmod0": -7.689382428455754,
            "log_fmod0_err": 1.121358527839275,
            "log_kdeg": -3.1705860582442127,
            "log_kdeg_err": 0.09535240456053698,
            "log_kobs": -4.230866197433451,
            "log_kobs_err": 0.04012007904814904,
            "metadata": {
              "base": "A",
              "fmod_run_ids": [
                849,
                850,
                851,
                852,
                853,
                854,
                855
              ],
              "site": 22,
              "valtype": "modrate"
            }
          },
          "valtype": "modrate"
        },
        {
          "diagnostics": {
            "chisq": 8.429944475936601e-07,
            "covariance": {
              "matrix": [
                [
                  0.01212295981788798,
                  -0.00417856888362915,
                  -0.03617485230462495
                ],
                [
                  -0.00417856888362915,
                  0.17503390133726318,
                  -0.0173550230335662
                ],
                [
                  -0.03617485230462495,
                  -0.0173550230335662,
                  0.1319188830475192
                ]
              ],
              "params": [
                "log_kappa",
                "log_kdeg",
                "log_fmod_0"
              ]
            },
            "ndata": 7,
            "nfree": 4,
            "r2": 0.954311843464333,
            "reduced_chisq": 2.1074861189841502e-07,
            "status": "completed",
            "success": true,
            "time_max": 200.0,
            "time_min": 0.0
          },
          "nt_id": 324,
          "params": {
            "fmod0": 0.001263772591170759,
            "kdeg": 0.13765603955712044,
            "kobs": 0.0046174592700112095,
            "log_fmod0": -6.6736539114920355,
            "log_fmod0_err": 0.36320639180432823,
            "log_kdeg": -1.9829971721691986,
            "log_kdeg_err": 0.4183705311530237,
            "log_kobs": -5.377910666717826,
            "log_kobs_err": 0.11010431334824254,
            "metadata": {
              "base": "U",
              "fmod_run_ids": [
                849,
                850,
                851,
                852,
                853,
                854,
                855
              ],
              "site": 23,
              "valtype": "modrate"
            }
          },
          "valtype": "modrate"
        },
        {
          "diagnostics": {
            "chisq": 5.547680538225571e-07,
            "covariance": {
              "matrix": [
                [
                  0.00032273648897535777,
                  5.034888319325748e-05,
                  -0.0060816770471582874
                ],
                [
                  5.034888319325748e-05,
                  0.0018158669988914513,
                  -0.007563777456549718
                ],
                [
                  -0.0060816770471582874,
                  -0.007563777456549718,
                  0.16342513111151036
                ]
              ],
              "params": [
                "log_kappa",
                "log_kdeg",
                "log_fmod_0"
              ]
            },
            "ndata": 7,
            "nfree": 4,
            "r2": 0.9987472617986555,
            "reduced_chisq": 1.3869201345563927e-07,
            "status": "completed",
            "success": true,
            "time_max": 200.0,
            "time_min": 0.0
          },
          "nt_id": 325,
          "params": {
            "fmod0": 0.0008970621418609112,
            "kdeg": 0.04111295517591589,
            "kobs": 0.02316315525451367,
            "log_fmod0": -7.0163854208681355,
            "log_fmod0_err": 0.4042587427768389,
            "log_kdeg": -3.1914319960556834,
            "log_kdeg_err": 0.0426129909639238,
            "log_kobs": -3.76519239831527,
            "log_kobs_err": 0.017964868186974202,
            "metadata": {
              "base": "C",
              "fmod_run_ids": [
                849,
                850,
                851,
                852,
                853,
                854,
                855
              ],
              "site": 24,
              "valtype": "modrate"
            }
          },
          "valtype": "modrate"
        },
        {
          "diagnostics": {
            "chisq": 2.454597904741902e-07,
            "covariance": {
              "matrix": [
                [
                  0.00904298601379745,
                  -0.0025410687930510975,
                  -0.01728284647668287
                ],
                [
                  -0.0025410687930510975,
                  0.11326678728010046,
                  -0.00883386057787065
                ],
                [
                  -0.01728284647668287,
                  -0.00883386057787065,
                  0.04048103674644668
                ]
              ],
              "params": [
                "log_kappa",
                "log_kdeg",
                "log_fmod_0"
              ]
            },
            "ndata": 7,
            "nfree": 4,
            "r2": 0.965396977826164,
            "reduced_chisq": 6.136494761854754e-08,
            "status": "completed",
            "success": true,
            "time_max": 200.0,
            "time_min": 0.0
          },
          "nt_id": 326,
          "params": {
            "fmod0": 0.0012309567070435453,
            "kdeg": 0.12874940166398366,
            "kobs": 0.002881582400815874,
            "log_fmod0": -6.6999636013312065,
            "log_fmod0_err": 0.20119899787634798,
            "log_kdeg": -2.04988738671912,
            "log_kdeg_err": 0.3365513144827999,
            "log_kobs": -5.849415690996035,
            "log_kobs_err": 0.09509461611362365,
            "metadata": {
              "base": "U",
              "fmod_run_ids": [
                849,
                850,
                851,
                852,
                853,
                854,
                855
              ],
              "site": 25,
              "valtype": "modrate"
            }
          },
          "valtype": "modrate"
        },
        {
          "diagnostics": {
            "chisq": 4.827045036563492e-08,
            "covariance": {
              "matrix": [
                [
                  0.020138214697266534,
                  -0.0007448724170561662,
                  -0.027109898934645885
                ],
                [
                  -0.0007448724170561662,
                  0.12944108339314972,
                  -0.04569469661403234
                ],
                [
                  -0.027109898934645885,
                  -0.04569469661403234,
                  0.06368007173822472
                ]
              ],
              "params": [
                "log_kappa",
                "log_kdeg",
                "log_fmod_0"
              ]
            },
            "ndata": 7,
            "nfree": 4,
            "r2": 0.9255226847292082,
            "reduced_chisq": 1.206761259140873e-08,
            "status": "completed",
            "success": true,
            "time_max": 200.0,
            "time_min": 0.0
          },
          "nt_id": 327,
          "params": {
            "fmod0": 0.00040840995714241447,
            "kdeg": 0.028320440281197932,
            "kobs": 0.0008382988827210133,
            "log_fmod0": -7.803239091112954,
            "log_fmod0_err": 0.2523491068702735,
            "log_kdeg": -3.5641714636249966,
            "log_kdeg_err": 0.35977921478755515,
            "log_kobs": -7.084135859112698,
            "log_kobs_err": 0.14190917763579117,
            "metadata": {
              "base": "G",
              "fmod_run_ids": [
                849,
                850,
                851,
                852,
                853,
                854,
                855
              ],
              "site": 26,
              "valtype": "modrate"
            }
          },
          "valtype": "modrate"
        },
        {
          "diagnostics": {
            "chisq": 4.772043951710275e-07,
            "covariance": {
              "matrix": [
                [
                  0.0004577002401870765,
                  6.445280128917649e-05,
                  -0.016609534777106753
                ],
                [
                  6.445280128917649e-05,
                  0.002629813627927077,
                  -0.021936075884169057
                ],
                [
                  -0.016609534777106753,
                  -0.021936075884169057,
                  0.8840674269003299
                ]
              ],
              "params": [
                "log_kappa",
                "log_kdeg",
                "log_fmod_0"
              ]
            },
            "ndata": 7,
            "nfree": 4,
            "r2": 0.9982128925950567,
            "reduced_chisq": 1.1930109879275688e-07,
            "status": "completed",
            "success": true,
            "time_max": 200.0,
            "time_min": 0.0
          },
          "nt_id": 328,
          "params": {
            "fmod0": 0.0003555918941805985,
            "kdeg": 0.03811695024407385,
            "kobs": 0.017895362789201515,
            "log_fmod0": -7.94172684935205,
            "log_fmod0_err": 0.9402485984569878,
            "log_kdeg": -3.2670962074870364,
            "log_kdeg_err": 0.0512817085121691,
            "log_kobs": -4.02321366175358,
            "log_kobs_err": 0.021393929984625932,
            "metadata": {
              "base": "A",
              "fmod_run_ids": [
                849,
                850,
                851,
                852,
                853,
                854,
                855
              ],
              "site": 27,
              "valtype": "modrate"
            }
          },
          "valtype": "modrate"
        },
        {
          "diagnostics": {
            "chisq": 1.3888183923719123e-07,
            "covariance": {
              "matrix": [
                [
                  0.06246073891191479,
                  0.00633129113018274,
                  -0.10886250762165378
                ],
                [
                  0.00633129113018274,
                  0.3731729362458685,
                  -0.09470826162175436
                ],
                [
                  -0.10886250762165378,
                  -0.09470826162175436,
                  0.24374015840897809
                ]
              ],
              "params": [
                "log_kappa",
                "log_kdeg",
                "log_fmod_0"
              ]
            },
            "ndata": 7,
            "nfree": 4,
            "r2": 0.8004986493656003,
            "reduced_chisq": 3.472045980929781e-08,
            "status": "completed",
            "success": true,
            "time_max": 200.0,
            "time_min": 0.0
          },
          "nt_id": 329,
          "params": {
            "fmod0": 0.0003753026780208773,
            "kdeg": 0.06791000779638537,
            "kobs": 0.0008239000062079894,
            "log_fmod0": -7.887777716168296,
            "log_fmod0_err": 0.49370047438601683,
            "log_kdeg": -2.68957186505177,
            "log_kdeg_err": 0.6108788228821396,
            "log_kobs": -7.101461387107848,
            "log_kobs_err": 0.2499214654884906,
            "metadata": {
              "base": "G",
              "fmod_run_ids": [
                849,
                850,
                851,
                852,
                853,
                854,
                855
              ],
              "site": 28,
              "valtype": "modrate"
            }
          },
          "valtype": "modrate"
        },
        {
          "diagnostics": {
            "chisq": 3.8027799610638723e-07,
            "covariance": {
              "matrix": [
                [
                  0.00017133303583997486,
                  2.46435138587997e-05,
                  -0.0026950603988597525
                ],
                [
                  2.46435138587997e-05,
                  0.000971282630739786,
                  -0.003469192365972402
                ],
                [
                  -0.0026950603988597525,
                  -0.003469192365972402,
                  0.06154543667909081
                ]
              ],
              "params": [
                "log_kappa",
                "log_kdeg",
                "log_fmod_0"
              ]
            },
            "ndata": 7,
            "nfree": 4,
            "r2": 0.99933636974534,
            "reduced_chisq": 9.506949902659681e-08,
            "status": "completed",
            "success": true,
            "time_max": 200.0,
            "time_min": 0.0
          },
          "nt_id": 330,
          "params": {
            "fmod0": 0.0012058379595680918,
            "kdeg": 0.03907164086333686,
            "kobs": 0.026364025345008472,
            "log_fmod0": -6.720580551588347,
            "log_fmod0_err": 0.24808352762545685,
            "log_kdeg": -3.2423583727592504,
            "log_kdeg_err": 0.031165407597844537,
            "log_kobs": -3.6357548744429953,
            "log_kobs_err": 0.013089424580170622,
            "metadata": {
              "base": "C",
              "fmod_run_ids": [
                849,
                850,
                851,
                852,
                853,
                854,
                855
              ],
              "site": 29,
              "valtype": "modrate"
            }
          },
          "valtype": "modrate"
        },
        {
          "diagnostics": {
            "chisq": 2.4963263053331103e-06,
            "covariance": {
              "matrix": [
                [
                  0.0013194024573220137,
                  0.00017958947166156705,
                  -0.018655442405887474
                ],
                [
                  0.00017958947166156705,
                  0.00754838498654292,
                  -0.024613484357963646
                ],
                [
                  -0.018655442405887474,
                  -0.024613484357963646,
                  0.3876714700508153
                ]
              ],
              "params": [
                "log_kappa",
                "log_kdeg",
                "log_fmod_0"
              ]
            },
            "ndata": 7,
            "nfree": 4,
            "r2": 0.9948994214527351,
            "reduced_chisq": 6.240815763332776e-07,
            "status": "completed",
            "success": true,
            "time_max": 200.0,
            "time_min": 0.0
          },
          "nt_id": 331,
          "params": {
            "fmod0": 0.00122785543084683,
            "kdeg": 0.03787548242493488,
            "kobs": 0.024263175065934114,
            "log_fmod0": -6.70248618351102,
            "log_fmod0_err": 0.6226326927256673,
            "log_kdeg": -3.2734512779417124,
            "log_kdeg_err": 0.08688144212973746,
            "log_kobs": -3.7187955074455674,
            "log_kobs_err": 0.03632357990785068,
            "metadata": {
              "base": "C",
              "fmod_run_ids": [
                849,
                850,
                851,
                852,
                853,
                854,
                855
              ],
              "site": 30,
              "valtype": "modrate"
            }
          },
          "valtype": "modrate"
        },
        {
          "diagnostics": {
            "chisq": 6.715116530486515e-07,
            "covariance": {
              "matrix": [
                [
                  0.012452117617902209,
                  -0.0013225110608169905,
                  -0.03075455205363373
                ],
                [
                  -0.0013225110608169905,
                  0.10608734585188631,
                  -0.01922488468022284
                ],
                [
                  -0.03075455205363373,
                  -0.01922488468022284,
                  0.09421423139157081
                ]
              ],
              "params": [
                "log_kappa",
                "log_kdeg",
                "log_fmod_0"
              ]
            },
            "ndata": 7,
            "nfree": 4,
            "r2": 0.952795560277396,
            "reduced_chisq": 1.6787791326216288e-07,
            "status": "completed",
            "success": true,
            "time_max": 200.0,
            "time_min": 0.0
          },
          "nt_id": 332,
          "params": {
            "fmod0": 0.0013337212277184818,
            "kdeg": 0.10217525248681222,
            "kobs": 0.004073271558735346,
            "log_fmod0": -6.619782328050742,
            "log_fmod0_err": 0.3069433683785509,
            "log_kdeg": -2.281065778413614,
            "log_kdeg_err": 0.3257105246256042,
            "log_kobs": -5.50330877963505,
            "log_kobs_err": 0.11158905689135565,
            "metadata": {
              "base": "U",
              "fmod_run_ids": [
                849,
                850,
                851,
                852,
                853,
                854,
                855
              ],
              "site": 31,
              "valtype": "modrate"
            }
          },
          "valtype": "modrate"
        },
        {
          "diagnostics": {
            "chisq": 3.13709394674946e-08,
            "covariance": {
              "matrix": [
                [
                  0.03363906883875789,
                  0.0022730772240732674,
                  -0.017718636152298586
                ],
                [
                  0.0022730772240732674,
                  0.20641000632714276,
                  -0.026965506767359447
                ],
                [
                  -0.017718636152298586,
                  -0.026965506767359447,
                  0.01490201358153329
                ]
              ],
              "params": [
                "log_kappa",
                "log_kdeg",
                "log_fmod_0"
              ]
            },
            "ndata": 7,
            "nfree": 4,
            "r2": 0.8815286621634293,
            "reduced_chisq": 7.84273486687365e-09,
            "status": "completed",
            "success": true,
            "time_max": 200.0,
            "time_min": 0.0
          },
          "nt_id": 333,
          "params": {
            "fmod0": 0.0006904748439158531,
            "kdeg": 0.032160960237241035,
            "kobs": 0.0005230606843236352,
            "log_fmod0": -7.278131017471766,
            "log_fmod0_err": 0.12207380383003263,
            "log_kdeg": -3.4370019769939497,
            "log_kdeg_err": 0.454323680130304,
            "log_kobs": -7.555813069418912,
            "log_kobs_err": 0.18340956583220486,
            "metadata": {
              "base": "G",
              "fmod_run_ids": [
                849,
                850,
                851,
                852,
                853,
                854,
                855
              ],
              "site": 32,
              "valtype": "modrate"
            }
          },
          "valtype": "modrate"
        },
        {
          "diagnostics": {
            "chisq": 7.433605431361424e-08,
            "covariance": {
              "matrix": [
                [
                  0.18484258164309814,
                  -0.08510004000670762,
                  -0.05029189302080469
                ],
                [
                  -0.08510004000670762,
                  1.3454728018128983,
                  -0.11420742230005479
                ],
                [
                  -0.05029189302080469,
                  -0.11420742230005479,
                  0.03408013323126477
                ]
              ],
              "params": [
                "log_kappa",
                "log_kdeg",
                "log_fmod_0"
              ]
            },
            "ndata": 7,
            "nfree": 4,
            "r2": 0.5821959521365845,
            "reduced_chisq": 1.858401357840356e-08,
            "status": "completed",
            "success": true,
            "time_max": 200.0,
            "time_min": 0.0
          },
          "nt_id": 334,
          "params": {
            "fmod0": 0.0006677913438183854,
            "kdeg": 0.021284593614308848,
            "kobs": 0.0003514772388018676,
            "log_fmod0": -7.31153479277535,
            "log_fmod0_err": 0.18460805299678767,
            "log_kdeg": -3.8497717724702,
            "log_kdeg_err": 1.159945171899473,
            "log_kobs": -7.953365603285699,
            "log_kobs_err": 0.4299332292846159,
            "metadata": {
              "base": "G",
              "fmod_run_ids": [
                849,
                850,
                851,
                852,
                853,
                854,
                855
              ],
              "site": 33,
              "valtype": "modrate"
            }
          },
          "valtype": "modrate"
        },
        {
          "diagnostics": {
            "chisq": 9.217294251784675e-08,
            "covariance": {
              "matrix": [
                [
                  0.12248810523415209,
                  0.021553069789056814,
                  -0.07815356582070214
                ],
                [
                  0.021553069789056814,
                  0.6887425581635189,
                  -0.08737164188806618
                ],
                [
                  -0.07815356582070214,
                  -0.08737164188806618,
                  0.06779455074690241
                ]
              ],
              "params": [
                "log_kappa",
                "log_kdeg",
                "log_fmod_0"
              ]
            },
            "ndata": 7,
            "nfree": 4,
            "r2": 0.6724736172872778,
            "reduced_chisq": 2.3043235629461688e-08,
            "status": "completed",
            "success": true,
            "time_max": 200.0,
            "time_min": 0.0
          },
          "nt_id": 335,
          "params": {
            "fmod0": 0.0005732689449326973,
            "kdeg": 0.048853727629540274,
            "kobs": 0.00047598340979667085,
            "log_fmod0": -7.46415558848155,
            "log_fmod0_err": 0.2603738672503491,
            "log_kdeg": -3.0189245957374773,
            "log_kdeg_err": 0.8299051501006117,
            "log_kobs": -7.650127557708585,
            "log_kobs_err": 0.3499830070648461,
            "metadata": {
              "base": "G",
              "fmod_run_ids": [
                849,
                850,
                851,
                852,
                853,
                854,
                855
              ],
              "site": 34,
              "valtype": "modrate"
            }
          },
          "valtype": "modrate"
        },
        {
          "diagnostics": {
            "chisq": 1.1663841178683297e-06,
            "covariance": {
              "matrix": [
                [
                  0.0009703915132409724,
                  0.000153394710859679,
                  -0.020465636559872807
                ],
                [
                  0.000153394710859679,
                  0.0054773881598846426,
                  -0.02551616931557518
                ],
                [
                  -0.020465636559872807,
                  -0.02551616931557518,
                  0.6153686388378086
                ]
              ],
              "params": [
                "log_kappa",
                "log_kdeg",
                "log_fmod_0"
              ]
            },
            "ndata": 7,
            "nfree": 4,
            "r2": 0.9962279248489879,
            "reduced_chisq": 2.9159602946708243e-07,
            "status": "completed",
            "success": true,
            "time_max": 200.0,
            "time_min": 0.0
          },
          "nt_id": 336,
          "params": {
            "fmod0": 0.0006702963941319624,
            "kdeg": 0.04116934159926898,
            "kobs": 0.019292116706155972,
            "log_fmod0": -7.307790564098701,
            "log_fmod0_err": 0.7844543573961512,
            "log_kdeg": -3.1900614355733072,
            "log_kdeg_err": 0.07400937886433477,
            "log_kobs": -3.9480587273350753,
            "log_kobs_err": 0.0311511077369806,
            "metadata": {
              "base": "A",
              "fmod_run_ids": [
                849,
                850,
                851,
                852,
                853,
                854,
                855
              ],
              "site": 35,
              "valtype": "modrate"
            }
          },
          "valtype": "modrate"
        },
        {
          "diagnostics": {
            "chisq": 1.4005267167501595e-07,
            "covariance": {
              "matrix": [
                [
                  0.06157238496923877,
                  -0.0010355832250746788,
                  -0.09301415895682419
                ],
                [
                  -0.0010355832250746788,
                  0.4422750216332945,
                  -0.06590545750116951
                ],
                [
                  -0.09301415895682419,
                  -0.06590545750116951,
                  0.17604572227690682
                ]
              ],
              "params": [
                "log_kappa",
                "log_kdeg",
                "log_fmod_0"
              ]
            },
            "ndata": 7,
            "nfree": 4,
            "r2": 0.8025101786398972,
            "reduced_chisq": 3.501316791875399e-08,
            "status": "completed",
            "success": true,
            "time_max": 200.0,
            "time_min": 0.0
          },
          "nt_id": 337,
          "params": {
            "fmod0": 0.0004451388449061287,
            "kdeg": 0.08808910630836433,
            "kobs": 0.0008342261541285531,
            "log_fmod0": -7.717124313438343,
            "log_fmod0_err": 0.4195780288300459,
            "log_kdeg": -2.4294064051228808,
            "log_kdeg_err": 0.6650376091871004,
            "log_kobs": -7.089006024345082,
            "log_kobs_err": 0.24813783461866265,
            "metadata": {
              "base": "G",
              "fmod_run_ids": [
                849,
                850,
                851,
                852,
                853,
                854,
                855
              ],
              "site": 36,
              "valtype": "modrate"
            }
          },
          "valtype": "modrate"
        },
        {
          "diagnostics": {
            "chisq": 2.0663760326915348e-06,
            "covariance": {
              "matrix": [
                [
                  0.0008975470867253071,
                  0.0001033273550407664,
                  -0.03211748408939472
                ],
                [
                  0.0001033273550407664,
                  0.005197906115186743,
                  -0.04405646054327679
                ],
                [
                  -0.03211748408939472,
                  -0.04405646054327679,
                  1.7296992155550293
                ]
              ],
              "params": [
                "log_kappa",
                "log_kdeg",
                "log_fmod_0"
              ]
            },
            "ndata": 7,
            "nfree": 4,
            "r2": 0.9965304564899257,
            "reduced_chisq": 5.165940081728837e-07,
            "status": "completed",
            "success": true,
            "time_max": 200.0,
            "time_min": 0.0
          },
          "nt_id": 338,
          "params": {
            "fmod0": 0.000526359870645358,
            "kdeg": 0.035817204463312505,
            "kobs": 0.026789203830809377,
            "log_fmod0": -7.549525414435541,
            "log_fmod0_err": 1.315180297736789,
            "log_kdeg": -3.3293269294121237,
            "log_kdeg_err": 0.07209650556848607,
            "log_kobs": -3.619756314761995,
            "log_kobs_err": 0.029959090218584863,
            "metadata": {
              "base": "C",
              "fmod_run_ids": [
                849,
                850,
                851,
                852,
                853,
                854,
                855
              ],
              "site": 37,
              "valtype": "modrate"
            }
          },
          "valtype": "modrate"
        },
        {
          "diagnostics": {
            "chisq": 4.7118096253390034e-07,
            "covariance": {
              "matrix": [
                [
                  0.01819296483051561,
                  -0.005453814614572247,
                  -0.061696943958240325
