{
  "artifacts": {},
  "engine": "python_baseline",
  "engine_version": "0.1.0",
  "metadata": {
    "buffer_pH": 6.4,
    "done_by": [
      "EKC"
    ],
    "experiment_id": "ekc.01.0xx",
    "fmod_run_id": 896,
    "initial_kdeg": 0.048220111271698785,
    "initial_kdeg_source": "arrhenius:nmr:deg:dms:Schwalbe_bistris",
    "initial_log_kdeg": -3.0319790986478097,
    "notes": "Baseline python engine demo using examples/nerd.sqlite",
    "rg_id": 89,
    "rg_label": "80_1_15",
    "rounds_requested": [
      "round1_free",
      "round2_global",
      "round3_constrained"
    ],
    "rt_protocol": [
      "MRT"
    ],
    "selected_site_bases": [
      "17_G",
      "18_G",
      "19_C",
      "1_U",
      "20_A",
      "21_G",
      "22_A",
      "23_U",
      "24_C",
      "25_U",
      "26_G",
      "27_A",
      "28_G",
      "29_C",
      "2_A",
      "30_C",
      "31_U",
      "32_G",
      "33_G",
      "34_G",
      "35_A",
      "36_G",
      "37_C",
      "38_U",
      "39_C",
      "3_A",
      "40_U",
      "41_C",
      "42_U",
      "43_G",
      "44_C",
      "45_C",
      "61_A",
      "62_A",
      "63_U",
      "64_C"
    ],
    "temperature_c": 80.0,
    "valtypes": [
      "modrate",
      "GAmodrate"
    ]
  },
  "rounds": [
    {
      "global_params": {},
      "notes": null,
      "per_nt": [
        {
          "diagnostics": {
            "reason": "Non-zero fmod values are required for a fit.",
            "status": "failed"
          },
          "nt_id": 315,
          "params": {},
          "valtype": "modrate"
        },
        {
          "diagnostics": {
            "reason": "Non-zero fmod values are required for a fit.",
            "status": "failed"
          },
          "nt_id": 316,
          "params": {},
          "valtype": "modrate"
        },
        {
          "diagnostics": {
            "reason": "Non-zero fmod values are required for a fit.",
            "status": "failed"
          },
          "nt_id": 317,
          "params": {},
          "valtype": "modrate"
        },
        {
          "diagnostics": {
            "reason": "Non-zero fmod values are required for a fit.",
            "status": "failed"
          },
          "nt_id": 318,
          "params": {},
          "valtype": "modrate"
        },
        {
          "diagnostics": {
            "chisq": 2.4183398888107355e-08,
            "covariance": {
              "matrix": [
                [
                  0.014016917905782104,
                  0.0037906124338949946,
                  -0.01818003580599547
                ],
                [
                  0.0037906124338949946,
                  0.0783380170351403,
                  -0.020880591576900302
                ],
                [
                  -0.01818003580599547,
                  -0.020880591576900302,
                  0.031542831616422996
                ]
              ],
              "params": [
                "log_kappa",
                "log_kdeg",
                "log_fmod_0"
              ]
            },
            "ndata": 7,
            "nfree": 4,
            "r2": 0.9476013831659745,
            "reduced_chisq": 6.045849722026839e-09,
            "status": "completed",
            "success": true,
            "time_max": 135.0,
            "time_min": 0.0
          },
          "nt_id": 319,
          "params": {
            "fmod0": 0.00043017971382713324,
            "kdeg": 0.07028046114587976,
            "kobs": 0.0007179174371295266,
            "log_fmod0": -7.751307497456031,
            "log_fmod0_err": 0.17760301691250346,
            "log_kdeg": -2.6552614541326935,
            "log_kdeg_err": 0.2798892942488875,
            "log_kobs": -7.239155985598212,
            "log_kobs_err": 0.11839306527741439,
            "metadata": {
              "base": "G",
              "fmod_run_ids": [
                891,
                892,
                893,
                894,
                895,
                896,
                897
              ],
              "site": 18,
              "valtype": "modrate"
            }
          },
          "valtype": "modrate"
        },
        {
          "diagnostics": {
            "chisq": 2.6037664836996354e-05,
            "covariance": {
              "matrix": [
                [
                  0.0070271542973829645,
                  0.0018208120406426897,
                  -0.18890853577914687
                ],
                [
                  0.0018208120406426897,
                  0.0386608729726708,
                  -0.22216159368849708
                ],
                [
                  -0.18890853577914687,
                  -0.22216159368849708,
                  6.889018752611076
                ]
              ],
              "params": [
                "log_kappa",
                "log_kdeg",
                "log_fmod_0"
              ]
            },
            "ndata": 7,
            "nfree": 4,
            "r2": 0.9739244744833733,
            "reduced_chisq": 6.509416209249088e-06,
            "status": "completed",
            "success": true,
            "time_max": 135.0,
            "time_min": 0.0
          },
          "nt_id": 320,
          "params": {
            "fmod0": 0.0009521966075849912,
            "kdeg": 0.0655247515414949,
            "kobs": 0.034344006055479714,
            "log_fmod0": -6.956739023922877,
            "log_fmod0_err": 2.624694030284497,
            "log_kdeg": -2.725327321592219,
            "log_kdeg_err": 0.19662368365146352,
            "log_kobs": -3.371327771741476,
            "log_kobs_err": 0.08382812354683221,
            "metadata": {
              "base": "C",
              "fmod_run_ids": [
                891,
                892,
                893,
                894,
                895,
                896,
                897
              ],
              "site": 19,
              "valtype": "modrate"
            }
          },
          "valtype": "modrate"
        },
        {
          "diagnostics": {
            "chisq": 9.595547291527998e-07,
            "covariance": {
              "matrix": [
                [
                  0.001088517044689254,
                  0.0002839661363859669,
                  -0.02521388173105699
                ],
                [
                  0.0002839661363859669,
                  0.005998662860102967,
                  -0.028495539952887262
                ],
                [
                  -0.02521388173105699,
                  -0.028495539952887262,
                  0.780493159074741
                ]
              ],
              "params": [
                "log_kappa",
                "log_kdeg",
                "log_fmod_0"
              ]
            },
            "ndata": 7,
            "nfree": 4,
            "r2": 0.9957915465990872,
            "reduced_chisq": 2.3988868228819994e-07,
            "status": "completed",
            "success": true,
            "time_max": 135.0,
            "time_min": 0.0
          },
          "nt_id": 321,
          "params": {
            "fmod0": 0.0005449885939847337,
            "kdeg": 0.07043137672272112,
            "kobs": 0.016496064576097823,
            "log_fmod0": -7.514745691988412,
            "log_fmod0_err": 0.8834552388631475,
            "log_kdeg": -2.6531164230252493,
            "log_kdeg_err": 0.07745103524229335,
            "log_kobs": -4.10463343706329,
            "log_kobs_err": 0.032992681683810636,
            "metadata": {
              "base": "A",
              "fmod_run_ids": [
                891,
                892,
                893,
                894,
                895,
                896,
                897
              ],
              "site": 20,
              "valtype": "modrate"
            }
          },
          "valtype": "modrate"
        },
        {
          "diagnostics": {
            "chisq": 2.5269013674872032e-08,
            "covariance": {
              "matrix": [
                [
                  0.0201119664880226,
                  0.0056204907425370125,
                  -0.029288637776792695
                ],
                [
                  0.0056204907425370125,
                  0.11464053683747277,
                  -0.03604806031020469
                ],
                [
                  -0.029288637776792695,
                  -0.03604806031020469,
                  0.058215691200896834
                ]
              ],
              "params": [
                "log_kappa",
                "log_kdeg",
                "log_fmod_0"
              ]
            },
            "ndata": 7,
            "nfree": 4,
            "r2": 0.9265258066010538,
            "reduced_chisq": 6.317253418718008e-09,
            "status": "completed",
            "success": true,
            "time_max": 135.0,
            "time_min": 0.0
          },
          "nt_id": 322,
          "params": {
            "fmod0": 0.00032211022099978305,
            "kdeg": 0.06429903577003418,
            "kobs": 0.0006101057224353629,
            "log_fmod0": -8.040616769750008,
            "log_fmod0_err": 0.24127928050476452,
            "log_kdeg": -2.744210643651403,
            "log_kdeg_err": 0.33858608482551783,
            "log_kobs": -7.4018783003465,
            "log_kobs_err": 0.1418166650574699,
            "metadata": {
              "base": "G",
              "fmod_run_ids": [
                891,
                892,
                893,
                894,
                895,
                896,
                897
              ],
              "site": 21,
              "valtype": "modrate"
            }
          },
          "valtype": "modrate"
        },
        {
          "diagnostics": {
            "chisq": 6.053525390280527e-07,
            "covariance": {
              "matrix": [
                [
                  0.0013060386846741865,
                  0.00032417595067782754,
                  -0.02487171221644246
                ],
                [
                  0.00032417595067782754,
                  0.007168966480837065,
                  -0.026641400204063154
                ],
                [
                  -0.02487171221644246,
                  -0.026641400204063154,
                  0.6244637148108586
                ]
              ],
              "params": [
                "log_kappa",
                "log_kdeg",
                "log_fmod_0"
              ]
            },
            "ndata": 7,
            "nfree": 4,
            "r2": 0.9949246721803208,
            "reduced_chisq": 1.5133813475701318e-07,
            "status": "completed",
            "success": true,
            "time_max": 135.0,
            "time_min": 0.0
          },
          "nt_id": 323,
          "params": {
            "fmod0": 0.0004854998118305185,
            "kdeg": 0.07586477229421298,
            "kobs": 0.011938617079022449,
            "log_fmod0": -7.630331657811716,
            "log_fmod0_err": 0.7902301657181018,
            "log_kdeg": -2.5788028354697548,
            "log_kdeg_err": 0.0846697495026238,
            "log_kobs": -4.427977000253061,
            "log_kobs_err": 0.03613915722141548,
            "metadata": {
              "base": "A",
              "fmod_run_ids": [
                891,
                892,
                893,
                894,
                895,
                896,
                897
              ],
              "site": 22,
              "valtype": "modrate"
            }
          },
          "valtype": "modrate"
        },
        {
          "diagnostics": {
            "chisq": 4.71241074006846e-07,
            "covariance": {
              "matrix": [
                [
                  0.01132768177408789,
                  -0.006908156195788291,
                  -0.026726583050898475
                ],
                [
                  -0.006908156195788291,
                  0.2903215114902112,
                  -0.01044970773268604
                ],
                [
                  -0.026726583050898475,
                  -0.01044970773268604,
                  0.07648660021282119
                ]
              ],
              "params": [
                "log_kappa",
                "log_kdeg",
                "log_fmod_0"
              ]
            },
            "ndata": 7,
            "nfree": 4,
            "r2": 0.9573978194961509,
            "reduced_chisq": 1.178102685017115e-07,
            "status": "completed",
            "success": true,
            "time_max": 135.0,
            "time_min": 0.0
          },
          "nt_id": 324,
          "params": {
            "fmod0": 0.0012410169901987441,
            "kdeg": 0.25587149367403367,
            "kobs": 0.0035604687095504117,
            "log_fmod0": -6.691824082121117,
            "log_fmod0_err": 0.27656210914154744,
            "log_kdeg": -1.3630799383714334,
            "log_kdeg_err": 0.5388149139456063,
            "log_kobs": -5.6378630827985425,
            "log_kobs_err": 0.10643158259693355,
            "metadata": {
              "base": "U",
              "fmod_run_ids": [
                891,
                892,
                893,
                894,
                895,
                896,
                897
              ],
              "site": 23,
              "valtype": "modrate"
            }
          },
          "valtype": "modrate"
        },
        {
          "diagnostics": {
            "chisq": 1.093383931582705e-06,
            "covariance": {
              "matrix": [
                [
                  0.0008126344517890939,
                  0.00021581472614830947,
                  -0.014001052598898892
                ],
                [
                  0.00021581472614830947,
                  0.004507998588530894,
                  -0.016437431744436383
                ],
                [
                  -0.014001052598898892,
                  -0.016437431744436383,
                  0.3260205375469078
                ]
              ],
              "params": [
                "log_kappa",
                "log_kdeg",
                "log_fmod_0"
              ]
            },
            "ndata": 7,
            "nfree": 4,
            "r2": 0.9968693454093557,
            "reduced_chisq": 2.7334598289567623e-07,
            "status": "completed",
            "success": true,
            "time_max": 135.0,
            "time_min": 0.0
          },
          "nt_id": 325,
          "params": {
            "fmod0": 0.0008977291791529724,
            "kdeg": 0.06675833968993096,
            "kobs": 0.02041608308495194,
            "log_fmod0": -7.015642117382139,
            "log_fmod0_err": 0.5709820816338353,
            "log_kdeg": -2.706676050331031,
            "log_kdeg_err": 0.06714163081524677,
            "log_kobs": -3.89143230222812,
            "log_kobs_err": 0.02850674397031506,
            "metadata": {
              "base": "C",
              "fmod_run_ids": [
                891,
                892,
                893,
                894,
                895,
                896,
                897
              ],
              "site": 24,
              "valtype": "modrate"
            }
          },
          "valtype": "modrate"
        },
        {
          "diagnostics": {
            "chisq": 2.980252196721391e-07,
            "covariance": {
              "matrix": [
                [
                  0.018318320023170596,
                  -0.0042730690303099325,
                  -0.026828265142814375
                ],
                [
                  -0.0042730690303099325,
                  0.20891676304106416,
                  -0.014282717170242374
                ],
                [
                  -0.026828265142814375,
                  -0.014282717170242374,
                  0.04821172274346351
                ]
              ],
              "params": [
                "log_kappa",
                "log_kdeg",
                "log_fmod_0"
              ]
            },
            "ndata": 7,
            "nfree": 4,
            "r2": 0.9321691296779109,
            "reduced_chisq": 7.450630491803478e-08,
            "status": "completed",
            "success": true,
            "time_max": 135.0,
            "time_min": 0.0
          },
          "nt_id": 326,
          "params": {
            "fmod0": 0.0012427846874290911,
            "kdeg": 0.1843541577303915,
            "kobs": 0.0022298087031439023,
            "log_fmod0": -6.690400701547122,
            "log_fmod0_err": 0.21957168019456313,
            "log_kdeg": -1.6908966010960893,
            "log_kdeg_err": 0.45707413298179994,
            "log_kobs": -6.105839480533253,
            "log_kobs_err": 0.13534518840051388,
            "metadata": {
              "base": "U",
              "fmod_run_ids": [
                891,
                892,
                893,
                894,
                895,
                896,
                897
              ],
              "site": 25,
              "valtype": "modrate"
            }
          },
          "valtype": "modrate"
        },
        {
          "diagnostics": {
            "chisq": 4.1938772593653036e-08,
            "covariance": {
              "matrix": [
                [
                  0.022403837224452137,
                  -0.005028901171523809,
                  -0.024185304456104256
                ],
                [
                  -0.005028901171523809,
                  0.1738703782252044,
                  -0.05198866662029207
                ],
                [
                  -0.024185304456104256,
                  -0.05198866662029207,
                  0.05450620041093562
                ]
              ],
              "params": [
                "log_kappa",
                "log_kdeg",
                "log_fmod_0"
              ]
            },
            "ndata": 7,
            "nfree": 4,
            "r2": 0.9182967419168039,
            "reduced_chisq": 1.0484693148413259e-08,
            "status": "completed",
            "success": true,
            "time_max": 135.0,
            "time_min": 0.0
          },
          "nt_id": 327,
          "params": {
            "fmod0": 0.0004010309918869472,
            "kdeg": 0.03383671224570898,
            "kobs": 0.0007313667133898686,
            "log_fmod0": -7.821471847143037,
            "log_fmod0_err": 0.2334656300420591,
            "log_kdeg": -3.3862089048237145,
            "log_kdeg_err": 0.4169776711350434,
            "log_kobs": -7.220595564099697,
            "log_kobs_err": 0.1496791141891618,
            "metadata": {
              "base": "G",
              "fmod_run_ids": [
                891,
                892,
                893,
                894,
                895,
                896,
                897
              ],
              "site": 26,
              "valtype": "modrate"
            }
          },
          "valtype": "modrate"
        },
        {
          "diagnostics": {
            "chisq": 2.3038724256799755e-06,
            "covariance": {
              "matrix": [
                [
                  0.002078623615937513,
                  0.0005607635138397913,
                  -0.060043370438172435
                ],
                [
                  0.0005607635138397913,
                  0.01176713767066241,
                  -0.07462760958431663
                ],
                [
                  -0.060043370438172435,
                  -0.07462760958431663,
                  2.385859681653585
                ]
              ],
              "params": [
                "log_kappa",
                "log_kdeg",
                "log_fmod_0"
              ]
            },
            "ndata": 7,
            "nfree": 4,
            "r2": 0.9920155749410343,
            "reduced_chisq": 5.759681064199939e-07,
            "status": "completed",
            "success": true,
            "time_max": 135.0,
            "time_min": 0.0
          },
          "nt_id": 328,
          "params": {
            "fmod0": 0.0004796977440034883,
            "kdeg": 0.06218389429573106,
            "kobs": 0.01842944834387222,
            "log_fmod0": -7.64235435239938,
            "log_fmod0_err": 1.5446228282831977,
            "log_kdeg": -2.7776592469184727,
            "log_kdeg_err": 0.10847643832032101,
            "log_kobs": -3.9938054402566814,
            "log_kobs_err": 0.04559192489835797,
            "metadata": {
              "base": "A",
              "fmod_run_ids": [
                891,
                892,
                893,
                894,
                895,
                896,
                897
              ],
              "site": 27,
              "valtype": "modrate"
            }
          },
          "valtype": "modrate"
        },
        {
          "diagnostics": {
            "chisq": 3.4038487480524335e-08,
            "covariance": {
              "matrix": [
                [
                  0.017190389283311517,
                  0.004789317444094288,
                  -0.031778018978576704
                ],
                [
                  0.004789317444094288,
                  0.099807388901111,
                  -0.041006911447861914
                ],
                [
                  -0.031778018978576704,
                  -0.041006911447861914,
                  0.08151768951070727
                ]
              ],
              "params": [
                "log_kappa",
                "log_kdeg",
                "log_fmod_0"
              ]
            },
            "ndata": 7,
            "nfree": 4,
            "r2": 0.9365121787128702,
            "reduced_chisq": 8.509621870131084e-09,
            "status": "completed",
            "success": true,
            "time_max": 135.0,
            "time_min": 0.0
          },
          "nt_id": 329,
          "params": {
            "fmod0": 0.00031469177838871435,
            "kdeg": 0.06048391515671843,
            "kobs": 0.0007636376360271919,
            "log_fmod0": -8.063916879469646,
            "log_fmod0_err": 0.28551302861814776,
            "log_kdeg": -2.805377814471961,
            "log_kdeg_err": 0.3159230743410665,
            "log_kobs": -7.177417179706543,
            "log_kobs_err": 0.13111212485240073,
            "metadata": {
              "base": "G",
              "fmod_run_ids": [
                891,
                892,
                893,
                894,
                895,
                896,
                897
              ],
              "site": 28,
              "valtype": "modrate"
            }
          },
          "valtype": "modrate"
        },
        {
          "diagnostics": {
            "chisq": 1.7481803438030571e-06,
            "covariance": {
              "matrix": [
                [
                  0.0006957770230305621,
                  0.00018396041773429994,
                  -0.012664951850015775
                ],
                [
                  0.00018396041773429994,
                  0.0038993254469170792,
                  -0.015555635850542449
                ],
                [
                  -0.012664951850015775,
                  -0.015555635850542449,
                  0.31662995090567725
                ]
              ],
              "params": [
                "log_kappa",
                "log_kdeg",
                "log_fmod_0"
              ]
            },
            "ndata": 7,
            "nfree": 4,
            "r2": 0.997339355391764,
            "reduced_chisq": 4.370450859507643e-07,
            "status": "completed",
            "success": true,
            "time_max": 135.0,
            "time_min": 0.0
          },
          "nt_id": 330,
          "params": {
            "fmod0": 0.001147680325017603,
            "kdeg": 0.06243152951856475,
            "kobs": 0.028032124734573914,
            "log_fmod0": -6.770012482390872,
            "log_fmod0_err": 0.5626988101157467,
            "log_kdeg": -2.7736848504718568,
            "log_kdeg_err": 0.06244457900344176,
            "log_kobs": -3.57440411451724,
            "log_kobs_err": 0.026377585617917386,
            "metadata": {
              "base": "C",
              "fmod_run_ids": [
                891,
                892,
                893,
                894,
                895,
                896,
                897
              ],
              "site": 29,
              "valtype": "modrate"
            }
          },
          "valtype": "modrate"
        },
        {
          "diagnostics": {
            "chisq": 1.0589971852471208e-06,
            "covariance": {
              "matrix": [
                [
                  0.0005869502805919933,
                  0.00015655679414904164,
                  -0.006580883466364283
                ],
                [
                  0.00015655679414904164,
                  0.0033139441571754026,
                  -0.008186770966792992
                ],
                [
                  -0.006580883466364283,
                  -0.008186770966792992,
                  0.10167090015037095
                ]
              ],
              "params": [
                "log_kappa",
                "log_kdeg",
                "log_fmod_0"
              ]
            },
            "ndata": 7,
            "nfree": 4,
            "r2": 0.9977444155242711,
            "reduced_chisq": 2.647492963117802e-07,
            "status": "completed",
            "success": true,
            "time_max": 135.0,
            "time_min": 0.0
          },
          "nt_id": 331,
          "params": {
            "fmod0": 0.0015750277514824298,
            "kdeg": 0.061734139836856605,
            "kobs": 0.023632637129436754,
            "log_fmod0": -6.453482386870927,
            "log_fmod0_err": 0.31885874639151884,
            "log_kdeg": -2.784918181211573,
            "log_kdeg_err": 0.057566866834798315,
            "log_kobs": -3.7451265931030546,
            "log_kobs_err": 0.02422705678764949,
            "metadata": {
              "base": "C",
              "fmod_run_ids": [
                891,
                892,
                893,
                894,
                895,
                896,
                897
              ],
              "site": 30,
              "valtype": "modrate"
            }
          },
          "valtype": "modrate"
        },
        {
          "diagnostics": {
            "chisq": 3.1029861144598197e-07,
            "covariance": {
              "matrix": [
                [
                  0.010552232911313483,
                  -7.207187090518675e-05,
                  -0.021886668477909838
                ],
                [
                  -7.207187090518675e-05,
                  0.07629762628128038,
                  -0.015131223065574045
                ],
                [
                  -0.021886668477909838,
                  -0.015131223065574045,
                  0.056563273395013346
                ]
              ],
              "params": [
                "log_kappa",
                "log_kdeg",
                "log_fmod_0"
              ]
            },
            "ndata": 7,
            "nfree": 4,
            "r2": 0.9596158901944081,
            "reduced_chisq": 7.757465286149549e-08,
            "status": "completed",
            "success": true,
            "time_max": 135.0,
            "time_min": 0.0
          },
          "nt_id": 332,
          "params": {
            "fmod0": 0.0011691274083691246,
            "kdeg": 0.1347871724991231,
            "kobs": 0.00300415666545135,
            "log_fmod0": -6.751497613235951,
            "log_fmod0_err": 0.2378303458245254,
            "log_kdeg": -2.004058244533937,
            "log_kdeg_err": 0.2762202495858701,
            "log_kobs": -5.807758394159389,
            "log_kobs_err": 0.10272406198799522,
            "metadata": {
              "base": "U",
              "fmod_run_ids": [
                891,
                892,
                893,
                894,
                895,
                896,
                897
              ],
              "site": 31,
              "valtype": "modrate"
            }
          },
          "valtype": "modrate"
        },
        {
          "diagnostics": {
            "chisq": 9.332712427025219e-09,
            "covariance": {
              "matrix": [
                [
                  0.01180242613483905,
                  0.0025292291563573936,
                  -0.009452014202467976
                ],
                [
                  0.0025292291563573936,
                  0.06578489359807153,
                  -0.00923510018497369
                ],
                [
                  -0.009452014202467976,
                  -0.00923510018497369,
                  0.009791777299587983
                ]
              ],
              "params": [
                "log_kappa",
                "log_kdeg",
                "log_fmod_0"
              ]
            },
            "ndata": 7,
            "nfree": 4,
            "r2": 0.9552919060265662,
            "reduced_chisq": 2.3331781067563048e-09,
            "status": "completed",
            "success": true,
            "time_max": 135.0,
            "time_min": 0.0
          },
          "nt_id": 333,
          "params": {
            "fmod0": 0.0004835450368282909,
            "kdeg": 0.08657983888453717,
            "kobs": 0.0004892194485105297,
            "log_fmod0": -7.634366099883983,
            "log_fmod0_err": 0.09895340974210026,
            "log_kdeg": -2.4466882978554905,
            "log_kdeg_err": 0.2564856596343576,
            "log_kobs": -7.622699399196341,
            "log_kobs_err": 0.10863897152881671,
            "metadata": {
              "base": "G",
              "fmod_run_ids": [
                891,
                892,
                893,
                894,
                895,
                896,
                897
              ],
              "site": 32,
              "valtype": "modrate"
            }
          },
          "valtype": "modrate"
        },
        {
          "diagnostics": {
            "chisq": 1.5950823769310115e-08,
            "covariance": {
              "matrix": [
                [
                  0.08730873426057867,
                  0.022714195060518867,
                  -0.024804522499422214
                ],
                [
                  0.022714195060518867,
                  0.5287780276506174,
                  -0.03487641703611455
                ],
                [
                  -0.024804522499422214,
                  -0.03487641703611455,
                  0.010145687835063847
                ]
              ],
              "params": [
                "log_kappa",
                "log_kdeg",
                "log_fmod_0"
              ]
            },
            "ndata": 7,
            "nfree": 4,
            "r2": 0.7433413179939802,
            "reduced_chisq": 3.987705942327529e-09,
            "status": "completed",
            "success": true,
            "time_max": 135.0,
            "time_min": 0.0
          },
          "nt_id": 334,
          "params": {
            "fmod0": 0.000605513929467605,
            "kdeg": 0.054210154534572334,
            "kobs": 0.0002304074132261087,
            "log_fmod0": -7.409432990334654,
            "log_fmod0_err": 0.10072580520930993,
            "log_kdeg": -2.914887035048535,
            "log_kdeg_err": 0.7271712505666168,
            "log_kobs": -8.375661454199616,
            "log_kobs_err": 0.2954805141808486,
            "metadata": {
              "base": "G",
              "fmod_run_ids": [
                891,
                892,
                893,
                894,
                895,
                896,
                897
              ],
              "site": 33,
              "valtype": "modrate"
            }
          },
          "valtype": "modrate"
        },
        {
          "diagnostics": {
            "chisq": 1.5768074497264167e-09,
            "covariance": {
              "matrix": [
                [
                  0.002162314786180753,
                  0.0005338848979124112,
                  -0.0018480101692942442
                ],
                [
                  0.0005338848979124112,
                  0.013320899676967687,
                  -0.0026797881909353424
                ],
                [
                  -0.0018480101692942442,
                  -0.0026797881909353424,
                  0.0023105098825788014
                ]
              ],
              "params": [
                "log_kappa",
                "log_kdeg",
                "log_fmod_0"
              ]
            },
            "ndata": 7,
            "nfree": 4,
            "r2": 0.9915125407753183,
            "reduced_chisq": 3.942018624316042e-10,
            "status": "completed",
            "success": true,
            "time_max": 135.0,
            "time_min": 0.0
          },
          "nt_id": 335,
          "params": {
            "fmod0": 0.0003975629843564816,
            "kdeg": 0.05210336216089349,
            "kobs": 0.0004593827559508782,
            "log_fmod0": -7.83015718521068,
            "log_fmod0_err": 0.04806776344473291,
            "log_kdeg": -2.954525799466323,
            "log_kdeg_err": 0.11541620196908096,
            "log_kobs": -7.685626804437109,
            "log_kobs_err": 0.046500696620381435,
            "metadata": {
              "base": "G",
              "fmod_run_ids": [
                891,
                892,
                893,
                894,
                895,
                896,
                897
              ],
              "site": 34,
              "valtype": "modrate"
            }
          },
          "valtype": "modrate"
        },
        {
          "diagnostics": {
            "chisq": 1.017885382600865e-06,
            "covariance": {
              "matrix": [
                [
                  0.001290521601168817,
                  0.0003394454056481672,
                  -0.019930456870149094
                ],
                [
                  0.0003394454056481672,
                  0.0071294013062865695,
                  -0.022724803628834316
                ],
                [
                  -0.019930456870149094,
                  -0.022724803628834316,
                  0.41220709630935976
                ]
              ],
              "params": [
                "log_kappa",
                "log_kdeg",
                "log_fmod_0"
              ]
            },
            "ndata": 7,
            "nfree": 4,
            "r2": 0.9950107042540527,
            "reduced_chisq": 2.5447134565021625e-07,
            "status": "completed",
            "success": true,
            "time_max": 135.0,
            "time_min": 0.0
          },
          "nt_id": 336,
          "params": {
            "fmod0": 0.0007719529226270136,
            "kdeg": 0.06971037805357336,
            "kobs": 0.015582505811609974,
            "log_fmod0": -7.166586990852009,
            "log_fmod0_err": 0.6420335632265339,
            "log_kdeg": -2.663406076265522,
            "log_kdeg_err": 0.08443578214410387,
            "log_kobs": -4.161606416323855,
            "log_kobs_err": 0.03592383054698951,
            "metadata": {
              "base": "A",
              "fmod_run_ids": [
                891,
                892,
                893,
                894,
                895,
                896,
                897
              ],
              "site": 35,
              "valtype": "modrate"
            }
          },
          "valtype": "modrate"
        },
        {
          "diagnostics": {
            "chisq": 1.8681234258743365e-08,
            "covariance": {
              "matrix": [
                [
                  0.015375848912931821,
                  0.0034024382203954795,
                  -0.01564934058294
                ],
                [
                  0.0034024382203954795,
                  0.08546115800449246,
                  -0.015525861749251147
                ],
                [
                  -0.01564934058294,
                  -0.015525861749251147,
                  0.020656153890902047
                ]
              ],
              "params": [
                "log_kappa",
                "log_kdeg",
                "log_fmod_0"
              ]
            },
            "ndata": 7,
            "nfree": 4,
            "r2": 0.9425713814757936,
            "reduced_chisq": 4.670308564685841e-09,
            "status": "completed",
            "success": true,
            "time_max": 135.0,
            "time_min": 0.0
          },
          "nt_id": 337,
          "params": {
            "fmod0": 0.000470736229601784,
            "kdeg": 0.08487554392924876,
            "kobs": 0.0006061905291511484,
            "log_fmod0": -7.6612126428956815,
            "log_fmod0_err": 0.14372248916193334,
            "log_kdeg": -2.4665692845317793,
            "log_kdeg_err": 0.29233740438830685,
            "log_kobs": -7.408316216769861,
            "log_kobs_err": 0.1239993907764543,
            "metadata": {
              "base": "G",
              "fmod_run_ids": [
                891,
                892,
                893,
                894,
                895,
                896,
                897
              ],
              "site": 36,
              "valtype": "modrate"
            }
          },
          "valtype": "modrate"
        },
        {
          "diagnostics": {
            "chisq": 7.3296864037367605e-06,
            "covariance": {
              "matrix": [
                [
                  0.0022814662449819885,
                  0.000597687978700741,
                  -0.07736845214451528
                ],
                [
                  0.000597687978700741,
                  0.01267143530688148,
                  -0.09325977818909612
                ],
                [
                  -0.07736845214451528,
                  -0.09325977818909612,
                  3.584598124377444
                ]
              ],
              "params": [
                "log_kappa",
                "log_kdeg",
                "log_fmod_0"
              ]
            },
            "ndata": 7,
            "nfree": 4,
            "r2": 0.9913617278304052,
            "reduced_chisq": 1.8324216009341901e-06,
            "status": "completed",
            "success": true,
            "time_max": 135.0,
            "time_min": 0.0
          },
          "nt_id": 338,
          "params": {
            "fmod0": 0.0006992791613075933,
            "kdeg": 0.06366813961734519,
            "kobs": 0.031854662984189326,
            "log_fmod0": -7.265460523058404,
            "log_fmod0_err": 1.89330349505235,
            "log_kdeg": -2.7540710045202634,
            "log_kdeg_err": 0.11256747002079011,
            "log_kobs": -3.4465715031529243,
            "log_kobs_err": 0.04776469663864713,
            "metadata": {
              "base": "C",
              "fmod_run_ids": [
                891,
                892,
                893,
                894,
                895,
                896,
                897
              ],
              "site": 37,
              "valtype": "modrate"
            }
          },
          "valtype": "modrate"
        },
        {
          "diagnostics": {
            "chisq": 3.046323408649579e-08,
            "covariance": {
              "matrix": [
                [
                  0.001991368991086654,
                  -0.0006594317230369447,
