{
  "artifacts": {},
  "engine": "python_baseline",
  "engine_version": "0.1.0",
  "metadata": {
    "buffer_pH": 6.4,
    "done_by": [
      "EKC"
    ],
    "experiment_id": "ekc.01.0xx",
    "fmod_run_id": 861,
    "initial_kdeg": 0.046628528165773286,
    "initial_kdeg_source": "arrhenius:nmr:deg:dms:Schwalbe_bistris",
    "initial_log_kdeg": -3.065542732765291,
    "notes": "Baseline python engine demo using examples/nerd.sqlite",
    "rg_id": 113,
    "rg_label": "80_1_11",
    "rounds_requested": [
      "round1_free",
      "round2_global",
      "round3_constrained"
    ],
    "rt_protocol": [
      "MRT"
    ],
    "selected_site_bases": [
      "17_G",
      "18_G",
      "19_C",
      "1_U",
      "20_A",
      "21_G",
      "22_A",
      "23_U",
      "24_C",
      "25_U",
      "26_G",
      "27_A",
      "28_G",
      "29_C",
      "2_A",
      "30_C",
      "31_U",
      "32_G",
      "33_G",
      "34_G",
      "35_G",
      "36_G",
      "37_C",
      "38_U",
      "39_C",
      "3_A",
      "40_U",
      "41_C",
      "42_U",
      "43_G",
      "44_C",
      "45_C",
      "61_A",
      "62_A",
      "63_U",
      "64_C"
    ],
    "temperature_c": 80.0,
    "valtypes": [
      "modrate",
      "GAmodrate"
    ]
  },
  "rounds": [
    {
      "global_params": {},
      "notes": null,
      "per_nt": [
        {
          "diagnostics": {
            "reason": "Non-zero fmod values are required for a fit.",
            "status": "failed"
          },
          "nt_id": 19,
          "params": {},
          "valtype": "modrate"
        },
        {
          "diagnostics": {
            "reason": "Non-zero fmod values are required for a fit.",
            "status": "failed"
          },
          "nt_id": 20,
          "params": {},
          "valtype": "modrate"
        },
        {
          "diagnostics": {
            "reason": "Non-zero fmod values are required for a fit.",
            "status": "failed"
          },
          "nt_id": 21,
          "params": {},
          "valtype": "modrate"
        },
        {
          "diagnostics": {
            "reason": "Non-zero fmod values are required for a fit.",
            "status": "failed"
          },
          "nt_id": 22,
          "params": {},
          "valtype": "modrate"
        },
        {
          "diagnostics": {
            "chisq": 1.4326573714510084e-08,
            "covariance": {
              "matrix": [
                [
                  0.006934672038992946,
                  0.0017513277099552146,
                  -0.010736951536859031
                ],
                [
                  0.0017513277099552146,
                  0.038399727372750984,
                  -0.011541227766640304
                ],
                [
                  -0.010736951536859031,
                  -0.011541227766640304,
                  0.021892434505563187
                ]
              ],
              "params": [
                "log_kappa",
                "log_kdeg",
                "log_fmod_0"
              ]
            },
            "ndata": 7,
            "nfree": 4,
            "r2": 0.9733322015883857,
            "reduced_chisq": 3.581643428627521e-09,
            "status": "completed",
            "success": true,
            "time_max": 135.0,
            "time_min": 0.0
          },
          "nt_id": 23,
          "params": {
            "fmod0": 0.0003989517300375025,
            "kdeg": 0.07653009236728746,
            "kobs": 0.0007881934538534035,
            "log_fmod0": -7.826670125742378,
            "log_fmod0_err": 0.14796092222463061,
            "log_kdeg": -2.570071251218824,
            "log_kdeg_err": 0.1959584837988674,
            "log_kobs": -7.145766998422579,
            "log_kobs_err": 0.08327467825811725,
            "metadata": {
              "base": "G",
              "fmod_run_ids": [
                856,
                857,
                858,
                859,
                860,
                861,
                862
              ],
              "site": 18,
              "valtype": "modrate"
            }
          },
          "valtype": "modrate"
        },
        {
          "diagnostics": {
            "chisq": 4.705832703472938e-06,
            "covariance": {
              "matrix": [
                [
                  0.001078047156581516,
                  0.0002210004481813327,
                  -0.03227582288016366
                ],
                [
                  0.0002210004481813327,
                  0.006577085353711726,
                  -0.047434744331356644
                ],
                [
                  -0.03227582288016366,
                  -0.047434744331356644,
                  1.4459940534595133
                ]
              ],
              "params": [
                "log_kappa",
                "log_kdeg",
                "log_fmod_0"
              ]
            },
            "ndata": 7,
            "nfree": 4,
            "r2": 0.9958997975156734,
            "reduced_chisq": 1.1764581758682345e-06,
            "status": "completed",
            "success": true,
            "time_max": 135.0,
            "time_min": 0.0
          },
          "nt_id": 24,
          "params": {
            "fmod0": 0.0008649605679953656,
            "kdeg": 0.04920089314310603,
            "kobs": 0.03681479808180716,
            "log_fmod0": -7.0528266382039995,
            "log_fmod0_err": 1.2024949286627005,
            "log_kdeg": -3.011843502333481,
            "log_kdeg_err": 0.08109923152355838,
            "log_kobs": -3.301855392848312,
            "log_kobs_err": 0.032833628440693485,
            "metadata": {
              "base": "C",
              "fmod_run_ids": [
                856,
                857,
                858,
                859,
                860,
                861,
                862
              ],
              "site": 19,
              "valtype": "modrate"
            }
          },
          "valtype": "modrate"
        },
        {
          "diagnostics": {
            "chisq": 7.849594887275638e-07,
            "covariance": {
              "matrix": [
                [
                  0.000996225778402583,
                  0.00022667420587029475,
                  -0.029224686934477183
                ],
                [
                  0.00022667420587029475,
                  0.006131050214805494,
                  -0.04283501861830132
                ],
                [
                  -0.029224686934477183,
                  -0.04283501861830132,
                  1.2692263699517976
                ]
              ],
              "params": [
                "log_kappa",
                "log_kdeg",
                "log_fmod_0"
              ]
            },
            "ndata": 7,
            "nfree": 4,
            "r2": 0.9961277505851395,
            "reduced_chisq": 1.9623987218189096e-07,
            "status": "completed",
            "success": true,
            "time_max": 135.0,
            "time_min": 0.0
          },
          "nt_id": 25,
          "params": {
            "fmod0": 0.00037767033309521914,
            "kdeg": 0.050558531760901054,
            "kobs": 0.015312800921788813,
            "log_fmod0": -7.8814888775441245,
            "log_fmod0_err": 1.1265994718407237,
            "log_kdeg": -2.9846235691043312,
            "log_kdeg_err": 0.07830102307636531,
            "log_kobs": -4.179066138835102,
            "log_kobs_err": 0.03156304450465105,
            "metadata": {
              "base": "A",
              "fmod_run_ids": [
                856,
                857,
                858,
                859,
                860,
                861,
                862
              ],
              "site": 20,
              "valtype": "modrate"
            }
          },
          "valtype": "modrate"
        },
        {
          "diagnostics": {
            "chisq": 3.322083050314409e-09,
            "covariance": {
              "matrix": [
                [
                  0.0023598155914151026,
                  0.00024823734811284454,
                  -0.0028617941027349377
                ],
                [
                  0.00024823734811284454,
                  0.01615212247601074,
                  -0.0049280953527521066
                ],
                [
                  -0.0028617941027349377,
                  -0.0049280953527521066,
                  0.005720231577354208
                ]
              ],
              "params": [
                "log_kappa",
                "log_kdeg",
                "log_fmod_0"
              ]
            },
            "ndata": 7,
            "nfree": 4,
            "r2": 0.99066951166334,
            "reduced_chisq": 8.305207625786023e-10,
            "status": "completed",
            "success": true,
            "time_max": 135.0,
            "time_min": 0.0
          },
          "nt_id": 26,
          "params": {
            "fmod0": 0.00035870437798872723,
            "kdeg": 0.04227833634925114,
            "kobs": 0.0006318926515420648,
            "log_fmod0": -7.9330119683465545,
            "log_fmod0_err": 0.07563221256418595,
            "log_kdeg": -3.1634804671636556,
            "log_kdeg_err": 0.12709100076720908,
            "log_kobs": -7.366791033399398,
            "log_kobs_err": 0.04857793317356249,
            "metadata": {
              "base": "G",
              "fmod_run_ids": [
                856,
                857,
                858,
                859,
                860,
                861,
                862
              ],
              "site": 21,
              "valtype": "modrate"
            }
          },
          "valtype": "modrate"
        },
        {
          "diagnostics": {
            "chisq": 4.88903664826999e-07,
            "covariance": {
              "matrix": [
                [
                  0.000948984156136726,
                  0.00024747419654479663,
                  -0.02737882489444695
                ],
                [
                  0.00024747419654479663,
                  0.005616343075266853,
                  -0.037280344859746795
                ],
                [
                  -0.02737882489444695,
                  -0.037280344859746795,
                  1.1248380850874502
                ]
              ],
              "params": [
                "log_kappa",
                "log_kdeg",
                "log_fmod_0"
              ]
            },
            "ndata": 7,
            "nfree": 4,
            "r2": 0.9963106559610901,
            "reduced_chisq": 1.2222591620674974e-07,
            "status": "completed",
            "success": true,
            "time_max": 135.0,
            "time_min": 0.0
          },
          "nt_id": 27,
          "params": {
            "fmod0": 0.0003192626429872784,
            "kdeg": 0.055694921269251574,
            "kobs": 0.012412242676112078,
            "log_fmod0": -8.04949646168298,
            "log_fmod0_err": 1.0605838416115203,
            "log_kdeg": -2.8878663162913054,
            "log_kdeg_err": 0.07494226494620278,
            "log_kobs": -4.389071980853968,
            "log_kobs_err": 0.030805586443642424,
            "metadata": {
              "base": "A",
              "fmod_run_ids": [
                856,
                857,
                858,
                859,
                860,
                861,
                862
              ],
              "site": 22,
              "valtype": "modrate"
            }
          },
          "valtype": "modrate"
        },
        {
          "diagnostics": {
            "chisq": 5.228128498010307e-07,
            "covariance": {
              "matrix": [
                [
                  0.01688965888975884,
                  -0.010985029815873891,
                  -0.030881956024893277
                ],
                [
                  -0.010985029815873891,
                  0.46910794954013324,
                  -0.011787600390275248
                ],
                [
                  -0.030881956024893277,
                  -0.011787600390275248,
                  0.0684431305896559
                ]
              ],
              "params": [
                "log_kappa",
                "log_kdeg",
                "log_fmod_0"
              ]
            },
            "ndata": 7,
            "nfree": 4,
            "r2": 0.9377948967401761,
            "reduced_chisq": 1.3070321245025768e-07,
            "status": "completed",
            "success": true,
            "time_max": 135.0,
            "time_min": 0.0
          },
          "nt_id": 28,
          "params": {
            "fmod0": 0.001381842018103186,
            "kdeg": 0.26233065028376906,
            "kobs": 0.003069085157124344,
            "log_fmod0": -6.58433787413396,
            "log_fmod0_err": 0.2616163805835863,
            "log_kdeg": -1.33814954692008,
            "log_kdeg_err": 0.6849145563792124,
            "log_kobs": -5.7863757562142295,
            "log_kobs_err": 0.1299602204128588,
            "metadata": {
              "base": "U",
              "fmod_run_ids": [
                856,
                857,
                858,
                859,
                860,
                861,
                862
              ],
              "site": 23,
              "valtype": "modrate"
            }
          },
          "valtype": "modrate"
        },
        {
          "diagnostics": {
            "chisq": 2.8972097156553113e-07,
            "covariance": {
              "matrix": [
                [
                  0.0002282616849466046,
                  5.970613899168508e-05,
                  -0.0035810203706194265
                ],
                [
                  5.970613899168508e-05,
                  0.0013291416010559733,
                  -0.004755354503604621
                ],
                [
                  -0.0035810203706194265,
                  -0.004755354503604621,
                  0.07930878104878153
                ]
              ],
              "params": [
                "log_kappa",
                "log_kdeg",
                "log_fmod_0"
              ]
            },
            "ndata": 7,
            "nfree": 4,
            "r2": 0.9991171727617372,
            "reduced_chisq": 7.243024289138278e-08,
            "status": "completed",
            "success": true,
            "time_max": 135.0,
            "time_min": 0.0
          },
          "nt_id": 29,
          "params": {
            "fmod0": 0.0009274918595807186,
            "kdeg": 0.057035606196862126,
            "kobs": 0.019656931392502786,
            "log_fmod0": -6.9830265402535785,
            "log_fmod0_err": 0.28161814758424486,
            "log_kdeg": -2.864079536052365,
            "log_kdeg_err": 0.036457394326199086,
            "log_kobs": -3.929325260244912,
            "log_kobs_err": 0.015108331640078748,
            "metadata": {
              "base": "C",
              "fmod_run_ids": [
                856,
                857,
                858,
                859,
                860,
                861,
                862
              ],
              "site": 24,
              "valtype": "modrate"
            }
          },
          "valtype": "modrate"
        },
        {
          "diagnostics": {
            "chisq": 2.9501355808417605e-07,
            "covariance": {
              "matrix": [
                [
                  0.018664943058550522,
                  0.002629190796775582,
                  -0.030991319722325765
                ],
                [
                  0.002629190796775582,
                  0.10971350315589566,
                  -0.02646178393365685
                ],
                [
                  -0.030991319722325765,
                  -0.02646178393365685,
                  0.0653581704191335
                ]
              ],
              "params": [
                "log_kappa",
                "log_kdeg",
                "log_fmod_0"
              ]
            },
            "ndata": 7,
            "nfree": 4,
            "r2": 0.9308858300243983,
            "reduced_chisq": 7.375338952104401e-08,
            "status": "completed",
            "success": true,
            "time_max": 135.0,
            "time_min": 0.0
          },
          "nt_id": 30,
          "params": {
            "fmod0": 0.001056706027109471,
            "kdeg": 0.1028773208022235,
            "kobs": 0.00219765633512194,
            "log_fmod0": -6.852598730824393,
            "log_fmod0_err": 0.25565244066727294,
            "log_kdeg": -2.274218060800982,
            "log_kdeg_err": 0.33123028719592607,
            "log_kobs": -6.120363788672889,
            "log_kobs_err": 0.13661970230735582,
            "metadata": {
              "base": "U",
              "fmod_run_ids": [
                856,
                857,
                858,
                859,
                860,
                861,
                862
              ],
              "site": 25,
              "valtype": "modrate"
            }
          },
          "valtype": "modrate"
        },
        {
          "diagnostics": {
            "chisq": 6.10622449470198e-08,
            "covariance": {
              "matrix": [
                [
                  0.4620792310841988,
                  -0.9503900504544407,
                  0.02221378305309795
                ],
                [
                  -0.9503900504544407,
                  2.5751533763494705,
                  -0.170470247003338
                ],
                [
                  0.02221378305309795,
                  -0.170470247003338,
                  0.033345138645860806
                ]
              ],
              "params": [
                "log_kappa",
                "log_kdeg",
                "log_fmod_0"
              ]
            },
            "ndata": 7,
            "nfree": 4,
            "r2": 0.6919622006869818,
            "reduced_chisq": 1.526556123675495e-08,
            "status": "completed",
            "success": true,
            "time_max": 135.0,
            "time_min": 0.0
          },
          "nt_id": 31,
          "params": {
            "fmod0": 0.0005510839212825895,
            "kdeg": 0.013199550441252057,
            "kobs": 0.0004695529123367494,
            "log_fmod0": -7.503623453180998,
            "log_fmod0_err": 0.18260651315290155,
            "log_kdeg": -4.327572507450686,
            "log_kdeg_err": 1.6047284431795525,
            "log_kobs": -7.66372956633325,
            "log_kobs_err": 0.6797640995847006,
            "metadata": {
              "base": "G",
              "fmod_run_ids": [
                856,
                857,
                858,
                859,
                860,
                861,
                862
              ],
              "site": 26,
              "valtype": "modrate"
            }
          },
          "valtype": "modrate"
        },
        {
          "diagnostics": {
            "chisq": 2.346703420311226e-06,
            "covariance": {
              "matrix": [
                [
                  0.005197423979068621,
                  0.000244692083286161,
                  -0.22491218199148835
                ],
                [
                  0.000244692083286161,
                  0.03618221560033304,
                  -0.4014265879664959
                ],
                [
                  -0.22491218199148835,
                  -0.4014265879664959,
                  16.67286915703566
                ]
              ],
              "params": [
                "log_kappa",
                "log_kdeg",
                "log_fmod_0"
              ]
            },
            "ndata": 7,
            "nfree": 4,
            "r2": 0.9798814642002591,
            "reduced_chisq": 5.866758550778065e-07,
            "status": "completed",
            "success": true,
            "time_max": 135.0,
            "time_min": 0.0
          },
          "nt_id": 32,
          "params": {
            "fmod0": 0.0001756611759259636,
            "kdeg": 0.04020737189396203,
            "kobs": 0.011433521158102356,
            "log_fmod0": -8.646953555167961,
            "log_fmod0_err": 4.083242480803174,
            "log_kdeg": -3.213704919722484,
            "log_kdeg_err": 0.19021623379809893,
            "log_kobs": -4.471205785790924,
            "log_kobs_err": 0.07209316180518524,
            "metadata": {
              "base": "A",
              "fmod_run_ids": [
                856,
                857,
                858,
                859,
                860,
                861,
                862
              ],
              "site": 27,
              "valtype": "modrate"
            }
          },
          "valtype": "modrate"
        },
        {
          "diagnostics": {
            "chisq": 7.653774800438721e-09,
            "covariance": {
              "matrix": [
                [
                  0.00957221885841459,
                  0.002209022162225628,
                  -0.009503373673288181
                ],
                [
                  0.002209022162225628,
                  0.053065074832209375,
                  -0.009636763418668762
                ],
                [
                  -0.009503373673288181,
                  -0.009636763418668762,
                  0.012282787940295933
                ]
              ],
              "params": [
                "log_kappa",
                "log_kdeg",
                "log_fmod_0"
              ]
            },
            "ndata": 7,
            "nfree": 4,
            "r2": 0.9634796175648515,
            "reduced_chisq": 1.9134437001096803e-09,
            "status": "completed",
            "success": true,
            "time_max": 135.0,
            "time_min": 0.0
          },
          "nt_id": 33,
          "params": {
            "fmod0": 0.0003903828811330006,
            "kdeg": 0.08252847212038009,
            "kobs": 0.0004913416574902157,
            "log_fmod0": -7.84838255394362,
            "log_fmod0_err": 0.11082773994039549,
            "log_kdeg": -2.4946119285698733,
            "log_kdeg_err": 0.23035857881183713,
            "log_kobs": -7.618370832051957,
            "log_kobs_err": 0.09783771695217847,
            "metadata": {
              "base": "G",
              "fmod_run_ids": [
                856,
                857,
                858,
                859,
                860,
                861,
                862
              ],
              "site": 28,
              "valtype": "modrate"
            }
          },
          "valtype": "modrate"
        },
        {
          "diagnostics": {
            "chisq": 1.6684865772921822e-06,
            "covariance": {
              "matrix": [
                [
                  0.0016290982241813387,
                  -0.000441473811138437,
                  -0.011091842265950197
                ],
                [
                  -0.000441473811138437,
                  0.012603008710263694,
                  -0.02417082888528794
                ],
                [
                  -0.011091842265950197,
                  -0.02417082888528794,
                  0.16256676730144934
                ]
              ],
              "params": [
                "log_kappa",
                "log_kdeg",
                "log_fmod_0"
              ]
            },
            "ndata": 7,
            "nfree": 4,
            "r2": 0.9937022418595464,
            "reduced_chisq": 4.1712164432304555e-07,
            "status": "completed",
            "success": true,
            "time_max": 135.0,
            "time_min": 0.0
          },
          "nt_id": 34,
          "params": {
            "fmod0": 0.001461856031844487,
            "kdeg": 0.033038898571381675,
            "kobs": 0.017449874058345034,
            "log_fmod0": -6.52804839593396,
            "log_fmod0_err": 0.4031956935551883,
            "log_kdeg": -3.4100696671022854,
            "log_kdeg_err": 0.11226312266396163,
            "log_kobs": -4.048422847646563,
            "log_kobs_err": 0.040362088947195715,
            "metadata": {
              "base": "C",
              "fmod_run_ids": [
                856,
                857,
                858,
                859,
                860,
                861,
                862
              ],
              "site": 29,
              "valtype": "modrate"
            }
          },
          "valtype": "modrate"
        },
        {
          "diagnostics": {
            "chisq": 2.033242849360459e-06,
            "covariance": {
              "matrix": [
                [
                  0.0020793773117921068,
                  -9.832981005509502e-05,
                  -0.019296868166238816
                ],
                [
                  -9.832981005509502e-05,
                  0.014980514484200144,
                  -0.03665487543183323
                ],
                [
                  -0.019296868166238816,
                  -0.03665487543183323,
                  0.32762892171714253
                ]
              ],
              "params": [
                "log_kappa",
                "log_kdeg",
                "log_fmod_0"
              ]
            },
            "ndata": 7,
            "nfree": 4,
            "r2": 0.991898719755394,
            "reduced_chisq": 5.083107123401147e-07,
            "status": "completed",
            "success": true,
            "time_max": 135.0,
            "time_min": 0.0
          },
          "nt_id": 35,
          "params": {
            "fmod0": 0.001156314399988856,
            "kdeg": 0.03748792529372389,
            "kobs": 0.016922462025146443,
            "log_fmod0": -6.762517573401016,
            "log_fmod0_err": 0.5723887854571773,
            "log_kdeg": -3.2837363900237433,
            "log_kdeg_err": 0.12239491200291025,
            "log_kobs": -4.07911342562915,
            "log_kobs_err": 0.04560018982188678,
            "metadata": {
              "base": "C",
              "fmod_run_ids": [
                856,
                857,
                858,
                859,
                860,
                861,
                862
              ],
              "site": 30,
              "valtype": "modrate"
            }
          },
          "valtype": "modrate"
        },
        {
          "diagnostics": {
            "chisq": 1.4156292453952134e-07,
            "covariance": {
              "matrix": [
                [
                  0.010858289244898038,
                  0.002244295234067023,
                  -0.014235405645356188
                ],
                [
                  0.002244295234067023,
                  0.060644081853543474,
                  -0.013693986684979334
                ],
                [
                  -0.014235405645356188,
                  -0.013693986684979334,
                  0.02408614125280541
                ]
              ],
              "params": [
                "log_kappa",
                "log_kdeg",
                "log_fmod_0"
              ]
            },
            "ndata": 7,
            "nfree": 4,
            "r2": 0.9587589797508722,
            "reduced_chisq": 3.5390731134880335e-08,
            "status": "completed",
            "success": true,
            "time_max": 135.0,
            "time_min": 0.0
          },
          "nt_id": 36,
          "params": {
            "fmod0": 0.0012014192458986688,
            "kdeg": 0.08818011727296661,
            "kobs": 0.0019903570361670254,
            "log_fmod0": -6.72425171611712,
            "log_fmod0_err": 0.15519710452455424,
            "log_kdeg": -2.4283737691261873,
            "log_kdeg_err": 0.2462601913699075,
            "log_kobs": -6.219441241179402,
            "log_kobs_err": 0.10420311533201893,
            "metadata": {
              "base": "U",
              "fmod_run_ids": [
                856,
                857,
                858,
                859,
                860,
                861,
                862
              ],
              "site": 31,
              "valtype": "modrate"
            }
          },
          "valtype": "modrate"
        },
        {
          "diagnostics": {
            "chisq": 8.237592910831195e-08,
            "covariance": {
              "matrix": [
                [
                  0.027075999154409912,
                  -0.0010343401570015829,
                  -0.03291388196769796
                ],
                [
                  -0.0010343401570015829,
                  0.20754688151140063,
                  -0.02188645467833566
                ],
                [
                  -0.03291388196769796,
                  -0.02188645467833566,
                  0.04971152912525378
                ]
              ],
              "params": [
                "log_kappa",
                "log_kdeg",
                "log_fmod_0"
              ]
            },
            "ndata": 7,
            "nfree": 4,
            "r2": 0.9023754510599992,
            "reduced_chisq": 2.0593982277077986e-08,
            "status": "completed",
            "success": true,
            "time_max": 135.0,
            "time_min": 0.0
          },
          "nt_id": 37,
          "params": {
            "fmod0": 0.0006427923373109245,
            "kdeg": 0.14186178774863004,
            "kobs": 0.0009642593684362001,
            "log_fmod0": -7.349688844970158,
            "log_fmod0_err": 0.22296082419396862,
            "log_kdeg": -1.9529020210838108,
            "log_kdeg_err": 0.45557313519499876,
            "log_kobs": -6.944150245147973,
            "log_kobs_err": 0.16454786280717812,
            "metadata": {
              "base": "G",
              "fmod_run_ids": [
                856,
                857,
                858,
                859,
                860,
                861,
                862
              ],
              "site": 32,
              "valtype": "modrate"
            }
          },
          "valtype": "modrate"
        },
        {
          "diagnostics": {
            "chisq": 1.1587277672045114e-08,
            "covariance": {
              "matrix": [
                [
                  0.03924302313721339,
                  -0.02106120932672606,
                  -0.009330880370442367
                ],
                [
                  -0.02106120932672606,
                  0.3266434701488077,
                  -0.023909673658409653
                ],
                [
                  -0.009330880370442367,
                  -0.023909673658409653,
                  0.0059210383471126095
                ]
              ],
              "params": [
                "log_kappa",
                "log_kdeg",
                "log_fmod_0"
              ]
            },
            "ndata": 7,
            "nfree": 4,
            "r2": 0.8684272056081772,
            "reduced_chisq": 2.8968194180112785e-09,
            "status": "completed",
            "success": true,
            "time_max": 135.0,
            "time_min": 0.0
          },
          "nt_id": 38,
          "params": {
            "fmod0": 0.0006275889116863398,
            "kdeg": 0.029573459329290612,
            "kobs": 0.0002963669627463168,
            "log_fmod0": -7.373625205065267,
            "log_fmod0_err": 0.07694828358782677,
            "log_kdeg": -3.5208779641587817,
            "log_kdeg_err": 0.5715273135632344,
            "log_kobs": -8.12391213247424,
            "log_kobs_err": 0.19809851876582366,
            "metadata": {
              "base": "G",
              "fmod_run_ids": [
                856,
                857,
                858,
                859,
                860,
                861,
                862
              ],
              "site": 33,
              "valtype": "modrate"
            }
          },
          "valtype": "modrate"
        },
        {
          "diagnostics": {
            "chisq": 4.508012186126871e-09,
            "covariance": {
              "matrix": [
                [
                  0.0038902081401168136,
                  0.0006849753446011369,
                  -0.0022101277415176516
                ],
                [
                  0.0006849753446011369,
                  0.025502261028120667,
                  -0.0035527890285630107
                ],
                [
                  -0.0022101277415176516,
                  -0.0035527890285630107,
                  0.0019600604857528212
                ]
              ],
              "params": [
                "log_kappa",
                "log_kdeg",
                "log_fmod_0"
              ]
            },
            "ndata": 7,
            "nfree": 4,
            "r2": 0.9847570901834843,
            "reduced_chisq": 1.1270030465317178e-09,
            "status": "completed",
            "success": true,
            "time_max": 135.0,
            "time_min": 0.0
          },
          "nt_id": 39,
          "params": {
            "fmod0": 0.0007205157178480432,
            "kdeg": 0.04583989760939115,
            "kobs": 0.0005751543920195671,
            "log_fmod0": -7.235543327567582,
            "log_fmod0_err": 0.044272570354033224,
            "log_kdeg": -3.082600440230173,
            "log_kdeg_err": 0.15969427362344796,
            "log_kobs": -7.460872045348591,
            "log_kobs_err": 0.06237153309096077,
            "metadata": {
              "base": "G",
              "fmod_run_ids": [
                856,
                857,
                858,
                859,
                860,
                861,
                862
              ],
              "site": 34,
              "valtype": "modrate"
            }
          },
          "valtype": "modrate"
        },
        {
          "diagnostics": {
            "chisq": 1.2819085778323384e-08,
            "covariance": {
              "matrix": [
                [
                  0.03631869254204723,
                  0.006086074592990455,
                  -0.01585529318834558
                ],
                [
                  0.006086074592990455,
                  0.23955953676434893,
                  -0.0257344410269246
                ],
                [
                  -0.01585529318834558,
                  -0.0257344410269246,
                  0.010880167003732023
                ]
              ],
              "params": [
                "log_kappa",
                "log_kdeg",
                "log_fmod_0"
              ]
            },
            "ndata": 7,
            "nfree": 4,
            "r2": 0.8736534409881702,
            "reduced_chisq": 3.204771444580846e-09,
            "status": "completed",
            "success": true,
            "time_max": 135.0,
            "time_min": 0.0
          },
          "nt_id": 40,
          "params": {
            "fmod0": 0.000515042294214649,
            "kdeg": 0.04532568134686295,
            "kobs": 0.0003171683029560685,
            "log_fmod0": -7.571261535983947,
            "log_fmod0_err": 0.1043080390177671,
            "log_kdeg": -3.0938814899806744,
            "log_kdeg_err": 0.489448196200935,
            "log_kobs": -8.05607800082572,
            "log_kobs_err": 0.1905746377198373,
            "metadata": {
              "base": "G",
              "fmod_run_ids": [
                856,
                857,
                858,
                859,
                860,
                861,
                862
              ],
              "site": 35,
              "valtype": "modrate"
            }
          },
          "valtype": "modrate"
        },
        {
          "diagnostics": {
            "chisq": 2.1276127183686773e-08,
            "covariance": {
              "matrix": [
                [
                  0.017470284431110875,
                  0.000452135223431637,
                  -0.012165794969130016
                ],
                [
                  0.000452135223431637,
                  0.1242718963522851,
                  -0.022301801419625848
                ],
                [
                  -0.012165794969130016,
                  -0.022301801419625848,
                  0.01478701103582527
                ]
              ],
              "params": [
                "log_kappa",
                "log_kdeg",
                "log_fmod_0"
              ]
            },
            "ndata": 7,
            "nfree": 4,
            "r2": 0.9347219610619397,
            "reduced_chisq": 5.319031795921693e-09,
            "status": "completed",
            "success": true,
            "time_max": 135.0,
            "time_min": 0.0
          },
          "nt_id": 41,
          "params": {
            "fmod0": 0.0005597919225849148,
            "kdeg": 0.039460913103026435,
            "kobs": 0.0005868559041985683,
            "log_fmod0": -7.487945410095784,
            "log_fmod0_err": 0.12160185457395488,
            "log_kdeg": -3.2324446386902017,
            "log_kdeg_err": 0.35252219270889185,
            "log_kobs": -7.440731246637928,
            "log_kobs_err": 0.13217520354102305,
            "metadata": {
              "base": "G",
              "fmod_run_ids": [
                856,
                857,
                858,
                859,
                860,
                861,
                862
              ],
              "site": 36,
              "valtype": "modrate"
            }
          },
          "valtype": "modrate"
        },
        {
          "diagnostics": {
            "chisq": 1.9393289767219015e-06,
            "covariance": {
              "matrix": [
                [
                  0.0017574002010950981,
                  -0.0002969569467732294,
                  -0.027079742573908078
                ],
                [
                  -0.0002969569467732294,
                  0.013193171597760917,
                  -0.055526781170693644
                ],
                [
                  -0.027079742573908078,
                  -0.055526781170693644,
                  0.8329253535331962
                ]
              ],
              "params": [
                "log_kappa",
                "log_kdeg",
                "log_fmod_0"
              ]
            },
            "ndata": 7,
            "nfree": 4,
            "r2": 0.9931758255520587,
            "reduced_chisq": 4.848322441804754e-07,
            "status": "completed",
            "success": true,
            "time_max": 135.0,
            "time_min": 0.0
          },
          "nt_id": 42,
          "params": {
            "fmod0": 0.0007013754941588001,
            "kdeg": 0.03481805122860429,
            "kobs": 0.01804733967493141,
            "log_fmod0": -7.262467159336195,
            "log_fmod0_err": 0.9126474420789203,
            "log_kdeg": -3.3576193132213934,
            "log_kdeg_err": 0.1148615322802239,
            "log_kobs": -4.014756991496087,
            "log_kobs_err": 0.041921357338415205,
            "metadata": {
              "base": "C",
              "fmod_run_ids": [
                856,
                857,
                858,
                859,
                860,
                861,
                862
              ],
              "site": 37,
              "valtype": "modrate"
            }
          },
          "valtype": "modrate"
        },
        {
          "diagnostics": {
            "chisq": 2.0659913715390314e-07,
            "covariance": {
              "matrix": [
                [
                  0.021475510945855245,
                  0.0022037664295025917,
                  -0.03448348282299497
