{
  "artifacts": {},
  "engine": "python_baseline",
  "engine_version": "0.1.0",
  "metadata": {
    "buffer_pH": 6.4,
    "done_by": [
      "EKC"
    ],
    "experiment_id": "ekc.01.0xx",
    "fmod_run_id": 805,
    "initial_kdeg": 0.030500380987197977,
    "initial_kdeg_source": "arrhenius:nmr:deg:dms:Schwalbe_bistris",
    "initial_log_kdeg": -3.4900161040632476,
    "notes": "Baseline python engine demo using examples/nerd.sqlite",
    "rg_id": 112,
    "rg_label": "75_2_11",
    "rounds_requested": [
      "round1_free",
      "round2_global",
      "round3_constrained"
    ],
    "rt_protocol": [
      "MRT"
    ],
    "selected_site_bases": [
      "17_G",
      "18_G",
      "19_C",
      "1_U",
      "20_A",
      "21_G",
      "22_A",
      "23_U",
      "24_C",
      "25_U",
      "26_G",
      "27_A",
      "28_G",
      "29_C",
      "2_A",
      "30_C",
      "31_U",
      "32_G",
      "33_G",
      "34_G",
      "35_G",
      "36_G",
      "37_C",
      "38_U",
      "39_C",
      "3_A",
      "40_U",
      "41_C",
      "42_U",
      "43_G",
      "44_C",
      "45_C",
      "61_A",
      "62_A",
      "63_U"
    ],
    "temperature_c": 75.0,
    "valtypes": [
      "modrate",
      "GAmodrate"
    ]
  },
  "rounds": [
    {
      "global_params": {},
      "notes": null,
      "per_nt": [
        {
          "diagnostics": {
            "reason": "Non-zero fmod values are required for a fit.",
            "status": "failed"
          },
          "nt_id": 19,
          "params": {},
          "valtype": "modrate"
        },
        {
          "diagnostics": {
            "reason": "Non-zero fmod values are required for a fit.",
            "status": "failed"
          },
          "nt_id": 20,
          "params": {},
          "valtype": "modrate"
        },
        {
          "diagnostics": {
            "reason": "Non-zero fmod values are required for a fit.",
            "status": "failed"
          },
          "nt_id": 21,
          "params": {},
          "valtype": "modrate"
        },
        {
          "diagnostics": {
            "reason": "Non-zero fmod values are required for a fit.",
            "status": "failed"
          },
          "nt_id": 22,
          "params": {},
          "valtype": "modrate"
        },
        {
          "diagnostics": {
            "chisq": 9.291600291630856e-09,
            "covariance": {
              "matrix": [
                [
                  0.0037598649659181223,
                  0.00037660275848547936,
                  -0.005765768904549228
                ],
                [
                  0.00037660275848547936,
                  0.022495423853985546,
                  -0.005003420244730298
                ],
                [
                  -0.005765768904549228,
                  -0.005003420244730298,
                  0.011354047889959024
                ]
              ],
              "params": [
                "log_kappa",
                "log_kdeg",
                "log_fmod_0"
              ]
            },
            "ndata": 7,
            "nfree": 4,
            "r2": 0.9852197561574312,
            "reduced_chisq": 2.322900072907714e-09,
            "status": "completed",
            "success": true,
            "time_max": 200.0,
            "time_min": 0.0
          },
          "nt_id": 23,
          "params": {
            "fmod0": 0.00044980926911007246,
            "kdeg": 0.0681250445361225,
            "kobs": 0.000868656962030854,
            "log_fmod0": -7.706686911470253,
            "log_fmod0_err": 0.10655537475866257,
            "log_kdeg": -2.686410372257695,
            "log_kdeg_err": 0.14998474540427617,
            "log_kobs": -7.048562260885455,
            "log_kobs_err": 0.061317737775607166,
            "metadata": {
              "base": "G",
              "fmod_run_ids": [
                800,
                801,
                802,
                803,
                804,
                805,
                806
              ],
              "site": 18,
              "valtype": "modrate"
            }
          },
          "valtype": "modrate"
        },
        {
          "diagnostics": {
            "chisq": 6.721562581577069e-06,
            "covariance": {
              "matrix": [
                [
                  0.002046455557113658,
                  0.0003040951811088198,
                  -0.0373621130996085
                ],
                [
                  0.0003040951811088198,
                  0.011457765519278075,
                  -0.046667337958622025
                ],
                [
                  -0.0373621130996085,
                  -0.046667337958622025,
                  0.9778147481972334
                ]
              ],
              "params": [
                "log_kappa",
                "log_kdeg",
                "log_fmod_0"
              ]
            },
            "ndata": 7,
            "nfree": 4,
            "r2": 0.9921808838058428,
            "reduced_chisq": 1.6803906453942672e-06,
            "status": "completed",
            "success": true,
            "time_max": 200.0,
            "time_min": 0.0
          },
          "nt_id": 24,
          "params": {
            "fmod0": 0.0012753690552071693,
            "kdeg": 0.04041540606998959,
            "kobs": 0.03230699799447327,
            "log_fmod0": -6.664519687191336,
            "log_fmod0_err": 0.9888451588581669,
            "log_kdeg": -3.208544228339949,
            "log_kdeg_err": 0.10704095253349569,
            "log_kobs": -3.432471416044443,
            "log_kobs_err": 0.04523776693332307,
            "metadata": {
              "base": "C",
              "fmod_run_ids": [
                800,
                801,
                802,
                803,
                804,
                805,
                806
              ],
              "site": 19,
              "valtype": "modrate"
            }
          },
          "valtype": "modrate"
        },
        {
          "diagnostics": {
            "chisq": 1.2648872875688088e-06,
            "covariance": {
              "matrix": [
                [
                  0.0010551634850688868,
                  9.86260125199436e-05,
                  -0.01815157447440635
                ],
                [
                  9.86260125199436e-05,
                  0.006250461499169514,
                  -0.026075828074523077
                ],
                [
                  -0.01815157447440635,
                  -0.026075828074523077,
                  0.48258702079675936
                ]
              ],
              "params": [
                "log_kappa",
                "log_kdeg",
                "log_fmod_0"
              ]
            },
            "ndata": 7,
            "nfree": 4,
            "r2": 0.9958868205278263,
            "reduced_chisq": 3.162218218922022e-07,
            "status": "completed",
            "success": true,
            "time_max": 200.0,
            "time_min": 0.0
          },
          "nt_id": 25,
          "params": {
            "fmod0": 0.0007755336713348974,
            "kdeg": 0.03396916454586771,
            "kobs": 0.01914824423635704,
            "log_fmod0": -7.161959157418689,
            "log_fmod0_err": 0.6946848355885994,
            "log_kdeg": -3.3823020909929236,
            "log_kdeg_err": 0.07905986022735882,
            "log_kobs": -3.955544252344322,
            "log_kobs_err": 0.032483280084820355,
            "metadata": {
              "base": "A",
              "fmod_run_ids": [
                800,
                801,
                802,
                803,
                804,
                805,
                806
              ],
              "site": 20,
              "valtype": "modrate"
            }
          },
          "valtype": "modrate"
        },
        {
          "diagnostics": {
            "chisq": 3.65004800301592e-08,
            "covariance": {
              "matrix": [
                [
                  0.03146546023908976,
                  0.005292112614610543,
                  -0.03334370043036221
                ],
                [
                  0.005292112614610543,
                  0.17697236919255174,
                  -0.03525019147443788
                ],
                [
                  -0.03334370043036221,
                  -0.03525019147443788,
                  0.047258325473284464
                ]
              ],
              "params": [
                "log_kappa",
                "log_kdeg",
                "log_fmod_0"
              ]
            },
            "ndata": 7,
            "nfree": 4,
            "r2": 0.8887617494298344,
            "reduced_chisq": 9.1251200075398e-09,
            "status": "completed",
            "success": true,
            "time_max": 200.0,
            "time_min": 0.0
          },
          "nt_id": 26,
          "params": {
            "fmod0": 0.0004335680155249859,
            "kdeg": 0.05262964477735875,
            "kobs": 0.000592258585615851,
            "log_fmod0": -7.743461875492755,
            "log_fmod0_err": 0.2173898007572675,
            "log_kdeg": -2.9444757290718937,
            "log_kdeg_err": 0.4206808400587692,
            "log_kobs": -7.431567218422854,
            "log_kobs_err": 0.17738506205171212,
            "metadata": {
              "base": "G",
              "fmod_run_ids": [
                800,
                801,
                802,
                803,
                804,
                805,
                806
              ],
              "site": 21,
              "valtype": "modrate"
            }
          },
          "valtype": "modrate"
        },
        {
          "diagnostics": {
            "chisq": 1.3265677491097407e-06,
            "covariance": {
              "matrix": [
                [
                  0.001364566025370288,
                  0.00021459501552338194,
                  -0.02940066328565328
                ],
                [
                  0.00021459501552338194,
                  0.007730523671013975,
                  -0.036987518395867496
                ],
                [
                  -0.02940066328565328,
                  -0.036987518395867496,
                  0.9062965722004055
                ]
              ],
              "params": [
                "log_kappa",
                "log_kdeg",
                "log_fmod_0"
              ]
            },
            "ndata": 7,
            "nfree": 4,
            "r2": 0.9946921583070473,
            "reduced_chisq": 3.3164193727743517e-07,
            "status": "completed",
            "success": true,
            "time_max": 200.0,
            "time_min": 0.0
          },
          "nt_id": 27,
          "params": {
            "fmod0": 0.000588580434004768,
            "kdeg": 0.04076506531243504,
            "kobs": 0.017308389397757522,
            "log_fmod0": -7.437796964299529,
            "log_fmod0_err": 0.9519960988367576,
            "log_kdeg": -3.19992980669916,
            "log_kdeg_err": 0.08792339660758093,
            "log_kobs": -4.056563958735444,
            "log_kobs_err": 0.03694003282849499,
            "metadata": {
              "base": "A",
              "fmod_run_ids": [
                800,
                801,
                802,
                803,
                804,
                805,
                806
              ],
              "site": 22,
              "valtype": "modrate"
            }
          },
          "valtype": "modrate"
        },
        {
          "diagnostics": {
            "chisq": 2.947353333333333e-07,
            "ndata": 7,
            "nfree": 4,
            "r2": 0.9849406952965235,
            "reduced_chisq": 7.368383333333333e-08,
            "status": "completed",
            "success": true,
            "time_max": 200.0,
            "time_min": 0.0
          },
          "nt_id": 28,
          "params": {
            "fmod0": 0.0012910000000000556,
            "kdeg": 2.4436447000578085,
            "kobs": 0.004753613874249973,
            "log_fmod0": -6.6523381671175885,
            "log_kdeg": 0.8934906543327492,
            "log_kobs": -5.348850134577513,
            "metadata": {
              "base": "U",
              "fmod_run_ids": [
                800,
                801,
                802,
                803,
                804,
                805,
                806
              ],
              "site": 23,
              "valtype": "modrate"
            }
          },
          "valtype": "modrate"
        },
        {
          "diagnostics": {
            "chisq": 4.229526242743533e-06,
            "covariance": {
              "matrix": [
                [
                  0.002076080236354187,
                  0.00033862369033040604,
                  -0.03810276409782804
                ],
                [
                  0.00033862369033040604,
                  0.011436617734810821,
                  -0.04170432866572519
                ],
                [
                  -0.03810276409782804,
                  -0.04170432866572519,
                  0.9502270192704463
                ]
              ],
              "params": [
                "log_kappa",
                "log_kdeg",
                "log_fmod_0"
              ]
            },
            "ndata": 7,
            "nfree": 4,
            "r2": 0.9920166658993058,
            "reduced_chisq": 1.0573815606858833e-06,
            "status": "completed",
            "success": true,
            "time_max": 200.0,
            "time_min": 0.0
          },
          "nt_id": 29,
          "params": {
            "fmod0": 0.001037750114105316,
            "kdeg": 0.048741471904201396,
            "kobs": 0.02541111860171879,
            "log_fmod0": -6.8707002610766,
            "log_fmod0_err": 0.9747958859527702,
            "log_kdeg": -3.021225032139678,
            "log_kdeg_err": 0.10694212329484963,
            "log_kobs": -3.672568460512799,
            "log_kobs_err": 0.045564023487332496,
            "metadata": {
              "base": "C",
              "fmod_run_ids": [
                800,
                801,
                802,
                803,
                804,
                805,
                806
              ],
              "site": 24,
              "valtype": "modrate"
            }
          },
          "valtype": "modrate"
        },
        {
          "diagnostics": {
            "chisq": 2.2413773110524892e-07,
            "covariance": {
              "matrix": [
                [
                  0.007089656422416493,
                  -0.00777634355175124,
                  -0.014417393400909006
                ],
                [
                  -0.00777634355175124,
                  0.4190428659780171,
                  -0.00451680968489335
                ],
                [
                  -0.014417393400909006,
                  -0.00451680968489335,
                  0.03538013208331059
                ]
              ],
              "params": [
                "log_kappa",
                "log_kdeg",
                "log_fmod_0"
              ]
            },
            "ndata": 7,
            "nfree": 4,
            "r2": 0.9730489470531323,
            "reduced_chisq": 5.603443277631223e-08,
            "status": "completed",
            "success": true,
            "time_max": 200.0,
            "time_min": 0.0
          },
          "nt_id": 30,
          "params": {
            "fmod0": 0.0012584388866341354,
            "kdeg": 0.21324147165631252,
            "kobs": 0.0030968074996980234,
            "log_fmod0": -6.67788330504942,
            "log_fmod0_err": 0.18809607141913037,
            "log_kdeg": -1.5453300856430603,
            "log_kdeg_err": 0.6473352037221651,
            "log_kobs": -5.777383536946463,
            "log_kobs_err": 0.08420009752023148,
            "metadata": {
              "base": "U",
              "fmod_run_ids": [
                800,
                801,
                802,
                803,
                804,
                805,
                806
              ],
              "site": 25,
              "valtype": "modrate"
            }
          },
          "valtype": "modrate"
        },
        {
          "diagnostics": {
            "chisq": 1.2437706543136048e-07,
            "covariance": {
              "matrix": [
                [
                  4.206139483026085,
                  -6.636895021540869,
                  0.2107432379191367
                ],
                [
                  -6.636895021540869,
                  10.909289210056222,
                  -0.4377080706432819
                ],
                [
                  0.2107432379191367,
                  -0.4377080706432819,
                  0.04680132529901719
                ]
              ],
              "params": [
                "log_kappa",
                "log_kdeg",
                "log_fmod_0"
              ]
            },
            "ndata": 7,
            "nfree": 4,
            "r2": 0.5975451375155787,
            "reduced_chisq": 3.109426635784012e-08,
            "status": "completed",
            "success": true,
            "time_max": 200.0,
            "time_min": 0.0
          },
          "nt_id": 31,
          "params": {
            "fmod0": 0.000637700524917298,
            "kdeg": 0.004724214439296366,
            "kobs": 0.0007697871452955911,
            "log_fmod0": -7.357641781501944,
            "log_fmod0_err": 0.21633613960459125,
            "log_kdeg": -5.355053988092104,
            "log_kdeg_err": 3.302921314542056,
            "log_kobs": -7.1693965160127044,
            "log_kobs_err": 2.0508874866813356,
            "metadata": {
              "base": "G",
              "fmod_run_ids": [
                800,
                801,
                802,
                803,
                804,
                805,
                806
              ],
              "site": 26,
              "valtype": "modrate"
            }
          },
          "valtype": "modrate"
        },
        {
          "diagnostics": {
            "chisq": 2.299103675917112e-06,
            "covariance": {
              "matrix": [
                [
                  0.0036727915496665197,
                  -0.0009381716200305111,
                  -0.033892289082706986
                ],
                [
                  -0.0009381716200305111,
                  0.025093111810452057,
                  -0.06651007848710865
                ],
                [
                  -0.033892289082706986,
                  -0.06651007848710865,
                  0.6500346125407525
                ]
              ],
              "params": [
                "log_kappa",
                "log_kdeg",
                "log_fmod_0"
              ]
            },
            "ndata": 7,
            "nfree": 4,
            "r2": 0.9858593093144588,
            "reduced_chisq": 5.74775918979278e-07,
            "status": "completed",
            "success": true,
            "time_max": 200.0,
            "time_min": 0.0
          },
          "nt_id": 32,
          "params": {
            "fmod0": 0.0008642036375630446,
            "kdeg": 0.023848947010509266,
            "kobs": 0.01384588842672342,
            "log_fmod0": -7.053702125307232,
            "log_fmod0_err": 0.8062472403306274,
            "log_kdeg": -3.736015213125205,
            "log_kdeg_err": 0.1584080547524401,
            "log_kobs": -4.279766954918281,
            "log_kobs_err": 0.060603560536213706,
            "metadata": {
              "base": "A",
              "fmod_run_ids": [
                800,
                801,
                802,
                803,
                804,
                805,
                806
              ],
              "site": 27,
              "valtype": "modrate"
            }
          },
          "valtype": "modrate"
        },
        {
          "diagnostics": {
            "chisq": 7.050173130371337e-08,
            "covariance": {
              "matrix": [
                [
                  0.040875014109020794,
                  -0.042701740130532455,
                  -0.023531413374346086
                ],
                [
                  -0.042701740130532455,
                  0.32203156945026773,
                  -0.08014567362765232
                ],
                [
                  -0.023531413374346086,
                  -0.08014567362765232,
                  0.06521176128882746
                ]
              ],
              "params": [
                "log_kappa",
                "log_kdeg",
                "log_fmod_0"
              ]
            },
            "ndata": 7,
            "nfree": 4,
            "r2": 0.876615245749395,
            "reduced_chisq": 1.7625432825928343e-08,
            "status": "completed",
            "success": true,
            "time_max": 200.0,
            "time_min": 0.0
          },
          "nt_id": 33,
          "params": {
            "fmod0": 0.00045561902675897805,
            "kdeg": 0.016740871665653297,
            "kobs": 0.000791174003058724,
            "log_fmod0": -7.693853565281301,
            "log_fmod0_err": 0.25536593603851604,
            "log_kdeg": -4.08990214444889,
            "log_kdeg_err": 0.5674782546056436,
            "log_kobs": -7.141992635805903,
            "log_kobs_err": 0.20217570108452892,
            "metadata": {
              "base": "G",
              "fmod_run_ids": [
                800,
                801,
                802,
                803,
                804,
                805,
                806
              ],
              "site": 28,
              "valtype": "modrate"
            }
          },
          "valtype": "modrate"
        },
        {
          "diagnostics": {
            "chisq": 5.676107760945956e-06,
            "covariance": {
              "matrix": [
                [
                  0.004956721961947719,
                  -0.0019500772522979145,
                  -0.023419477244335216
                ],
                [
                  -0.0019500772522979145,
                  0.03495772615377975,
                  -0.050200850687789324
                ],
                [
                  -0.023419477244335216,
                  -0.050200850687789324,
                  0.2585258006845
                ]
              ],
              "params": [
                "log_kappa",
                "log_kdeg",
                "log_fmod_0"
              ]
            },
            "ndata": 7,
            "nfree": 4,
            "r2": 0.9813394250922871,
            "reduced_chisq": 1.419026940236489e-06,
            "status": "completed",
            "success": true,
            "time_max": 200.0,
            "time_min": 0.0
          },
          "nt_id": 34,
          "params": {
            "fmod0": 0.0021313032103314616,
            "kdeg": 0.021989903070895392,
            "kobs": 0.01901554188913736,
            "log_fmod0": -6.151021650519671,
            "log_fmod0_err": 0.5084543250720757,
            "log_kdeg": -3.8171718822971514,
            "log_kdeg_err": 0.1869698535961874,
            "log_kobs": -3.9624986400254674,
            "log_kobs_err": 0.07040399109388415,
            "metadata": {
              "base": "C",
              "fmod_run_ids": [
                800,
                801,
                802,
                803,
                804,
                805,
                806
              ],
              "site": 29,
              "valtype": "modrate"
            }
          },
          "valtype": "modrate"
        },
        {
          "diagnostics": {
            "chisq": 6.577141656323294e-06,
            "covariance": {
              "matrix": [
                [
                  0.006184646337086943,
                  -0.0025618739018323923,
                  -0.028691377782263473
                ],
                [
                  -0.0025618739018323923,
                  0.04385988258916796,
                  -0.06238019860498727
                ],
                [
                  -0.028691377782263473,
                  -0.06238019860498727,
                  0.3168232988103481
                ]
              ],
              "params": [
                "log_kappa",
                "log_kdeg",
                "log_fmod_0"
              ]
            },
            "ndata": 7,
            "nfree": 4,
            "r2": 0.9768584272893522,
            "reduced_chisq": 1.6442854140808236e-06,
            "status": "completed",
            "success": true,
            "time_max": 200.0,
            "time_min": 0.0
          },
          "nt_id": 35,
          "params": {
            "fmod0": 0.0020693711048200975,
            "kdeg": 0.02174882074303311,
            "kobs": 0.018344313717403523,
            "log_fmod0": -6.180510531962283,
            "log_fmod0_err": 0.5628705879776879,
            "log_kdeg": -3.828195741628453,
            "log_kdeg_err": 0.20942751153840308,
            "log_kobs": -3.998435631664597,
            "log_kobs_err": 0.07864252244865333,
            "metadata": {
              "base": "C",
              "fmod_run_ids": [
                800,
                801,
                802,
                803,
                804,
                805,
                806
              ],
              "site": 30,
              "valtype": "modrate"
            }
          },
          "valtype": "modrate"
        },
        {
          "diagnostics": {
            "chisq": 2.550120014091851e-07,
            "covariance": {
              "matrix": [
                [
                  0.008690655251559255,
                  -0.004468175958217071,
                  -0.017684251216360514
                ],
                [
                  -0.004468175958217071,
                  0.18239404704640327,
                  -0.007386861718442998
                ],
                [
                  -0.017684251216360514,
                  -0.007386861718442998,
                  0.04374199132899178
                ]
              ],
              "params": [
                "log_kappa",
                "log_kdeg",
                "log_fmod_0"
              ]
            },
            "ndata": 7,
            "nfree": 4,
            "r2": 0.9669074514893616,
            "reduced_chisq": 6.375300035229628e-08,
            "status": "completed",
            "success": true,
            "time_max": 200.0,
            "time_min": 0.0
          },
          "nt_id": 36,
          "params": {
            "fmod0": 0.0012071839494159377,
            "kdeg": 0.15952207361539603,
            "kobs": 0.0029905139178017003,
            "log_fmod0": -6.719464946311468,
            "log_fmod0_err": 0.20914586137189467,
            "log_kdeg": -1.8355729737595907,
            "log_kdeg_err": 0.42707616070954285,
            "log_kobs": -5.812310027485577,
            "log_kobs_err": 0.09322368396260285,
            "metadata": {
              "base": "U",
              "fmod_run_ids": [
                800,
                801,
                802,
                803,
                804,
                805,
                806
              ],
              "site": 31,
              "valtype": "modrate"
            }
          },
          "valtype": "modrate"
        },
        {
          "diagnostics": {
            "chisq": 8.115325400681486e-08,
            "covariance": {
              "matrix": [
                [
                  0.02121506706519972,
                  -0.007146747141980751,
                  -0.030163893595764227
                ],
                [
                  -0.007146747141980751,
                  0.30207561319852744,
                  -0.014611980459989179
                ],
                [
                  -0.030163893595764227,
                  -0.014611980459989179,
                  0.05242663714082679
                ]
              ],
              "params": [
                "log_kappa",
                "log_kdeg",
                "log_fmod_0"
              ]
            },
            "ndata": 7,
            "nfree": 4,
            "r2": 0.9224244420672625,
            "reduced_chisq": 2.0288313501703716e-08,
            "status": "completed",
            "success": true,
            "time_max": 200.0,
            "time_min": 0.0
          },
          "nt_id": 37,
          "params": {
            "fmod0": 0.0006219882540198682,
            "kdeg": 0.1367544390220639,
            "kobs": 0.0010792173336330497,
            "log_fmod0": -7.382589349615834,
            "log_fmod0_err": 0.2289686378979156,
            "log_kdeg": -1.9895683773508455,
            "log_kdeg_err": 0.549614058406922,
            "log_kobs": -6.831519191642032,
            "log_kobs_err": 0.14565392911006458,
            "metadata": {
              "base": "G",
              "fmod_run_ids": [
                800,
                801,
                802,
                803,
                804,
                805,
                806
              ],
              "site": 32,
              "valtype": "modrate"
            }
          },
          "valtype": "modrate"
        },
        {
          "diagnostics": {
            "chisq": 7.522721415947794e-09,
            "covariance": {
              "matrix": [
                [
                  0.024811571976910522,
                  -0.005347521967798267,
                  -0.006489602581100733
                ],
                [
                  -0.005347521967798267,
                  0.16967402772000906,
                  -0.012531778944730567
                ],
                [
                  -0.006489602581100733,
                  -0.012531778944730567,
                  0.003425539303905785
                ]
              ],
              "params": [
                "log_kappa",
                "log_kdeg",
                "log_fmod_0"
              ]
            },
            "ndata": 7,
            "nfree": 4,
            "r2": 0.9102915323770029,
            "reduced_chisq": 1.8806803539869484e-09,
            "status": "completed",
            "success": true,
            "time_max": 200.0,
            "time_min": 0.0
          },
          "nt_id": 38,
          "params": {
            "fmod0": 0.0006825721368772778,
            "kdeg": 0.024486319458755595,
            "kobs": 0.00029974487556559557,
            "log_fmod0": -7.289642341432206,
            "log_fmod0_err": 0.058528106956451144,
            "log_kdeg": -3.709640706827445,
            "log_kdeg_err": 0.41191507343141626,
            "log_kobs": -8.11257885989721,
            "log_kobs_err": 0.15751689425871285,
            "metadata": {
              "base": "G",
              "fmod_run_ids": [
                800,
                801,
                802,
                803,
                804,
                805,
                806
              ],
              "site": 33,
              "valtype": "modrate"
            }
          },
          "valtype": "modrate"
        },
        {
          "diagnostics": {
            "chisq": 4.511720082645025e-08,
            "covariance": {
              "matrix": [
                [
                  0.02693128676123415,
                  0.004135784034712697,
                  -0.02235481136686261
                ],
                [
                  0.004135784034712697,
                  0.15269084139502498,
                  -0.022259700522458296
                ],
                [
                  -0.02235481136686261,
                  -0.022259700522458296,
                  0.024453659973036602
                ]
              ],
              "params": [
                "log_kappa",
                "log_kdeg",
                "log_fmod_0"
              ]
            },
            "ndata": 7,
            "nfree": 4,
            "r2": 0.903174848613892,
            "reduced_chisq": 1.1279300206612562e-08,
            "status": "completed",
            "success": true,
            "time_max": 200.0,
            "time_min": 0.0
          },
          "nt_id": 39,
          "params": {
            "fmod0": 0.0006721253209153407,
            "kdeg": 0.056956374240138774,
            "kobs": 0.0007131294715117671,
            "log_fmod0": -7.3050657453707695,
            "log_fmod0_err": 0.15637666057643193,
            "log_kdeg": -2.8654696683963956,
            "log_kdeg_err": 0.39075675476570454,
            "log_kobs": -7.245847567061872,
            "log_kobs_err": 0.16410754632628613,
            "metadata": {
              "base": "G",
              "fmod_run_ids": [
                800,
                801,
                802,
                803,
                804,
                805,
                806
              ],
              "site": 34,
              "valtype": "modrate"
            }
          },
          "valtype": "modrate"
        },
        {
          "diagnostics": {
            "chisq": 9.047196920998993e-08,
            "covariance": {
              "matrix": [
                [
                  10.55953701282684,
                  -13.617313684764916,
                  0.3234829616268267
                ],
                [
                  -13.617313684764916,
                  17.70136666029682,
                  -0.46061262583228224
                ],
                [
                  0.3234829616268267,
                  -0.46061262583228224,
                  0.030905678329723133
                ]
              ],
              "params": [
                "log_kappa",
                "log_kdeg",
                "log_fmod_0"
              ]
            },
            "ndata": 7,
            "nfree": 4,
            "r2": 0.7485854155521482,
            "reduced_chisq": 2.2617992302497484e-08,
            "status": "completed",
            "success": true,
            "time_max": 200.0,
            "time_min": 0.0
          },
          "nt_id": 40,
          "params": {
            "fmod0": 0.0006526585526815811,
            "kdeg": 0.0025641316385694485,
            "kobs": 0.001421518946443794,
            "log_fmod0": -7.3344564556698995,
            "log_fmod0_err": 0.17580010901510595,
            "log_kdeg": -5.966135400145894,
            "log_kdeg_err": 4.20729921211896,
            "log_kobs": -6.556029298475378,
            "log_kobs_err": 3.2495441238467344,
            "metadata": {
              "base": "G",
              "fmod_run_ids": [
                800,
                801,
                802,
                803,
                804,
                805,
                806
              ],
              "site": 35,
              "valtype": "modrate"
            }
          },
          "valtype": "modrate"
        },
        {
          "diagnostics": {
            "chisq": 1.1183858184499431e-07,
            "covariance": {
              "matrix": [
                [
                  0.03668550882465876,
                  0.005570665608122825,
                  -0.04380503078279133
                ],
                [
                  0.005570665608122825,
                  0.2081937273103557,
                  -0.04337597012924616
                ],
                [
                  -0.04380503078279133,
                  -0.04337597012924616,
                  0.06884724200283661
                ]
              ],
              "params": [
                "log_kappa",
                "log_kdeg",
                "log_fmod_0"
              ]
            },
            "ndata": 7,
            "nfree": 4,
            "r2": 0.8725918511464795,
            "reduced_chisq": 2.7959645461248578e-08,
            "status": "completed",
            "success": true,
            "time_max": 200.0,
            "time_min": 0.0
          },
          "nt_id": 41,
          "params": {
            "fmod0": 0.0006308130298313047,
            "kdeg": 0.057364061743759985,
            "kobs": 0.0009623868278509059,
            "log_fmod0": -7.368501047046706,
            "log_fmod0_err": 0.26238757974194704,
            "log_kdeg": -2.8583372737654265,
            "log_kdeg_err": 0.4562825082230917,
            "log_kobs": -6.94609408016918,
            "log_kobs_err": 0.19153461521265225,
            "metadata": {
              "base": "G",
              "fmod_run_ids": [
                800,
                801,
                802,
                803,
                804,
                805,
                806
              ],
              "site": 36,
              "valtype": "modrate"
            }
          },
          "valtype": "modrate"
        },
        {
          "diagnostics": {
            "chisq": 5.9134666445177226e-06,
            "covariance": {
              "matrix": [
                [
                  0.005675047162150217,
                  -0.0015702856970021938,
                  -0.04201407441600183
                ],
                [
                  -0.0015702856970021938,
                  0.03886029720560217,
                  -0.08337005772449203
                ],
                [
                  -0.04201407441600183,
                  -0.08337005772449203,
                  0.6573934087474118
                ]
              ],
              "params": [
                "log_kappa",
                "log_kdeg",
                "log_fmod_0"
              ]
            },
            "ndata": 7,
            "nfree": 4,
            "r2": 0.9784431001456106,
            "reduced_chisq": 1.4783666611294306e-06,
            "status": "completed",
            "success": true,
            "time_max": 200.0,
            "time_min": 0.0
          },
          "nt_id": 42,
          "params": {
            "fmod0": 0.0013762697907325418,
            "kdeg": 0.02352731739105273,
            "kobs": 0.017964735742626185,
            "log_fmod0": -6.588378489843645,
            "log_fmod0_err": 0.8107980073652203,
            "log_kdeg": -3.7495930907723336,
            "log_kdeg_err": 0.19713015295890726,
            "log_kobs": -4.01934456809199,
            "log_kobs_err": 0.0753329088921317,
            "metadata": {
              "base": "C",
              "fmod_run_ids": [
                800,
                801,
                802,
                803,
                804,
                805,
                806
              ],
              "site": 37,
              "valtype": "modrate"
            }
          },
          "valtype": "modrate"
        },
        {
          "diagnostics": {
            "chisq": 7.631392131928074e-07,
            "covariance": {
              "matrix": [
                [
                  0.03706534047419586,
                  -0.05789275607576775,
                  -0.08705179867041792
                ],
                [
                  -0.05789275607576775,
                  3.967156655880815,
                  -0.02408739268946398
                ],
                [
                  -0.08705179867041792,
                  -0.02408739268946398,
                  0.24623456465180532
                ]
              ],
              "params": [
                "log_kappa",
                "log_kdeg",
                "log_fmod_0"
              ]
            },
            "ndata": 7,
            "nfree": 4,
            "r2": 0.8737204145198092,
            "reduced_chisq": 1.9078480329820184e-07,
            "status": "completed",
            "success": true,
            "time_max": 200.0,
            "time_min": 0.0
          },
          "nt_id": 43,
          "params": {
            "fmod0": 0.0008801996000215152,
            "kdeg": 0.24138586938495352,
