{
  "artifacts": {},
  "engine": "python_baseline",
  "engine_version": "0.1.0",
  "metadata": {
    "buffer_pH": 6.4,
    "done_by": [
      "EKC"
    ],
    "experiment_id": "ekc.01.0xx",
    "fmod_run_id": 105,
    "initial_kdeg": 0.00019988273628914496,
    "initial_kdeg_source": "arrhenius:nmr:deg:dms:Schwalbe_bistris",
    "initial_log_kdeg": -8.517779681922452,
    "notes": "Baseline python engine demo using examples/nerd.sqlite",
    "outlier_specs": [
      "91:057-HIV-UUCG-GS-25c-a-6-m:34_G:modrate"
    ],
    "outliers_applied": 1,
    "rg_id": 91,
    "rg_label": "25_1_14",
    "rounds_requested": [
      "round1_free",
      "round2_global",
      "round3_constrained"
    ],
    "rt_protocol": [
      "MRT"
    ],
    "selected_site_bases": [
      "17_G",
      "18_G",
      "19_C",
      "1_U",
      "20_A",
      "21_G",
      "22_A",
      "23_U",
      "24_C",
      "25_U",
      "26_G",
      "27_A",
      "28_G",
      "29_C",
      "2_A",
      "31_U",
      "32_U",
      "33_C",
      "34_G",
      "36_G",
      "37_C",
      "38_U",
      "39_C",
      "3_A",
      "40_U",
      "41_C",
      "42_U",
      "43_G",
      "44_C",
      "45_C",
      "61_A",
      "62_A",
      "63_U",
      "64_C",
      "65_C"
    ],
    "temperature_c": 25.0,
    "valtypes": [
      "modrate",
      "GAmodrate"
    ]
  },
  "rounds": [
    {
      "global_params": {},
      "notes": null,
      "per_nt": [
        {
          "diagnostics": {
            "reason": "Non-zero fmod values are required for a fit.",
            "status": "failed"
          },
          "nt_id": 243,
          "params": {},
          "valtype": "modrate"
        },
        {
          "diagnostics": {
            "reason": "Non-zero fmod values are required for a fit.",
            "status": "failed"
          },
          "nt_id": 244,
          "params": {},
          "valtype": "modrate"
        },
        {
          "diagnostics": {
            "reason": "Non-zero fmod values are required for a fit.",
            "status": "failed"
          },
          "nt_id": 245,
          "params": {},
          "valtype": "modrate"
        },
        {
          "diagnostics": {
            "reason": "Non-zero fmod values are required for a fit.",
            "status": "failed"
          },
          "nt_id": 246,
          "params": {},
          "valtype": "modrate"
        },
        {
          "diagnostics": {
            "chisq": 2.1678546157288766e-07,
            "covariance": {
              "matrix": [
                [
                  33.53598320777606,
                  -39.69766752934546,
                  0.9090410254803296
                ],
                [
                  -39.69766752934546,
                  47.093253202047435,
                  -1.1175579416866128
                ],
                [
                  0.9090410254803296,
                  -1.1175579416866128,
                  0.051561428958502936
                ]
              ],
              "params": [
                "log_kappa",
                "log_kdeg",
                "log_fmod_0"
              ]
            },
            "ndata": 6,
            "nfree": 3,
            "r2": 0.821549608442317,
            "reduced_chisq": 7.226182052429588e-08,
            "status": "completed",
            "success": true,
            "time_max": 27000.0,
            "time_min": 900.0
          },
          "nt_id": 247,
          "params": {
            "fmod0": 0.0010971432103043504,
            "kdeg": 1.1891083539418467e-05,
            "kobs": 0.004320190277403758,
            "log_fmod0": -6.815045558985935,
            "log_fmod0_err": 0.22707141818930654,
            "log_kdeg": -11.33972172110096,
            "log_kdeg_err": 6.862452418927758,
            "log_kobs": -5.444455832000787,
            "log_kobs_err": 5.791026092824661,
            "metadata": {
              "base": "G",
              "fmod_run_ids": [
                100,
                101,
                102,
                103,
                104,
                105
              ],
              "site": 18,
              "valtype": "modrate"
            }
          },
          "valtype": "modrate"
        },
        {
          "diagnostics": {
            "chisq": 4.4543064397023213e-07,
            "covariance": {
              "matrix": [
                [
                  0.02486746737973172,
                  0.02965141400467158,
                  -0.07240717244458654
                ],
                [
                  0.02965141400467158,
                  0.08261596294388998,
                  -0.10818883635508812
                ],
                [
                  -0.07240717244458654,
                  -0.10818883635508812,
                  0.22850705634789653
                ]
              ],
              "params": [
                "log_kappa",
                "log_kdeg",
                "log_fmod_0"
              ]
            },
            "ndata": 6,
            "nfree": 3,
            "r2": 0.959340572956623,
            "reduced_chisq": 1.484768813234107e-07,
            "status": "completed",
            "success": true,
            "time_max": 27000.0,
            "time_min": 900.0
          },
          "nt_id": 248,
          "params": {
            "fmod0": 0.001807492587531758,
            "kdeg": 0.00039772083667154114,
            "kobs": 0.005293995123734911,
            "log_fmod0": -6.315814704890381,
            "log_fmod0_err": 0.4780241169103255,
            "log_kdeg": -7.8297602141848435,
            "log_kdeg_err": 0.28742992701507264,
            "log_kobs": -5.241182096270415,
            "log_kobs_err": 0.15769422113613332,
            "metadata": {
              "base": "C",
              "fmod_run_ids": [
                100,
                101,
                102,
                103,
                104,
                105
              ],
              "site": 19,
              "valtype": "modrate"
            }
          },
          "valtype": "modrate"
        },
        {
          "diagnostics": {
            "chisq": 2.0500116016083734e-07,
            "covariance": {
              "matrix": [
                [
                  0.0024320537150248926,
                  0.0027578873063619463,
                  -0.034285417782145486
                ],
                [
                  0.0027578873063619463,
                  0.008843998819413168,
                  -0.052931609173376165
                ],
                [
                  -0.034285417782145486,
                  -0.052931609173376165,
                  0.5405008998313126
                ]
              ],
              "params": [
                "log_kappa",
                "log_kdeg",
                "log_fmod_0"
              ]
            },
            "ndata": 6,
            "nfree": 3,
            "r2": 0.9953676838310521,
            "reduced_chisq": 6.833372005361245e-08,
            "status": "completed",
            "success": true,
            "time_max": 27000.0,
            "time_min": 900.0
          },
          "nt_id": 249,
          "params": {
            "fmod0": 0.0007094889985517055,
            "kdeg": 0.0003405328327787787,
            "kobs": 0.010324682038015955,
            "log_fmod0": -7.250965567401653,
            "log_fmod0_err": 0.7351876630026598,
            "log_kdeg": -7.984999011828666,
            "log_kdeg_err": 0.09404253728719343,
            "log_kobs": -4.5732179359587715,
            "log_kobs_err": 0.04931585662872432,
            "metadata": {
              "base": "A",
              "fmod_run_ids": [
                100,
                101,
                102,
                103,
                104,
                105
              ],
              "site": 20,
              "valtype": "modrate"
            }
          },
          "valtype": "modrate"
        },
        {
          "diagnostics": {
            "chisq": 5.286223653864352e-09,
            "covariance": {
              "matrix": [
                [
                  0.0033262580025957807,
                  0.0020522859552105526,
                  -0.008783542053833132
                ],
                [
                  0.0020522859552105526,
                  0.022534909406746156,
                  -0.02114424208629039
                ],
                [
                  -0.008783542053833132,
                  -0.02114424208629039,
                  0.03821904105655751
                ]
              ],
              "params": [
                "log_kappa",
                "log_kdeg",
                "log_fmod_0"
              ]
            },
            "ndata": 6,
            "nfree": 3,
            "r2": 0.9906799006546989,
            "reduced_chisq": 1.7620745512881174e-09,
            "status": "completed",
            "success": true,
            "time_max": 27000.0,
            "time_min": 900.0
          },
          "nt_id": 250,
          "params": {
            "fmod0": 0.00029395500089336555,
            "kdeg": 0.0001648573812953115,
            "kobs": 0.0009993768400731221,
            "log_fmod0": -8.132083860526023,
            "log_fmod0_err": 0.19549690804858658,
            "log_kdeg": -8.710429813620543,
            "log_kdeg_err": 0.15011631958833174,
            "log_kobs": -6.9083786331538635,
            "log_kobs_err": 0.05767372020769755,
            "metadata": {
              "base": "G",
              "fmod_run_ids": [
                100,
                101,
                102,
                103,
                104,
                105
              ],
              "site": 21,
              "valtype": "modrate"
            }
          },
          "valtype": "modrate"
        },
        {
          "diagnostics": {
            "chisq": 1.3718474092897804e-06,
            "covariance": {
              "matrix": [
                [
                  0.002759349204343012,
                  0.003093594434103756,
                  -0.09765957777987859
                ],
                [
                  0.003093594434103756,
                  0.00991192467032066,
                  -0.149697807795982
                ],
                [
                  -0.09765957777987859,
                  -0.149697807795982,
                  3.870029707075847
                ]
              ],
              "params": [
                "log_kappa",
                "log_kdeg",
                "log_fmod_0"
              ]
            },
            "ndata": 6,
            "nfree": 3,
            "r2": 0.9948192715894444,
            "reduced_chisq": 4.5728246976326016e-07,
            "status": "completed",
            "success": true,
            "time_max": 27000.0,
            "time_min": 900.0
          },
          "nt_id": 251,
          "params": {
            "fmod0": 0.000684325688548368,
            "kdeg": 0.0003364996577677403,
            "kobs": 0.025399900234310643,
            "log_fmod0": -7.287076600818028,
            "log_fmod0_err": 1.9672391077537694,
            "log_kdeg": -7.996913425914956,
            "log_kdeg_err": 0.099558649399842,
            "log_kobs": -3.6730100327484054,
            "log_kobs_err": 0.05252950793928125,
            "metadata": {
              "base": "A",
              "fmod_run_ids": [
                100,
                101,
                102,
                103,
                104,
                105
              ],
              "site": 22,
              "valtype": "modrate"
            }
          },
          "valtype": "modrate"
        },
        {
          "diagnostics": {
            "chisq": 2.4313444807832093e-06,
            "covariance": {
              "matrix": [
                [
                  0.3982299090825432,
                  0.4225500968973369,
                  -0.2608930783083282
                ],
                [
                  0.4225500968973369,
                  1.643108475230185,
                  -0.4284122026870309
                ],
                [
                  -0.2608930783083282,
                  -0.4284122026870309,
                  0.20088579163149325
                ]
              ],
              "params": [
                "log_kappa",
                "log_kdeg",
                "log_fmod_0"
              ]
            },
            "ndata": 6,
            "nfree": 3,
            "r2": 0.5358785464278003,
            "reduced_chisq": 8.104481602610697e-07,
            "status": "completed",
            "success": true,
            "time_max": 27000.0,
            "time_min": 900.0
          },
          "nt_id": 252,
          "params": {
            "fmod0": 0.0035473411901749768,
            "kdeg": 0.00028324381354210025,
            "kobs": 0.0024615050198076647,
            "log_fmod0": -5.641556916619949,
            "log_fmod0_err": 0.4482028465231934,
            "log_kdeg": -8.169202499275787,
            "log_kdeg_err": 1.2818379286127342,
            "log_kobs": -6.00698231943937,
            "log_kobs_err": 0.631054600714188,
            "metadata": {
              "base": "U",
              "fmod_run_ids": [
                100,
                101,
                102,
                103,
                104,
                105
              ],
              "site": 23,
              "valtype": "modrate"
            }
          },
          "valtype": "modrate"
        },
        {
          "diagnostics": {
            "chisq": 2.055568962737301e-06,
            "covariance": {
              "matrix": [
                [
                  0.0010712425728161385,
                  0.0011811529527311158,
                  -0.043146670636442425
                ],
                [
                  0.0011811529527311158,
                  0.003745354321698394,
                  -0.06515939515463202
                ],
                [
                  -0.043146670636442425,
                  -0.06515939515463202,
                  1.94581261442103
                ]
              ],
              "params": [
                "log_kappa",
                "log_kdeg",
                "log_fmod_0"
              ]
            },
            "ndata": 6,
            "nfree": 3,
            "r2": 0.9980427462707963,
            "reduced_chisq": 6.851896542457669e-07,
            "status": "completed",
            "success": true,
            "time_max": 27000.0,
            "time_min": 900.0
          },
          "nt_id": 253,
          "params": {
            "fmod0": 0.001184452389169648,
            "kdeg": 0.00033274932102702096,
            "kobs": 0.051335603592299384,
            "log_fmod0": -6.738474730049042,
            "log_fmod0_err": 1.394923874059452,
            "log_kdeg": -8.00812114118093,
            "log_kdeg_err": 0.061199300009872615,
            "log_kobs": -2.9693707403905365,
            "log_kobs_err": 0.03272984223634661,
            "metadata": {
              "base": "C",
              "fmod_run_ids": [
                100,
                101,
                102,
                103,
                104,
                105
              ],
              "site": 24,
              "valtype": "modrate"
            }
          },
          "valtype": "modrate"
        },
        {
          "diagnostics": {
            "chisq": 7.38021834304807e-07,
            "covariance": {
              "matrix": [
                [
                  0.09366099114380334,
                  0.10377433529952254,
                  -0.1279334153913645
                ],
                [
                  0.10377433529952254,
                  0.3601617147950581,
                  -0.20263829781782106
                ],
                [
                  -0.1279334153913645,
                  -0.20263829781782106,
                  0.19915398989606084
                ]
              ],
              "params": [
                "log_kappa",
                "log_kdeg",
                "log_fmod_0"
              ]
            },
            "ndata": 6,
            "nfree": 3,
            "r2": 0.8399440946529593,
            "reduced_chisq": 2.4600727810160233e-07,
            "status": "completed",
            "success": true,
            "time_max": 27000.0,
            "time_min": 900.0
          },
          "nt_id": 254,
          "params": {
            "fmod0": 0.002101332982549863,
            "kdeg": 0.00031591610805911555,
            "kobs": 0.0029794875969897587,
            "log_fmod0": -6.165183382028441,
            "log_fmod0_err": 0.4462667250603173,
            "log_kdeg": -8.060033860449218,
            "log_kdeg_err": 0.6001347471985422,
            "log_kobs": -5.816003940568332,
            "log_kobs_err": 0.30604083247796093,
            "metadata": {
              "base": "U",
              "fmod_run_ids": [
                100,
                101,
                102,
                103,
                104,
                105
              ],
              "site": 25,
              "valtype": "modrate"
            }
          },
          "valtype": "modrate"
        },
        {
          "diagnostics": {
            "chisq": 2.3471001754784515e-09,
            "covariance": {
              "matrix": [
                [
                  0.0019139214169316549,
                  0.002080325347414094,
                  -0.005628122871599894
                ],
                [
                  0.002080325347414094,
                  0.0076226182141381936,
                  -0.009070469992317367
                ],
                [
                  -0.005628122871599894,
                  -0.009070469992317367,
                  0.019131322514609493
                ]
              ],
              "params": [
                "log_kappa",
                "log_kdeg",
                "log_fmod_0"
              ]
            },
            "ndata": 6,
            "nfree": 3,
            "r2": 0.9959832041513474,
            "reduced_chisq": 7.823667251594839e-10,
            "status": "completed",
            "success": true,
            "time_max": 27000.0,
            "time_min": 900.0
          },
          "nt_id": 255,
          "params": {
            "fmod0": 0.0003695594300778272,
            "kdeg": 0.0002998748877880563,
            "kobs": 0.0011369325750294915,
            "log_fmod0": -7.903198991327041,
            "log_fmod0_err": 0.13831602407027718,
            "log_kdeg": -8.112145211000213,
            "log_kdeg_err": 0.08730760685151205,
            "log_kobs": -6.779421366737717,
            "log_kobs_err": 0.04374838759236339,
            "metadata": {
              "base": "G",
              "fmod_run_ids": [
                100,
                101,
                102,
                103,
                104,
                105
              ],
              "site": 26,
              "valtype": "modrate"
            }
          },
          "valtype": "modrate"
        },
        {
          "diagnostics": {
            "chisq": 1.1834395986585698e-07,
            "covariance": {
              "matrix": [
                [
                  0.003482573058958648,
                  0.003927029859349948,
                  -0.061860976234329026
                ],
                [
                  0.003927029859349948,
                  0.012900326230179658,
                  -0.09630631349911158
                ],
                [
                  -0.061860976234329026,
                  -0.09630631349911158,
                  1.235520484077694
                ]
              ],
              "params": [
                "log_kappa",
                "log_kdeg",
                "log_fmod_0"
              ]
            },
            "ndata": 6,
            "nfree": 3,
            "r2": 0.9932407453246803,
            "reduced_chisq": 3.944798662195233e-08,
            "status": "completed",
            "success": true,
            "time_max": 27000.0,
            "time_min": 900.0
          },
          "nt_id": 256,
          "params": {
            "fmod0": 0.00035061407656719785,
            "kdeg": 0.0003332016593958592,
            "kobs": 0.006427955035636583,
            "log_fmod0": -7.9558244363481645,
            "log_fmod0_err": 1.1115396907342958,
            "log_kdeg": -8.006762667504338,
            "log_kdeg_err": 0.1135796030552126,
            "log_kobs": -5.047098826209653,
            "log_kobs_err": 0.059013329502398425,
            "metadata": {
              "base": "A",
              "fmod_run_ids": [
                100,
                101,
                102,
                103,
                104,
                105
              ],
              "site": 27,
              "valtype": "modrate"
            }
          },
          "valtype": "modrate"
        },
        {
          "diagnostics": {
            "chisq": 2.3063869340734033e-08,
            "covariance": {
              "matrix": [
                [
                  0.019854113629223423,
                  0.02227943798975918,
                  -0.04057346902455022
                ],
                [
                  0.02227943798975918,
                  0.07500061902942962,
                  -0.06375124975493701
                ],
                [
                  -0.04057346902455022,
                  -0.06375124975493701,
                  0.09374760590792557
                ]
              ],
              "params": [
                "log_kappa",
                "log_kdeg",
                "log_fmod_0"
              ]
            },
            "ndata": 6,
            "nfree": 3,
            "r2": 0.9618610072879655,
            "reduced_chisq": 7.687956446911345e-09,
            "status": "completed",
            "success": true,
            "time_max": 27000.0,
            "time_min": 900.0
          },
          "nt_id": 257,
          "params": {
            "fmod0": 0.0005528196266208424,
            "kdeg": 0.00032635574604782434,
            "kobs": 0.0011643769285684252,
            "log_fmod0": -7.500478782123624,
            "log_fmod0_err": 0.3061823082869511,
            "log_kdeg": -8.02752252602771,
            "log_kdeg_err": 0.2738624089381922,
            "log_kobs": -6.755569160297672,
            "log_kobs_err": 0.14090462600363204,
            "metadata": {
              "base": "G",
              "fmod_run_ids": [
                100,
                101,
                102,
                103,
                104,
                105
              ],
              "site": 28,
              "valtype": "modrate"
            }
          },
          "valtype": "modrate"
        },
        {
          "diagnostics": {
            "chisq": 6.280255022666744e-07,
            "covariance": {
              "matrix": [
                [
                  0.06066971580064469,
                  0.05795869942165608,
                  -0.04209944897174674
                ],
                [
                  0.05795869942165608,
                  0.29085417168179345,
                  -0.07593470149999558
                ],
                [
                  -0.04209944897174674,
                  -0.07593470149999558,
                  0.03710473838753279
                ]
              ],
              "params": [
                "log_kappa",
                "log_kdeg",
                "log_fmod_0"
              ]
            },
            "ndata": 6,
            "nfree": 3,
            "r2": 0.8719592268676519,
            "reduced_chisq": 2.0934183408889145e-07,
            "status": "completed",
            "success": true,
            "time_max": 27000.0,
            "time_min": 900.0
          },
          "nt_id": 258,
          "params": {
            "fmod0": 0.0037551416136676363,
            "kdeg": 0.00023060646857617104,
            "kobs": 0.0028999005714576516,
            "log_fmod0": -5.584629281116947,
            "log_fmod0_err": 0.19262590269102645,
            "log_kdeg": -8.374797899455215,
            "log_kdeg_err": 0.5393089760812381,
            "log_kobs": -5.843078828281735,
            "log_kobs_err": 0.24631223234067098,
            "metadata": {
              "base": "C",
              "fmod_run_ids": [
                100,
                101,
                102,
                103,
                104,
                105
              ],
              "site": 29,
              "valtype": "modrate"
            }
          },
          "valtype": "modrate"
        },
        {
          "diagnostics": {
            "chisq": 1.6761752506731599e-06,
            "covariance": {
              "matrix": [
                [
                  0.2243519283857348,
                  0.2259653018139648,
                  -0.14241232268923473
                ],
                [
                  0.2259653018139648,
                  1.0005189007289783,
                  -0.24485553772855173
                ],
                [
                  -0.14241232268923473,
                  -0.24485553772855173,
                  0.1103972075323672
                ]
              ],
              "params": [
                "log_kappa",
                "log_kdeg",
                "log_fmod_0"
              ]
            },
            "ndata": 6,
            "nfree": 3,
            "r2": 0.6586300424309124,
            "reduced_chisq": 5.587250835577199e-07,
            "status": "completed",
            "success": true,
            "time_max": 27000.0,
            "time_min": 900.0
          },
          "nt_id": 259,
          "params": {
            "fmod0": 0.0037305516490457047,
            "kdeg": 0.00025323563956750224,
            "kobs": 0.002571762700062036,
            "log_fmod0": -5.591199161075312,
            "log_fmod0_err": 0.33226075232017277,
            "log_kdeg": -8.28119012101382,
            "log_kdeg_err": 1.0002594167159728,
            "log_kobs": -5.963163739669601,
            "log_kobs_err": 0.47365802894676534,
            "metadata": {
              "base": "U",
              "fmod_run_ids": [
                100,
                101,
                102,
                103,
                104,
                105
              ],
              "site": 31,
              "valtype": "modrate"
            }
          },
          "valtype": "modrate"
        },
        {
          "diagnostics": {
            "chisq": 8.441364311272114e-07,
            "covariance": {
              "matrix": [
                [
                  0.09788489356336696,
                  0.10414544058666482,
                  -0.10687576536548947
                ],
                [
                  0.10414544058666482,
                  0.401803632511506,
                  -0.17500620871053282
                ],
                [
                  -0.10687576536548947,
                  -0.17500620871053282,
                  0.1368536523633831
                ]
              ],
              "params": [
                "log_kappa",
                "log_kdeg",
                "log_fmod_0"
              ]
            },
            "ndata": 6,
            "nfree": 3,
            "r2": 0.825156663453901,
            "reduced_chisq": 2.8137881037573717e-07,
            "status": "completed",
            "success": true,
            "time_max": 27000.0,
            "time_min": 900.0
          },
          "nt_id": 260,
          "params": {
            "fmod0": 0.0025431316935577973,
            "kdeg": 0.00028519554352856555,
            "kobs": 0.002938460365060919,
            "log_fmod0": -5.974359007191023,
            "log_fmod0_err": 0.36993736275670114,
            "log_kdeg": -8.162335495322635,
            "log_kdeg_err": 0.6338798249759224,
            "log_kobs": -5.829869520156042,
            "log_kobs_err": 0.31286561582150085,
            "metadata": {
              "base": "U",
              "fmod_run_ids": [
                100,
                101,
                102,
                103,
                104,
                105
              ],
              "site": 32,
              "valtype": "modrate"
            }
          },
          "valtype": "modrate"
        },
        {
          "diagnostics": {
            "chisq": 1.122124493479987e-06,
            "covariance": {
              "matrix": [
                [
                  0.0006371361098023473,
                  0.00068591834681102,
                  -0.018378782173879785
                ],
                [
                  0.00068591834681102,
                  0.002348231924350406,
                  -0.028434176704572153
                ],
                [
                  -0.018378782173879785,
                  -0.028434176704572153,
                  0.6046511313562982
                ]
              ],
              "params": [
                "log_kappa",
                "log_kdeg",
                "log_fmod_0"
              ]
            },
            "ndata": 6,
            "nfree": 3,
            "r2": 0.998767216448338,
            "reduced_chisq": 3.740414978266623e-07,
            "status": "completed",
            "success": true,
            "time_max": 27000.0,
            "time_min": 900.0
          },
          "nt_id": 261,
          "params": {
            "fmod0": 0.0014910732962409125,
            "kdeg": 0.0003092511890038166,
            "kobs": 0.046645523460416956,
            "log_fmod0": -6.508259085292505,
            "log_fmod0_err": 0.7775931657083274,
            "log_kdeg": -8.081356701900955,
            "log_kdeg_err": 0.04845855883484781,
            "log_kobs": -3.0651783164129305,
            "log_kobs_err": 0.025241555217584102,
            "metadata": {
              "base": "C",
              "fmod_run_ids": [
                100,
                101,
                102,
                103,
                104,
                105
              ],
              "site": 33,
              "valtype": "modrate"
            }
          },
          "valtype": "modrate"
        },
        {
          "diagnostics": {
            "chisq": 2.8070101912880423e-08,
            "covariance": {
              "matrix": [
                [
                  0.03823458108879708,
                  0.04631747845177024,
                  -0.13348542037559372
                ],
                [
                  0.04631747845177024,
                  0.1235177492634177,
                  -0.19787617697030072
                ],
                [
                  -0.13348542037559372,
                  -0.19787617697030072,
                  0.5006804683297368
                ]
              ],
              "params": [
                "log_kappa",
                "log_kdeg",
                "log_fmod_0"
              ]
            },
            "ndata": 6,
            "nfree": 3,
            "r2": 0.9411673801598757,
            "reduced_chisq": 9.356700637626808e-09,
            "status": "completed",
            "success": true,
            "time_max": 27000.0,
            "time_min": 900.0
          },
          "nt_id": 262,
          "params": {
            "fmod0": 0.00031986149877149975,
            "kdeg": 0.0004188863329524624,
            "kobs": 0.0011121777977257854,
            "log_fmod0": -8.047622472201592,
            "log_fmod0_err": 0.7075877813598372,
            "log_kdeg": -7.7779109565820495,
            "log_kdeg_err": 0.3514509201345441,
            "log_kobs": -6.801435205893623,
            "log_kobs_err": 0.19553664896585773,
            "metadata": {
              "base": "G",
              "fmod_run_ids": [
                100,
                101,
                102,
                103,
                104,
                105
              ],
              "site": 34,
              "valtype": "modrate"
            }
          },
          "valtype": "modrate"
        },
        {
          "diagnostics": {
            "chisq": 2.6089729265916113e-09,
            "covariance": {
              "matrix": [
                [
                  0.004743420689968336,
                  0.005245538919054194,
                  -0.006677697633808456
                ],
                [
                  0.005245538919054194,
                  0.018381277406511774,
                  -0.010617534240558826
                ],
                [
                  -0.006677697633808456,
                  -0.010617534240558826,
                  0.0107382013365468
                ]
              ],
              "params": [
                "log_kappa",
                "log_kdeg",
                "log_fmod_0"
              ]
            },
            "ndata": 6,
            "nfree": 3,
            "r2": 0.9903633347618267,
            "reduced_chisq": 8.696576421972038e-10,
            "status": "completed",
            "success": true,
            "time_max": 27000.0,
            "time_min": 900.0
          },
          "nt_id": 263,
          "params": {
            "fmod0": 0.0005348457233485242,
            "kdeg": 0.00031343721944160694,
            "kobs": 0.0007811093892651012,
            "log_fmod0": -7.533532220227043,
            "log_fmod0_err": 0.10362529293829185,
            "log_kdeg": -8.067911474909973,
            "log_kdeg_err": 0.13557756970277854,
            "log_kobs": -7.154795354852991,
            "log_kobs_err": 0.06887249588891299,
            "metadata": {
              "base": "G",
              "fmod_run_ids": [
                100,
                101,
                102,
                103,
                104,
                105
              ],
              "site": 36,
              "valtype": "modrate"
            }
          },
          "valtype": "modrate"
        },
        {
          "diagnostics": {
            "chisq": 4.905215936467239e-07,
            "covariance": {
              "matrix": [
                [
                  0.38259349337620224,
                  0.18900253814554197,
                  -0.18599923562259113
                ],
                [
                  0.18900253814554197,
                  2.8037136282013098,
                  -0.48692736695072486
                ],
                [
                  -0.18599923562259113,
                  -0.48692736695072486,
                  0.16319734446767278
                ]
              ],
              "params": [
                "log_kappa",
                "log_kdeg",
                "log_fmod_0"
              ]
            },
            "ndata": 6,
            "nfree": 3,
            "r2": 0.4742702875076644,
            "reduced_chisq": 1.635071978822413e-07,
            "status": "completed",
            "success": true,
            "time_max": 27000.0,
            "time_min": 900.0
          },
          "nt_id": 264,
          "params": {
            "fmod0": 0.001339215710152016,
            "kdeg": 0.0001546429198958094,
            "kobs": 0.0008823229076883014,
            "log_fmod0": -6.615671127300248,
            "log_fmod0_err": 0.4039769108101016,
            "log_kdeg": -8.774391841350262,
            "log_kdeg_err": 1.674429344045699,
            "log_kobs": -7.032952460468706,
            "log_kobs_err": 0.6185414241392425,
            "metadata": {
              "base": "C",
              "fmod_run_ids": [
                100,
                101,
                102,
                103,
                104,
                105
              ],
              "site": 37,
              "valtype": "modrate"
            }
          },
          "valtype": "modrate"
        },
        {
          "diagnostics": {
            "chisq": 8.75070228775802e-07,
            "covariance": {
              "matrix": [
                [
                  0.23100005549519037,
                  0.23072781277516136,
                  -0.2270839959956522
                ],
                [
                  0.23072781277516136,
                  1.0439914283856653,
                  -0.3937334882916785
                ],
                [
                  -0.2270839959956522,
                  -0.3937334882916785,
                  0.2744175118267119
                ]
              ],
              "params": [
                "log_kappa",
                "log_kdeg",
                "log_fmod_0"
              ]
            },
            "ndata": 6,
            "nfree": 3,
            "r2": 0.6498424202166753,
            "reduced_chisq": 2.916900762586007e-07,
            "status": "completed",
            "success": true,
            "time_max": 27000.0,
            "time_min": 900.0
          },
          "nt_id": 265,
          "params": {
            "fmod0": 0.0016941782571411868,
            "kdeg": 0.0002490170802087268,
            "kobs": 0.001814789381861564,
            "log_fmod0": -6.3805574597516985,
            "log_fmod0_err": 0.523848748997945,
            "log_kdeg": -8.29798906863634,
            "log_kdeg_err": 1.0217589874259316,
            "log_kobs": -6.311785861050319,
            "log_kobs_err": 0.48062465136027965,
            "metadata": {
              "base": "U",
              "fmod_run_ids": [
                100,
                101,
                102,
                103,
                104,
                105
              ],
              "site": 38,
              "valtype": "modrate"
            }
          },
          "valtype": "modrate"
        },
        {
          "diagnostics": {
            "chisq": 3.556738456409328e-07,
            "covariance": {
              "matrix": [
                [
                  0.30933233127089704,
                  0.012079892485483388,
                  -0.1302287032880028
                ],
                [
                  0.012079892485483388,
                  2.7462538930464753,
                  -0.4464273701696094
                ],
                [
                  -0.1302287032880028,
                  -0.4464273701696094,
                  0.1402431441111619
                ]
              ],
              "params": [
                "log_kappa",
                "log_kdeg",
                "log_fmod_0"
              ]
            },
            "ndata": 6,
            "nfree": 3,
            "r2": 0.5189246415743975,
            "reduced_chisq": 1.185579485469776e-07,
            "status": "completed",
            "success": true,
            "time_max": 27000.0,
            "time_min": 900.0
          },
          "nt_id": 266,
          "params": {
            "fmod0": 0.0011682384163533642,
            "kdeg": 0.00013211021937677194,
            "kobs": 0.0008168388018844899,
            "log_fmod0": -6.752258291816278,
            "log_fmod0_err": 0.3744905127118201,
            "log_kdeg": -8.93187398851395,
            "log_kdeg_err": 1.657182516516052,
            "log_kobs": -7.110068787486392,
            "log_kobs_err": 0.5561765288745085,
            "metadata": {
              "base": "C",
              "fmod_run_ids": [
                100,
                101,
                102,
                103,
                104,
                105
              ],
              "site": 39,
              "valtype": "modrate"
            }
          },
          "valtype": "modrate"
        },
        {
          "diagnostics": {
            "chisq": 1.5801744284178114e-06,
            "covariance": {
              "matrix": [
                [
                  0.2446693391267607,
                  0.2569376454835247,
                  -0.1986905734337402
                ],
                [
                  0.2569376454835247,
                  1.025641756784489,
                  -0.3291750294092948
                ],
                [
                  -0.1986905734337402,
                  -0.3291750294092948,
                  0.19106785022707726
                ]
              ],
              "params": [
