{
  "artifacts": {},
  "engine": "python_baseline",
  "engine_version": "0.1.0",
  "metadata": {
    "buffer_pH": 6.4,
    "done_by": [
      "EKC"
    ],
    "experiment_id": "ekc.01.0xx",
    "fmod_run_id": 589,
    "initial_kdeg": 0.019705462789320123,
    "initial_kdeg_source": "arrhenius:nmr:deg:dms:Schwalbe_bistris",
    "initial_log_kdeg": -3.926859382728182,
    "notes": "Baseline python engine demo using examples/nerd.sqlite",
    "outlier_specs": [
      "101:017-HIV-UUCG-ES-70c-a-5-p:34_G:GAmodrate"
    ],
    "outliers_applied": 1,
    "rg_id": 101,
    "rg_label": "70_1_13",
    "rounds_requested": [
      "round1_free",
      "round2_global",
      "round3_constrained"
    ],
    "rt_protocol": [
      "MRT"
    ],
    "selected_site_bases": [
      "17_G",
      "18_G",
      "19_C",
      "1_U",
      "20_A",
      "21_G",
      "22_A",
      "23_U",
      "24_C",
      "25_U",
      "26_G",
      "27_A",
      "28_G",
      "29_C",
      "2_A",
      "30_C",
      "33_G",
      "34_G",
      "35_A",
      "36_G",
      "37_C",
      "38_U",
      "39_C",
      "3_A",
      "40_U",
      "41_C",
      "42_U",
      "43_G",
      "44_C",
      "45_C",
      "51_U",
      "52_U",
      "53_C",
      "54_G",
      "61_A",
      "62_A",
      "63_U"
    ],
    "temperature_c": 70.0,
    "valtypes": [
      "modrate",
      "GAmodrate"
    ]
  },
  "rounds": [
    {
      "global_params": {},
      "notes": null,
      "per_nt": [
        {
          "diagnostics": {
            "reason": "Non-zero fmod values are required for a fit.",
            "status": "failed"
          },
          "nt_id": 167,
          "params": {},
          "valtype": "modrate"
        },
        {
          "diagnostics": {
            "reason": "Non-zero fmod values are required for a fit.",
            "status": "failed"
          },
          "nt_id": 168,
          "params": {},
          "valtype": "modrate"
        },
        {
          "diagnostics": {
            "reason": "Non-zero fmod values are required for a fit.",
            "status": "failed"
          },
          "nt_id": 169,
          "params": {},
          "valtype": "modrate"
        },
        {
          "diagnostics": {
            "reason": "Non-zero fmod values are required for a fit.",
            "status": "failed"
          },
          "nt_id": 170,
          "params": {},
          "valtype": "modrate"
        },
        {
          "diagnostics": {
            "chisq": 5.393386083912168e-08,
            "covariance": {
              "matrix": [
                [
                  0.03049205835259038,
                  0.0056708821765289515,
                  -0.05056617321276975
                ],
                [
                  0.0056708821765289515,
                  0.16865459111804376,
                  -0.05842350819236712
                ],
                [
                  -0.05056617321276975,
                  -0.05842350819236712,
                  0.11565420982366925
                ]
              ],
              "params": [
                "log_kappa",
                "log_kdeg",
                "log_fmod_0"
              ]
            },
            "ndata": 7,
            "nfree": 4,
            "r2": 0.8919646073924297,
            "reduced_chisq": 1.348346520978042e-08,
            "status": "completed",
            "success": true,
            "time_max": 300.0,
            "time_min": 0.0
          },
          "nt_id": 171,
          "params": {
            "fmod0": 0.0003321264116448452,
            "kdeg": 0.03216517571640202,
            "kobs": 0.000725779768594812,
            "log_fmod0": -8.009994903551304,
            "log_fmod0_err": 0.34007971098504136,
            "log_kdeg": -3.436870911164967,
            "log_kdeg_err": 0.4106757737169844,
            "log_kobs": -7.228263938202065,
            "log_kobs_err": 0.17461975361507753,
            "metadata": {
              "base": "G",
              "fmod_run_ids": [
                587,
                588,
                589,
                590,
                591,
                592,
                593
              ],
              "site": 18,
              "valtype": "modrate"
            }
          },
          "valtype": "modrate"
        },
        {
          "diagnostics": {
            "chisq": 2.310259299624469e-05,
            "covariance": {
              "matrix": [
                [
                  0.00678946502450426,
                  -0.0004899272855451869,
                  -0.08025766192719878
                ],
                [
                  -0.0004899272855451869,
                  0.04408278752649981,
                  -0.14869709073806436
                ],
                [
                  -0.08025766192719878,
                  -0.14869709073806436,
                  1.7980354715009972
                ]
              ],
              "params": [
                "log_kappa",
                "log_kdeg",
                "log_fmod_0"
              ]
            },
            "ndata": 7,
            "nfree": 4,
            "r2": 0.9744414815947352,
            "reduced_chisq": 5.775648249061172e-06,
            "status": "completed",
            "success": true,
            "time_max": 300.0,
            "time_min": 0.0
          },
          "nt_id": 172,
          "params": {
            "fmod0": 0.0016381265855036078,
            "kdeg": 0.01644000038045463,
            "kobs": 0.03231603470209579,
            "log_fmod0": -6.414202016010012,
            "log_fmod0_err": 1.3409084500818829,
            "log_kdeg": -4.108037866212094,
            "log_kdeg_err": 0.20995901392057406,
            "log_kobs": -3.432191741528892,
            "log_kobs_err": 0.08239821008070661,
            "metadata": {
              "base": "C",
              "fmod_run_ids": [
                587,
                588,
                589,
                590,
                591,
                592,
                593
              ],
              "site": 19,
              "valtype": "modrate"
            }
          },
          "valtype": "modrate"
        },
        {
          "diagnostics": {
            "chisq": 8.002127862079826e-08,
            "covariance": {
              "matrix": [
                [
                  6.015276314808828e-05,
                  5.025300223157359e-06,
                  -0.0012115076409428649
                ],
                [
                  5.025300223157359e-06,
                  0.000358122535517859,
                  -0.0019247575491085189
                ],
                [
                  -0.0012115076409428649,
                  -0.0019247575491085189,
                  0.04035584688423632
                ]
              ],
              "params": [
                "log_kappa",
                "log_kdeg",
                "log_fmod_0"
              ]
            },
            "ndata": 7,
            "nfree": 4,
            "r2": 0.9997647630357657,
            "reduced_chisq": 2.0005319655199564e-08,
            "status": "completed",
            "success": true,
            "time_max": 300.0,
            "time_min": 0.0
          },
          "nt_id": 173,
          "params": {
            "fmod0": 0.0006550749244247989,
            "kdeg": 0.019444222468704038,
            "kobs": 0.01996124844050604,
            "log_fmod0": -7.330760940436073,
            "log_fmod0_err": 0.20088764741575404,
            "log_kdeg": -3.940205298355225,
            "log_kdeg_err": 0.018924125753066085,
            "log_kobs": -3.9139624629352676,
            "log_kobs_err": 0.007755821242659495,
            "metadata": {
              "base": "A",
              "fmod_run_ids": [
                587,
                588,
                589,
                590,
                591,
                592,
                593
              ],
              "site": 20,
              "valtype": "modrate"
            }
          },
          "valtype": "modrate"
        },
        {
          "diagnostics": {
            "chisq": 1.5960095458307216e-08,
            "covariance": {
              "matrix": [
                [
                  0.006580803281859699,
                  -0.0014266216891054265,
                  -0.010642043107179111
                ],
                [
                  -0.0014266216891054265,
                  0.047244528939082764,
                  -0.022834565953539547
                ],
                [
                  -0.010642043107179111,
                  -0.022834565953539547,
                  0.037222791341983585
                ]
              ],
              "params": [
                "log_kappa",
                "log_kdeg",
                "log_fmod_0"
              ]
            },
            "ndata": 7,
            "nfree": 4,
            "r2": 0.9745356131842942,
            "reduced_chisq": 3.990023864576804e-09,
            "status": "completed",
            "success": true,
            "time_max": 300.0,
            "time_min": 0.0
          },
          "nt_id": 174,
          "params": {
            "fmod0": 0.0002950892988437655,
            "kdeg": 0.014894421019247742,
            "kobs": 0.0008385781332248602,
            "log_fmod0": -8.128232539486293,
            "log_fmod0_err": 0.1929320899746426,
            "log_kdeg": -4.206768564384886,
            "log_kdeg_err": 0.21735806619282103,
            "log_kobs": -7.083802798901636,
            "log_kobs_err": 0.08112215037743821,
            "metadata": {
              "base": "G",
              "fmod_run_ids": [
                587,
                588,
                589,
                590,
                591,
                592,
                593
              ],
              "site": 21,
              "valtype": "modrate"
            }
          },
          "valtype": "modrate"
        },
        {
          "diagnostics": {
            "chisq": 1.8413699685378146e-06,
            "covariance": {
              "matrix": [
                [
                  0.0019421592340207517,
                  0.0003275353335418031,
                  -0.038272560115083294
                ],
                [
                  0.0003275353335418031,
                  0.010724281907122069,
                  -0.051678423321179945
                ],
                [
                  -0.038272560115083294,
                  -0.051678423321179945,
                  1.1233939176072911
                ]
              ],
              "params": [
                "log_kappa",
                "log_kdeg",
                "log_fmod_0"
              ]
            },
            "ndata": 7,
            "nfree": 4,
            "r2": 0.9924658430081857,
            "reduced_chisq": 4.6034249213445366e-07,
            "status": "completed",
            "success": true,
            "time_max": 300.0,
            "time_min": 0.0
          },
          "nt_id": 175,
          "params": {
            "fmod0": 0.0006086693559285755,
            "kdeg": 0.02418093272486031,
            "kobs": 0.016920588241736825,
            "log_fmod0": -7.4042353672037,
            "log_fmod0_err": 1.0599027868664612,
            "log_kdeg": -3.722190860310329,
            "log_kdeg_err": 0.10355810884292002,
            "log_kobs": -4.079224159348289,
            "log_kobs_err": 0.04406993571609507,
            "metadata": {
              "base": "A",
              "fmod_run_ids": [
                587,
                588,
                589,
                590,
                591,
                592,
                593
              ],
              "site": 22,
              "valtype": "modrate"
            }
          },
          "valtype": "modrate"
        },
        {
          "diagnostics": {
            "chisq": 8.796379988622361e-07,
            "covariance": {
              "matrix": [
                [
                  0.01172394533908193,
                  -0.0013363263939597306,
                  -0.03547989995045772
                ],
                [
                  -0.0013363263939597306,
                  0.1134447680063967,
                  -0.021557895423501384
                ],
                [
                  -0.03547989995045772,
                  -0.021557895423501384,
                  0.13203486248207497
                ]
              ],
              "params": [
                "log_kappa",
                "log_kdeg",
                "log_fmod_0"
              ]
            },
            "ndata": 7,
            "nfree": 4,
            "r2": 0.9554647031862434,
            "reduced_chisq": 2.1990949971555903e-07,
            "status": "completed",
            "success": true,
            "time_max": 300.0,
            "time_min": 0.0
          },
          "nt_id": 176,
          "params": {
            "fmod0": 0.0012900009152339298,
            "kdeg": 0.08137596144064362,
            "kobs": 0.004793934404249982,
            "log_fmod0": -6.6531123511251415,
            "log_fmod0_err": 0.36336601723616774,
            "log_kdeg": -2.508675363584415,
            "log_kdeg_err": 0.3368156291005462,
            "log_kobs": -5.340403825948416,
            "log_kobs_err": 0.10827716905738684,
            "metadata": {
              "base": "U",
              "fmod_run_ids": [
                587,
                588,
                589,
                590,
                591,
                592,
                593
              ],
              "site": 23,
              "valtype": "modrate"
            }
          },
          "valtype": "modrate"
        },
        {
          "diagnostics": {
            "chisq": 4.289277323697186e-06,
            "covariance": {
              "matrix": [
                [
                  0.0017121937244095778,
                  0.00029059697202535106,
                  -0.028530820960064582
                ],
                [
                  0.00029059697202535106,
                  0.009297295272778167,
                  -0.03726409339502803
                ],
                [
                  -0.028530820960064582,
                  -0.03726409339502803,
                  0.6985947727745062
                ]
              ],
              "params": [
                "log_kappa",
                "log_kdeg",
                "log_fmod_0"
              ]
            },
            "ndata": 7,
            "nfree": 4,
            "r2": 0.9934292203515303,
            "reduced_chisq": 1.0723193309242964e-06,
            "status": "completed",
            "success": true,
            "time_max": 300.0,
            "time_min": 0.0
          },
          "nt_id": 177,
          "params": {
            "fmod0": 0.001182671444733333,
            "kdeg": 0.02508867415671738,
            "kobs": 0.027859695220564012,
            "log_fmod0": -6.7399794631321575,
            "log_fmod0_err": 0.835819820759538,
            "log_kdeg": -3.6853387634947965,
            "log_kdeg_err": 0.09642248323279258,
            "log_kobs": -3.580574250368564,
            "log_kobs_err": 0.04137866267062745,
            "metadata": {
              "base": "C",
              "fmod_run_ids": [
                587,
                588,
                589,
                590,
                591,
                592,
                593
              ],
              "site": 24,
              "valtype": "modrate"
            }
          },
          "valtype": "modrate"
        },
        {
          "diagnostics": {
            "chisq": 5.609332440051589e-07,
            "covariance": {
              "matrix": [
                [
                  0.020473364639527338,
                  0.0008048099657909968,
                  -0.03213375680972414
                ],
                [
                  0.0008048099657909968,
                  0.14514156040186346,
                  -0.025338034569012582
                ],
                [
                  -0.03213375680972414,
                  -0.025338034569012582,
                  0.06355840148767708
                ]
              ],
              "params": [
                "log_kappa",
                "log_kdeg",
                "log_fmod_0"
              ]
            },
            "ndata": 7,
            "nfree": 4,
            "r2": 0.9245219382989985,
            "reduced_chisq": 1.402333110012897e-07,
            "status": "completed",
            "success": true,
            "time_max": 300.0,
            "time_min": 0.0
          },
          "nt_id": 178,
          "params": {
            "fmod0": 0.0014813288020566894,
            "kdeg": 0.05977650222842349,
            "kobs": 0.002892767061442672,
            "log_fmod0": -6.514815754795168,
            "log_fmod0_err": 0.25210791635265456,
            "log_kdeg": -2.8171426345704584,
            "log_kdeg_err": 0.38097448786219723,
            "log_kobs": -5.845541774224124,
            "log_kobs_err": 0.14308516568647967,
            "metadata": {
              "base": "U",
              "fmod_run_ids": [
                587,
                588,
                589,
                590,
                591,
                592,
                593
              ],
              "site": 25,
              "valtype": "modrate"
            }
          },
          "valtype": "modrate"
        },
        {
          "diagnostics": {
            "chisq": 5.227506048247232e-08,
            "covariance": {
              "matrix": [
                [
                  0.04987308314068158,
                  0.00930212089719232,
                  -0.05153169747546974
                ],
                [
                  0.00930212089719232,
                  0.2757074974027083,
                  -0.05973736080594599
                ],
                [
                  -0.05153169747546974,
                  -0.05973736080594599,
                  0.07352667033148197
                ]
              ],
              "params": [
                "log_kappa",
                "log_kdeg",
                "log_fmod_0"
              ]
            },
            "ndata": 7,
            "nfree": 4,
            "r2": 0.8346310556677945,
            "reduced_chisq": 1.306876512061808e-08,
            "status": "completed",
            "success": true,
            "time_max": 300.0,
            "time_min": 0.0
          },
          "nt_id": 179,
          "params": {
            "fmod0": 0.00040991994273886176,
            "kdeg": 0.03197720480663555,
            "kobs": 0.0005585056906852582,
            "log_fmod0": -7.7995486789444834,
            "log_fmod0_err": 0.27115801727310584,
            "log_kdeg": -3.4427319798167195,
            "log_kdeg_err": 0.5250785630767155,
            "log_kobs": -7.490245750276386,
            "log_kobs_err": 0.22332282270444637,
            "metadata": {
              "base": "G",
              "fmod_run_ids": [
                587,
                588,
                589,
                590,
                591,
                592,
                593
              ],
              "site": 26,
              "valtype": "modrate"
            }
          },
          "valtype": "modrate"
        },
        {
          "diagnostics": {
            "chisq": 5.11908894516489e-07,
            "covariance": {
              "matrix": [
                [
                  0.0003052029005466552,
                  4.150633940270252e-05,
                  -0.01110073789722616
                ],
                [
                  4.150633940270252e-05,
                  0.0017308145287559026,
                  -0.016133095535055007
                ],
                [
                  -0.01110073789722616,
                  -0.016133095535055007,
                  0.6292060172702305
                ]
              ],
              "params": [
                "log_kappa",
                "log_kdeg",
                "log_fmod_0"
              ]
            },
            "ndata": 7,
            "nfree": 4,
            "r2": 0.9988133690243213,
            "reduced_chisq": 1.2797722362912226e-07,
            "status": "completed",
            "success": true,
            "time_max": 300.0,
            "time_min": 0.0
          },
          "nt_id": 180,
          "params": {
            "fmod0": 0.0004243969197107137,
            "kdeg": 0.0216520286749565,
            "kobs": 0.022548282915948594,
            "log_fmod0": -7.764841409236851,
            "log_fmod0_err": 0.7932250735259385,
            "log_kdeg": -3.8326561256922647,
            "log_kdeg_err": 0.04160305912737551,
            "log_kobs": -3.7920963615668843,
            "log_kobs_err": 0.017470057256536258,
            "metadata": {
              "base": "A",
              "fmod_run_ids": [
                587,
                588,
                589,
                590,
                591,
                592,
                593
              ],
              "site": 27,
              "valtype": "modrate"
            }
          },
          "valtype": "modrate"
        },
        {
          "diagnostics": {
            "chisq": 7.343001677197754e-08,
            "covariance": {
              "matrix": [
                [
                  0.06836857293474452,
                  0.010304847190103147,
                  -0.05505652713932841
                ],
                [
                  0.010304847190103147,
                  0.400190673195749,
                  -0.055669360794229246
                ],
                [
                  -0.05505652713932841,
                  -0.055669360794229246,
                  0.05855986231302095
                ]
              ],
              "params": [
                "log_kappa",
                "log_kdeg",
                "log_fmod_0"
              ]
            },
            "ndata": 7,
            "nfree": 4,
            "r2": 0.7859955062422954,
            "reduced_chisq": 1.8357504192994385e-08,
            "status": "completed",
            "success": true,
            "time_max": 300.0,
            "time_min": 0.0
          },
          "nt_id": 181,
          "params": {
            "fmod0": 0.0005523768383939919,
            "kdeg": 0.041038037993571114,
            "kobs": 0.0005689596633671923,
            "log_fmod0": -7.50128006635599,
            "log_fmod0_err": 0.24199145090895452,
            "log_kdeg": -3.1932558864366154,
            "log_kdeg_err": 0.6326062544709379,
            "log_kobs": -7.471701016742363,
            "log_kobs_err": 0.26147384751585484,
            "metadata": {
              "base": "G",
              "fmod_run_ids": [
                587,
                588,
                589,
                590,
                591,
                592,
                593
              ],
              "site": 28,
              "valtype": "modrate"
            }
          },
          "valtype": "modrate"
        },
        {
          "diagnostics": {
            "chisq": 1.1113978343290285e-06,
            "covariance": {
              "matrix": [
                [
                  0.00047008773261834636,
                  2.0900199645966856e-05,
                  -0.006919760247574917
                ],
                [
                  2.0900199645966856e-05,
                  0.002857856379326465,
                  -0.011454192115908177
                ],
                [
                  -0.006919760247574917,
                  -0.011454192115908177,
                  0.17443391387311122
                ]
              ],
              "params": [
                "log_kappa",
                "log_kdeg",
                "log_fmod_0"
              ]
            },
            "ndata": 7,
            "nfree": 4,
            "r2": 0.9981761404287341,
            "reduced_chisq": 2.7784945858225713e-07,
            "status": "completed",
            "success": true,
            "time_max": 300.0,
            "time_min": 0.0
          },
          "nt_id": 182,
          "params": {
            "fmod0": 0.001168173844424169,
            "kdeg": 0.018456872202491367,
            "kobs": 0.02677550374306047,
            "log_fmod0": -6.752313566247333,
            "log_fmod0_err": 0.41765286288149783,
            "log_kdeg": -3.992318500748172,
            "log_kdeg_err": 0.05345892235470581,
            "log_kobs": -3.6202678488921403,
            "log_kobs_err": 0.02168150669622262,
            "metadata": {
              "base": "C",
              "fmod_run_ids": [
                587,
                588,
                589,
                590,
                591,
                592,
                593
              ],
              "site": 29,
              "valtype": "modrate"
            }
          },
          "valtype": "modrate"
        },
        {
          "diagnostics": {
            "chisq": 2.179813549971647e-06,
            "covariance": {
              "matrix": [
                [
                  0.001043014229127721,
                  0.00010688068667298469,
                  -0.010348099269038461
                ],
                [
                  0.00010688068667298469,
                  0.006075629586708188,
                  -0.015884454575340132
                ],
                [
                  -0.010348099269038461,
                  -0.015884454575340132,
                  0.16608393743184488
                ]
              ],
              "params": [
                "log_kappa",
                "log_kdeg",
                "log_fmod_0"
              ]
            },
            "ndata": 7,
            "nfree": 4,
            "r2": 0.9959617317307741,
            "reduced_chisq": 5.449533874929117e-07,
            "status": "completed",
            "success": true,
            "time_max": 300.0,
            "time_min": 0.0
          },
          "nt_id": 183,
          "params": {
            "fmod0": 0.0016922925358340867,
            "kdeg": 0.0201461928320284,
            "kobs": 0.02518155759774452,
            "log_fmod0": -6.381671139223504,
            "log_fmod0_err": 0.4075339708930347,
            "log_kdeg": -3.9047399497796493,
            "log_kdeg_err": 0.07794632503658007,
            "log_kobs": -3.6816433937507194,
            "log_kobs_err": 0.03229573081891353,
            "metadata": {
              "base": "C",
              "fmod_run_ids": [
                587,
                588,
                589,
                590,
                591,
                592,
                593
              ],
              "site": 30,
              "valtype": "modrate"
            }
          },
          "valtype": "modrate"
        },
        {
          "diagnostics": {
            "chisq": 5.63492000217981e-07,
            "ndata": 7,
            "nfree": 4,
            "r2": 0.9416776964608162,
            "reduced_chisq": 1.4087300005449526e-07,
            "status": "completed",
            "success": true,
            "time_max": 300.0,
            "time_min": 0.0
          },
          "nt_id": 184,
          "params": {
            "fmod0": 0.0011950000000447232,
            "kdeg": 1.0215184203049068,
            "kobs": 0.003263318838340238,
            "log_fmod0": -6.729609093561238,
            "log_kdeg": 0.02129016771687675,
            "log_kobs": -5.7250105528929005,
            "metadata": {
              "base": "U",
              "fmod_run_ids": [
                587,
                588,
                589,
                590,
                591,
                592,
                593
              ],
              "site": 51,
              "valtype": "modrate"
            }
          },
          "valtype": "modrate"
        },
        {
          "diagnostics": {
            "chisq": 1.5011854180380277e-06,
            "covariance": {
              "matrix": [
                [
                  0.022327146224534015,
                  -0.012803636532233945,
                  -0.05780696556722426
                ],
                [
                  -0.012803636532233945,
                  0.5947190792853125,
                  -0.022330003994105844
                ],
                [
                  -0.05780696556722426,
                  -0.022330003994105844,
                  0.1807258836113136
                ]
              ],
              "params": [
                "log_kappa",
                "log_kdeg",
                "log_fmod_0"
              ]
            },
            "ndata": 7,
            "nfree": 4,
            "r2": 0.9192737101036244,
            "reduced_chisq": 3.7529635450950693e-07,
            "status": "completed",
            "success": true,
            "time_max": 300.0,
            "time_min": 0.0
          },
          "nt_id": 185,
          "params": {
            "fmod0": 0.0014409825798778657,
            "kdeg": 0.1296688526166115,
            "kobs": 0.004522242768402872,
            "log_fmod0": -6.5424300509497835,
            "log_fmod0_err": 0.4251186700338078,
            "log_kdeg": -2.042771365948103,
            "log_kdeg_err": 0.7711803156754667,
            "log_kobs": -5.398747220498658,
            "log_kobs_err": 0.14942270986879477,
            "metadata": {
              "base": "U",
              "fmod_run_ids": [
                587,
                588,
                589,
                590,
                591,
                592,
                593
              ],
              "site": 52,
              "valtype": "modrate"
            }
          },
          "valtype": "modrate"
        },
        {
          "diagnostics": {
            "chisq": 1.8010159581670964e-06,
            "covariance": {
              "matrix": [
                [
                  0.000536795739610705,
                  8.324798540472505e-05,
                  -0.007977273207499254
                ],
                [
                  8.324798540472505e-05,
                  0.0029463128749422675,
                  -0.010876507412590632
                ],
                [
                  -0.007977273207499254,
                  -0.010876507412590632,
                  0.17856842255590835
                ]
              ],
              "params": [
                "log_kappa",
                "log_kdeg",
                "log_fmod_0"
              ]
            },
            "ndata": 7,
            "nfree": 4,
            "r2": 0.9979386155027004,
            "reduced_chisq": 4.502539895417741e-07,
            "status": "completed",
            "success": true,
            "time_max": 300.0,
            "time_min": 0.0
          },
          "nt_id": 186,
          "params": {
            "fmod0": 0.0015064013096992173,
            "kdeg": 0.02338956426955576,
            "kobs": 0.032308957793187966,
            "log_fmod0": -6.498031711198437,
            "log_fmod0_err": 0.42257357058376044,
            "log_kdeg": -3.7554653274798024,
            "log_kdeg_err": 0.05427994910592923,
            "log_kobs": -3.4324107561442245,
            "log_kobs_err": 0.02316885279012979,
            "metadata": {
              "base": "C",
              "fmod_run_ids": [
                587,
                588,
                589,
                590,
                591,
                592,
                593
              ],
              "site": 53,
              "valtype": "modrate"
            }
          },
          "valtype": "modrate"
        },
        {
          "diagnostics": {
            "chisq": 3.128568396526951e-08,
            "covariance": {
              "matrix": [
                [
                  0.06367299340205972,
                  0.007239072784976429,
                  -0.034770346296830686
                ],
                [
                  0.007239072784976429,
                  0.3789392814683846,
                  -0.054287335577487515
                ],
                [
                  -0.034770346296830686,
                  -0.054287335577487515,
                  0.03072759189502871
                ]
              ],
              "params": [
                "log_kappa",
                "log_kdeg",
                "log_fmod_0"
              ]
            },
            "ndata": 7,
            "nfree": 4,
            "r2": 0.7974130005875153,
            "reduced_chisq": 7.821420991317377e-09,
            "status": "completed",
            "success": true,
            "time_max": 300.0,
            "time_min": 0.0
          },
          "nt_id": 187,
          "params": {
            "fmod0": 0.0004708408878553542,
            "kdeg": 0.02023524843032053,
            "kobs": 0.00037617310144370857,
            "log_fmod0": -7.660990338737985,
            "log_fmod0_err": 0.17529287462709003,
            "log_kdeg": -3.900329223471431,
            "log_kdeg_err": 0.6155804427273374,
            "log_kobs": -7.885461144334903,
            "log_kobs_err": 0.2523350815920365,
            "metadata": {
              "base": "G",
              "fmod_run_ids": [
                587,
                588,
                589,
                590,
                591,
                592,
                593
              ],
              "site": 54,
              "valtype": "modrate"
            }
          },
          "valtype": "modrate"
        },
        {
          "diagnostics": {
            "chisq": 6.125154334464674e-08,
            "covariance": {
              "matrix": [
                [
                  0.3036930256502988,
                  0.03708749645558157,
                  -0.10816251588314582
                ],
                [
                  0.03708749645558157,
                  1.8662129002326766,
                  -0.10165640959407235
                ],
                [
                  -0.10816251588314582,
                  -0.10165640959407235,
                  0.04998958760274067
                ]
              ],
              "params": [
                "log_kappa",
                "log_kdeg",
                "log_fmod_0"
              ]
            },
            "ndata": 7,
            "nfree": 4,
            "r2": 0.4521328860049486,
            "reduced_chisq": 1.5312885836161686e-08,
            "status": "completed",
            "success": true,
            "time_max": 300.0,
            "time_min": 0.0
          },
          "nt_id": 188,
          "params": {
            "fmod0": 0.000548734253008825,
            "kdeg": 0.04645979685211847,
            "kobs": 0.00024697966416538223,
            "log_fmod0": -7.507896290098115,
            "log_fmod0_err": 0.22358351370962187,
            "log_kdeg": -3.069167924182398,
            "log_kdeg_err": 1.3660940305237692,
            "log_kobs": -8.306204556039948,
            "log_kobs_err": 0.5510835015224996,
            "metadata": {
              "base": "G",
              "fmod_run_ids": [
                587,
                588,
                589,
                590,
                591,
                592,
                593
              ],
              "site": 33,
              "valtype": "modrate"
            }
          },
          "valtype": "modrate"
        },
        {
          "diagnostics": {
            "chisq": 1.7496527581350117e-08,
            "covariance": {
              "matrix": [
                [
                  0.01776843346826654,
                  0.0031026752084182684,
                  -0.017574272513817775
                ],
                [
                  0.0031026752084182684,
                  0.0996945204367359,
                  -0.024148302389866084
                ],
                [
                  -0.017574272513817775,
                  -0.024148302389866084,
                  0.025980058270295675
                ]
              ],
              "params": [
                "log_kappa",
                "log_kdeg",
                "log_fmod_0"
              ]
            },
            "ndata": 7,
            "nfree": 4,
            "r2": 0.9340096612491132,
            "reduced_chisq": 4.374131895337529e-09,
            "status": "completed",
            "success": true,
            "time_max": 300.0,
            "time_min": 0.0
          },
          "nt_id": 189,
          "params": {
            "fmod0": 0.00038960237340165846,
            "kdeg": 0.024040534782710322,
            "kobs": 0.000535883565040468,
            "log_fmod0": -7.850383894321076,
            "log_fmod0_err": 0.16118330642562112,
            "log_kdeg": -3.7280139240255235,
            "log_kdeg_err": 0.31574439098222457,
            "log_kobs": -7.531593649893308,
            "log_kobs_err": 0.13329828756689466,
            "metadata": {
              "base": "G",
              "fmod_run_ids": [
                587,
                588,
                589,
                590,
                591,
                592,
                593
              ],
              "site": 34,
              "valtype": "modrate"
            }
          },
          "valtype": "modrate"
        },
        {
          "diagnostics": {
            "chisq": 2.451349648743961e-06,
            "covariance": {
              "matrix": [
                [
                  0.0016995232968236972,
                  0.00029204235510698,
                  -0.03656698030759764
                ],
                [
                  0.00029204235510698,
                  0.00929556626186681,
                  -0.04824508910212713
                ],
                [
                  -0.03656698030759764,
                  -0.04824508910212713,
                  1.159303564677342
                ]
              ],
              "params": [
                "log_kappa",
                "log_kdeg",
                "log_fmod_0"
              ]
            },
            "ndata": 7,
            "nfree": 4,
            "r2": 0.9934305374064748,
            "reduced_chisq": 6.128374121859903e-07,
            "status": "completed",
            "success": true,
            "time_max": 300.0,
            "time_min": 0.0
          },
          "nt_id": 190,
          "params": {
            "fmod0": 0.0006933625889117645,
            "kdeg": 0.024920218021825136,
            "kobs": 0.020982783183252012,
            "log_fmod0": -7.273957479281413,
            "log_fmod0_err": 1.0767096009032993,
            "log_kdeg": -3.6920758362317683,
            "log_kdeg_err": 0.09641351700807729,
            "log_kobs": -3.8640530259347985,
            "log_kobs_err": 0.04122527497571966,
            "metadata": {
              "base": "A",
              "fmod_run_ids": [
                587,
                588,
                589,
                590,
                591,
                592,
                593
              ],
              "site": 35,
              "valtype": "modrate"
            }
          },
          "valtype": "modrate"
        },
        {
          "diagnostics": {
            "chisq": 1.890477022041156e-08,
            "covariance": {
              "matrix": [
                [
                  0.013682906631779693,
                  0.0023775035417879153,
                  -0.010243951942440311
                ],
                [
                  0.0023775035417879153,
                  0.07712943177352527,
                  -0.011151023865288741
                ],
                [
                  -0.010243951942440311,
                  -0.011151023865288741,
                  0.010355279736362997
                ]
              ],
              "params": [
                "log_kappa",
                "log_kdeg",
                "log_fmod_0"
              ]
            },
            "ndata": 7,
            "nfree": 4,
            "r2": 0.9484017179713692,
            "reduced_chisq": 4.72619255510289e-09,
            "status": "completed",
            "success": true,
