{
  "artifacts": {},
  "engine": "python_baseline",
  "engine_version": "0.1.0",
  "metadata": {
    "buffer_pH": 6.4,
    "done_by": [
      "EKC"
    ],
    "experiment_id": "ekc.01.0xx",
    "fmod_run_id": 946,
    "initial_kdeg": 0.046628528165773286,
    "initial_kdeg_source": "arrhenius:nmr:deg:dms:Schwalbe_bistris",
    "initial_log_kdeg": -3.065542732765291,
    "notes": "Baseline python engine demo using examples/nerd.sqlite",
    "outlier_specs": [
      "90:056-HIV-WT-80c-b-6-m:34_G:modrate",
      "90:045-HIV-WT-80c-b-3-p:34_G:GAmodrate"
    ],
    "outliers_applied": 2,
    "rg_id": 90,
    "rg_label": "80_2_15",
    "rounds_requested": [
      "round1_free",
      "round2_global",
      "round3_constrained"
    ],
    "rt_protocol": [
      "MRT"
    ],
    "selected_site_bases": [
      "17_G",
      "18_G",
      "19_C",
      "1_U",
      "20_A",
      "21_G",
      "22_A",
      "23_U",
      "24_C",
      "25_U",
      "26_G",
      "27_A",
      "28_G",
      "29_C",
      "2_A",
      "30_C",
      "31_U",
      "32_G",
      "33_G",
      "34_G",
      "35_A",
      "36_G",
      "37_C",
      "38_U",
      "39_C",
      "3_A",
      "40_U",
      "41_C",
      "42_U",
      "43_G",
      "44_C",
      "45_C",
      "61_A",
      "62_A",
      "63_U",
      "64_C",
      "65_C"
    ],
    "temperature_c": 80.0,
    "valtypes": [
      "modrate",
      "GAmodrate"
    ]
  },
  "rounds": [
    {
      "global_params": {},
      "notes": null,
      "per_nt": [
        {
          "diagnostics": {
            "reason": "Non-zero fmod values are required for a fit.",
            "status": "failed"
          },
          "nt_id": 315,
          "params": {},
          "valtype": "modrate"
        },
        {
          "diagnostics": {
            "reason": "Non-zero fmod values are required for a fit.",
            "status": "failed"
          },
          "nt_id": 316,
          "params": {},
          "valtype": "modrate"
        },
        {
          "diagnostics": {
            "reason": "Non-zero fmod values are required for a fit.",
            "status": "failed"
          },
          "nt_id": 317,
          "params": {},
          "valtype": "modrate"
        },
        {
          "diagnostics": {
            "reason": "Non-zero fmod values are required for a fit.",
            "status": "failed"
          },
          "nt_id": 318,
          "params": {},
          "valtype": "modrate"
        },
        {
          "diagnostics": {
            "chisq": 5.522768868815444e-08,
            "covariance": {
              "matrix": [
                [
                  0.04927424817786653,
                  -0.07984068626786134,
                  -0.00991984974150967
                ],
                [
                  -0.07984068626786134,
                  0.4234942406198227,
                  -0.06069946200287879
                ],
                [
                  -0.00991984974150967,
                  -0.06069946200287879,
                  0.027397335379931043
                ]
              ],
              "params": [
                "log_kappa",
                "log_kdeg",
                "log_fmod_0"
              ]
            },
            "ndata": 7,
            "nfree": 4,
            "r2": 0.8796602602265259,
            "reduced_chisq": 1.380692217203861e-08,
            "status": "completed",
            "success": true,
            "time_max": 135.0,
            "time_min": 0.0
          },
          "nt_id": 319,
          "params": {
            "fmod0": 0.000606548890492659,
            "kdeg": 0.020558720836985265,
            "kobs": 0.0007123251844793357,
            "log_fmod0": -7.407725221959044,
            "log_fmod0_err": 0.16552140459750528,
            "log_kdeg": -3.884470056430613,
            "log_kdeg_err": 0.6507643510671299,
            "log_kobs": -7.246976031042681,
            "log_kobs_err": 0.22197803535004657,
            "metadata": {
              "base": "G",
              "fmod_run_ids": [
                940,
                941,
                942,
                943,
                944,
                945,
                946
              ],
              "site": 18,
              "valtype": "modrate"
            }
          },
          "valtype": "modrate"
        },
        {
          "diagnostics": {
            "chisq": 3.658555636304504e-05,
            "covariance": {
              "matrix": [
                [
                  0.008343261983134835,
                  0.0012389932761597165,
                  -0.15778055886056397
                ],
                [
                  0.0012389932761597165,
                  0.053256734556629506,
                  -0.24972835703102314
                ],
                [
                  -0.15778055886056397,
                  -0.24972835703102314,
                  4.690995588760483
                ]
              ],
              "params": [
                "log_kappa",
                "log_kdeg",
                "log_fmod_0"
              ]
            },
            "ndata": 7,
            "nfree": 4,
            "r2": 0.9690144547721398,
            "reduced_chisq": 9.14638909076126e-06,
            "status": "completed",
            "success": true,
            "time_max": 135.0,
            "time_min": 0.0
          },
          "nt_id": 320,
          "params": {
            "fmod0": 0.0013267603557289144,
            "kdeg": 0.044963750735253515,
            "kobs": 0.0367316690420271,
            "log_fmod0": -6.625015130951201,
            "log_fmod0_err": 2.1658706306611397,
            "log_kdeg": -3.1018986530494623,
            "log_kdeg_err": 0.2307742068703292,
            "log_kobs": -3.3041159793436754,
            "log_kobs_err": 0.09134145818375594,
            "metadata": {
              "base": "C",
              "fmod_run_ids": [
                940,
                941,
                942,
                943,
                944,
                945,
                946
              ],
              "site": 19,
              "valtype": "modrate"
            }
          },
          "valtype": "modrate"
        },
        {
          "diagnostics": {
            "chisq": 3.141536435783973e-06,
            "covariance": {
              "matrix": [
                [
                  0.0032222822095554714,
                  0.0008500806793383005,
                  -0.11415821243027616
                ],
                [
                  0.0008500806793383005,
                  0.0187672073713817,
                  -0.15125615813489715
                ],
                [
                  -0.11415821243027616,
                  -0.15125615813489715,
                  5.699520329791524
                ]
              ],
              "params": [
                "log_kappa",
                "log_kdeg",
                "log_fmod_0"
              ]
            },
            "ndata": 7,
            "nfree": 4,
            "r2": 0.987650869617923,
            "reduced_chisq": 7.853841089459933e-07,
            "status": "completed",
            "success": true,
            "time_max": 135.0,
            "time_min": 0.0
          },
          "nt_id": 321,
          "params": {
            "fmod0": 0.00036045377076081406,
            "kdeg": 0.05736113317560262,
            "kobs": 0.01718878960485548,
            "log_fmod0": -7.928146845909384,
            "log_fmod0_err": 2.3873668192784123,
            "log_kdeg": -2.858388327383772,
            "log_kdeg_err": 0.13699345740356253,
            "log_kobs": -4.063497874814845,
            "log_kobs_err": 0.05676514960392046,
            "metadata": {
              "base": "A",
              "fmod_run_ids": [
                940,
                941,
                942,
                943,
                944,
                945,
                946
              ],
              "site": 20,
              "valtype": "modrate"
            }
          },
          "valtype": "modrate"
        },
        {
          "diagnostics": {
            "chisq": 1.5724660864118655e-08,
            "covariance": {
              "matrix": [
                [
                  0.015391091485820692,
                  -0.003404985039457675,
                  -0.011129488557236767
                ],
                [
                  -0.003404985039457675,
                  0.11936004401471245,
                  -0.023882648551037982
                ],
                [
                  -0.011129488557236767,
                  -0.023882648551037982,
                  0.016762336420660138
                ]
              ],
              "params": [
                "log_kappa",
                "log_kdeg",
                "log_fmod_0"
              ]
            },
            "ndata": 7,
            "nfree": 4,
            "r2": 0.942378136330888,
            "reduced_chisq": 3.931165216029664e-09,
            "status": "completed",
            "success": true,
            "time_max": 135.0,
            "time_min": 0.0
          },
          "nt_id": 322,
          "params": {
            "fmod0": 0.00044289072353176384,
            "kdeg": 0.0338959306126076,
            "kobs": 0.0005401259515874582,
            "log_fmod0": -7.722187492091307,
            "log_fmod0_err": 0.12946944203425045,
            "log_kdeg": -3.3844603127272506,
            "log_kdeg_err": 0.3454852298068797,
            "log_kobs": -7.523708201922554,
            "log_kobs_err": 0.12406083784103947,
            "metadata": {
              "base": "G",
              "fmod_run_ids": [
                940,
                941,
                942,
                943,
                944,
                945,
                946
              ],
              "site": 21,
              "valtype": "modrate"
            }
          },
          "valtype": "modrate"
        },
        {
          "diagnostics": {
            "chisq": 1.373908220872253e-06,
            "covariance": {
              "matrix": [
                [
                  0.0025793582234226206,
                  0.000704298732555488,
                  -0.0585984430551428
                ],
                [
                  0.000704298732555488,
                  0.014649713266608154,
                  -0.072823257162212
                ],
                [
                  -0.0585984430551428,
                  -0.072823257162212,
                  1.8284471469835029
                ]
              ],
              "params": [
                "log_kappa",
                "log_kdeg",
                "log_fmod_0"
              ]
            },
            "ndata": 7,
            "nfree": 4,
            "r2": 0.990054625154965,
            "reduced_chisq": 3.4347705521806325e-07,
            "status": "completed",
            "success": true,
            "time_max": 135.0,
            "time_min": 0.0
          },
          "nt_id": 323,
          "params": {
            "fmod0": 0.00042326184594569877,
            "kdeg": 0.06261103587997001,
            "kobs": 0.012704427675417945,
            "log_fmod0": -7.767519549284333,
            "log_fmod0_err": 1.3522008530479128,
            "log_kdeg": -2.7708137244013944,
            "log_kdeg_err": 0.12103599987858221,
            "log_kobs": -4.365804710417271,
            "log_kobs_err": 0.05078738252186876,
            "metadata": {
              "base": "A",
              "fmod_run_ids": [
                940,
                941,
                942,
                943,
                944,
                945,
                946
              ],
              "site": 22,
              "valtype": "modrate"
            }
          },
          "valtype": "modrate"
        },
        {
          "diagnostics": {
            "chisq": 1.2407968274458043e-06,
            "covariance": {
              "matrix": [
                [
                  0.05803683974201929,
                  -0.017515961379335775,
                  -0.058477944562188994
                ],
                [
                  -0.017515961379335775,
                  0.7697689189944014,
                  -0.029080669091901493
                ],
                [
                  -0.058477944562188994,
                  -0.029080669091901493,
                  0.07207871126355955
                ]
              ],
              "params": [
                "log_kappa",
                "log_kdeg",
                "log_fmod_0"
              ]
            },
            "ndata": 7,
            "nfree": 4,
            "r2": 0.8130198060503793,
            "reduced_chisq": 3.101992068614511e-07,
            "status": "completed",
            "success": true,
            "time_max": 135.0,
            "time_min": 0.0
          },
          "nt_id": 324,
          "params": {
            "fmod0": 0.0020741566314923803,
            "kdeg": 0.19878461373800033,
            "kobs": 0.0025554820327263784,
            "log_fmod0": -6.178200650573953,
            "log_fmod0_err": 0.2684747870165084,
            "log_kdeg": -1.615533383438967,
            "log_kdeg_err": 0.8773647582359354,
            "log_kobs": -5.969514410605787,
            "log_kobs_err": 0.24090836378594102,
            "metadata": {
              "base": "U",
              "fmod_run_ids": [
                940,
                941,
                942,
                943,
                944,
                945,
                946
              ],
              "site": 23,
              "valtype": "modrate"
            }
          },
          "valtype": "modrate"
        },
        {
          "diagnostics": {
            "chisq": 5.567083893234028e-06,
            "covariance": {
              "matrix": [
                [
                  0.004346383920601073,
                  0.0010391492696780922,
                  -0.023960747628034244
                ],
                [
                  0.0010391492696780922,
                  0.026226771758378804,
                  -0.0340557985672623
                ],
                [
                  -0.023960747628034244,
                  -0.0340557985672623,
                  0.19260686884912145
                ]
              ],
              "params": [
                "log_kappa",
                "log_kdeg",
                "log_fmod_0"
              ]
            },
            "ndata": 7,
            "nfree": 4,
            "r2": 0.983418721798673,
            "reduced_chisq": 1.391770973308507e-06,
            "status": "completed",
            "success": true,
            "time_max": 135.0,
            "time_min": 0.0
          },
          "nt_id": 325,
          "params": {
            "fmod0": 0.0025904653527220526,
            "kdeg": 0.05230256890039716,
            "kobs": 0.019650603403106294,
            "log_fmod0": -5.955917746544269,
            "log_fmod0_err": 0.4388699908277182,
            "log_kdeg": -2.9507097905630975,
            "log_kdeg_err": 0.16194681768524755,
            "log_kobs": -3.9296472336011177,
            "log_kobs_err": 0.06592711066474151,
            "metadata": {
              "base": "C",
              "fmod_run_ids": [
                940,
                941,
                942,
                943,
                944,
                945,
                946
              ],
              "site": 24,
              "valtype": "modrate"
            }
          },
          "valtype": "modrate"
        },
        {
          "diagnostics": {
            "chisq": 5.607321867289684e-07,
            "covariance": {
              "matrix": [
                [
                  0.06417041274075315,
                  0.010089941423395496,
                  -0.04627067607628056
                ],
                [
                  0.010089941423395496,
                  0.37151595507493235,
                  -0.04060101636832622
                ],
                [
                  -0.04627067607628056,
                  -0.04060101636832622,
                  0.04251150478651563
                ]
              ],
              "params": [
                "log_kappa",
                "log_kdeg",
                "log_fmod_0"
              ]
            },
            "ndata": 7,
            "nfree": 4,
            "r2": 0.7967057065345154,
            "reduced_chisq": 1.401830466822421e-07,
            "status": "completed",
            "success": true,
            "time_max": 135.0,
            "time_min": 0.0
          },
          "nt_id": 326,
          "params": {
            "fmod0": 0.0018051498978152527,
            "kdeg": 0.09935512626426558,
            "kobs": 0.0016323674993507333,
            "log_fmod0": -6.317111644764385,
            "log_fmod0_err": 0.20618318259866789,
            "log_kdeg": -2.309054713285594,
            "log_kdeg_err": 0.6095210866532284,
            "log_kobs": -6.417723864364509,
            "log_kobs_err": 0.253318796658979,
            "metadata": {
              "base": "U",
              "fmod_run_ids": [
                940,
                941,
                942,
                943,
                944,
                945,
                946
              ],
              "site": 25,
              "valtype": "modrate"
            }
          },
          "valtype": "modrate"
        },
        {
          "diagnostics": {
            "chisq": 2.6755051183490636e-08,
            "covariance": {
              "matrix": [
                [
                  0.03975989932764551,
                  -0.05814621641789523,
                  -0.008748987799665046
                ],
                [
                  -0.05814621641789523,
                  0.3481367678609515,
                  -0.04359963392887379
                ],
                [
                  -0.008748987799665046,
                  -0.04359963392887379,
                  0.01736212878913008
                ]
              ],
              "params": [
                "log_kappa",
                "log_kdeg",
                "log_fmod_0"
              ]
            },
            "ndata": 7,
            "nfree": 4,
            "r2": 0.8927459200837744,
            "reduced_chisq": 6.688762795872659e-09,
            "status": "completed",
            "success": true,
            "time_max": 135.0,
            "time_min": 0.0
          },
          "nt_id": 327,
          "params": {
            "fmod0": 0.0005341279996213216,
            "kdeg": 0.02175668927707323,
            "kobs": 0.0005237165319100217,
            "log_fmod0": -7.534875048062058,
            "log_fmod0_err": 0.13176543093364845,
            "log_kdeg": -3.8278340157632793,
            "log_kdeg_err": 0.5900311583814464,
            "log_kobs": -7.554559989657462,
            "log_kobs_err": 0.19939884485032883,
            "metadata": {
              "base": "G",
              "fmod_run_ids": [
                940,
                941,
                942,
                943,
                944,
                945,
                946
              ],
              "site": 26,
              "valtype": "modrate"
            }
          },
          "valtype": "modrate"
        },
        {
          "diagnostics": {
            "chisq": 1.2093334260011773e-06,
            "covariance": {
              "matrix": [
                [
                  0.0010429824481022843,
                  0.00027867610707529714,
                  -0.05110779690725734
                ],
                [
                  0.00027867610707529714,
                  0.00599097181799533,
                  -0.0658351100822259
                ],
                [
                  -0.05110779690725734,
                  -0.0658351100822259,
                  3.4909138620088562
                ]
              ],
              "params": [
                "log_kappa",
                "log_kdeg",
                "log_fmod_0"
              ]
            },
            "ndata": 7,
            "nfree": 4,
            "r2": 0.9959780174041295,
            "reduced_chisq": 3.023333565002943e-07,
            "status": "completed",
            "success": true,
            "time_max": 135.0,
            "time_min": 0.0
          },
          "nt_id": 328,
          "params": {
            "fmod0": 0.00028642518551797076,
            "kdeg": 0.05936317653137798,
            "kobs": 0.018811977308381498,
            "log_fmod0": -8.158033188483055,
            "log_fmod0_err": 1.8683987427765134,
            "log_kdeg": -2.8240811685598692,
            "log_kdeg_err": 0.07740136832120818,
            "log_kobs": -3.9732615211311124,
            "log_kobs_err": 0.032295238783794186,
            "metadata": {
              "base": "A",
              "fmod_run_ids": [
                940,
                941,
                942,
                943,
                944,
                945,
                946
              ],
              "site": 27,
              "valtype": "modrate"
            }
          },
          "valtype": "modrate"
        },
        {
          "diagnostics": {
            "chisq": 2.8019377368044536e-08,
            "covariance": {
              "matrix": [
                [
                  0.03754673986858667,
                  0.002838744044962289,
                  -0.018861272994968165
                ],
                [
                  0.002838744044962289,
                  0.26100330537851135,
                  -0.03329351421528977
                ],
                [
                  -0.018861272994968165,
                  -0.03329351421528977,
                  0.015958740437409795
                ]
              ],
              "params": [
                "log_kappa",
                "log_kdeg",
                "log_fmod_0"
              ]
            },
            "ndata": 7,
            "nfree": 4,
            "r2": 0.8695649931260995,
            "reduced_chisq": 7.004844342011134e-09,
            "status": "completed",
            "success": true,
            "time_max": 135.0,
            "time_min": 0.0
          },
          "nt_id": 329,
          "params": {
            "fmod0": 0.0006215730809060868,
            "kdeg": 0.0411279680603108,
            "kobs": 0.0004596308689573341,
            "log_fmod0": -7.383257065984213,
            "log_fmod0_err": 0.12632790838690314,
            "log_kdeg": -3.1910669008215615,
            "log_kdeg_err": 0.5108848259427083,
            "log_kobs": -7.68508684941194,
            "log_kobs_err": 0.1937698115511977,
            "metadata": {
              "base": "G",
              "fmod_run_ids": [
                940,
                941,
                942,
                943,
                944,
                945,
                946
              ],
              "site": 28,
              "valtype": "modrate"
            }
          },
          "valtype": "modrate"
        },
        {
          "diagnostics": {
            "chisq": 1.5631440815610999e-06,
            "covariance": {
              "matrix": [
                [
                  0.0006035291338961553,
                  0.00014407252232018634,
                  -0.006728451923647143
                ],
                [
                  0.00014407252232018634,
                  0.0035935087516919422,
                  -0.009407060658531086
                ],
                [
                  -0.006728451923647143,
                  -0.009407060658531086,
                  0.10880149323806014
                ]
              ],
              "params": [
                "log_kappa",
                "log_kdeg",
                "log_fmod_0"
              ]
            },
            "ndata": 7,
            "nfree": 4,
            "r2": 0.9976855481803232,
            "reduced_chisq": 3.9078602039027497e-07,
            "status": "completed",
            "success": true,
            "time_max": 135.0,
            "time_min": 0.0
          },
          "nt_id": 330,
          "params": {
            "fmod0": 0.0018287968630329844,
            "kdeg": 0.05288949324687767,
            "kobs": 0.028213970355212788,
            "log_fmod0": -6.304096980239621,
            "log_fmod0_err": 0.32985071356306045,
            "log_kdeg": -2.9395505752154607,
            "log_kdeg_err": 0.05994588185765509,
            "log_kobs": -3.5679380210423375,
            "log_kobs_err": 0.02456682995211542,
            "metadata": {
              "base": "C",
              "fmod_run_ids": [
                940,
                941,
                942,
                943,
                944,
                945,
                946
              ],
              "site": 29,
              "valtype": "modrate"
            }
          },
          "valtype": "modrate"
        },
        {
          "diagnostics": {
            "chisq": 8.124170163359659e-06,
            "covariance": {
              "matrix": [
                [
                  0.004245217276440422,
                  0.0009946424791437436,
                  -0.0389789653230207
                ],
                [
                  0.0009946424791437436,
                  0.025585025124003326,
                  -0.05549693940636733
                ],
                [
                  -0.0389789653230207,
                  -0.05549693940636733,
                  0.5232518848241043
                ]
              ],
              "params": [
                "log_kappa",
                "log_kdeg",
                "log_fmod_0"
              ]
            },
            "ndata": 7,
            "nfree": 4,
            "r2": 0.9838695915687954,
            "reduced_chisq": 2.0310425408399148e-06,
            "status": "completed",
            "success": true,
            "time_max": 135.0,
            "time_min": 0.0
          },
          "nt_id": 331,
          "params": {
            "fmod0": 0.0018978607408237436,
            "kdeg": 0.05192506044411807,
            "kobs": 0.02412317751421662,
            "log_fmod0": -6.267027953022713,
            "log_fmod0_err": 0.7233615173784851,
            "log_kdeg": -2.9579537451548115,
            "log_kdeg_err": 0.15995319666703547,
            "log_kobs": -3.7245821780627986,
            "log_kobs_err": 0.06515533191106021,
            "metadata": {
              "base": "C",
              "fmod_run_ids": [
                940,
                941,
                942,
                943,
                944,
                945,
                946
              ],
              "site": 30,
              "valtype": "modrate"
            }
          },
          "valtype": "modrate"
        },
        {
          "diagnostics": {
            "chisq": 2.9886659434577367e-06,
            "covariance": {
              "matrix": [
                [
                  0.17986098936053574,
                  -0.013936808045280689,
                  -0.19856964824817577
                ],
                [
                  -0.013936808045280689,
                  1.4821371373737466,
                  -0.12578338723982738
                ],
                [
                  -0.19856964824817577,
                  -0.12578338723982738,
                  0.2715441173909098
                ]
              ],
              "params": [
                "log_kappa",
                "log_kdeg",
                "log_fmod_0"
              ]
            },
            "ndata": 7,
            "nfree": 4,
            "r2": 0.5822959291791936,
            "reduced_chisq": 7.471664858644342e-07,
            "status": "completed",
            "success": true,
            "time_max": 135.0,
            "time_min": 0.0
          },
          "nt_id": 332,
          "params": {
            "fmod0": 0.0016571751767159102,
            "kdeg": 0.15036893312406327,
            "kobs": 0.0022560797459287726,
            "log_fmod0": -6.402640826924681,
            "log_fmod0_err": 0.5210989516309832,
            "log_kdeg": -1.89466345047831,
            "log_kdeg_err": 1.2174305472484854,
            "log_kobs": -6.094126597598381,
            "log_kobs_err": 0.4241002114601403,
            "metadata": {
              "base": "U",
              "fmod_run_ids": [
                940,
                941,
                942,
                943,
                944,
                945,
                946
              ],
              "site": 31,
              "valtype": "modrate"
            }
          },
          "valtype": "modrate"
        },
        {
          "diagnostics": {
            "chisq": 3.541363680741907e-08,
            "covariance": {
              "matrix": [
                [
                  2.0258000393822724,
                  -3.5926644455294405,
                  0.05375911856215253
                ],
                [
                  -3.5926644455294405,
                  6.897218087391165,
                  -0.1503597436791333
                ],
                [
                  0.05375911856215253,
                  -0.1503597436791333,
                  0.009314655582844097
                ]
              ],
              "params": [
                "log_kappa",
                "log_kdeg",
                "log_fmod_0"
              ]
            },
            "ndata": 7,
            "nfree": 4,
            "r2": 0.6181900464958269,
            "reduced_chisq": 8.853409201854767e-09,
            "status": "completed",
            "success": true,
            "time_max": 135.0,
            "time_min": 0.0
          },
          "nt_id": 333,
          "params": {
            "fmod0": 0.0007704566301401372,
            "kdeg": 0.008980571213938119,
            "kobs": 0.0003605226679603219,
            "log_fmod0": -7.168527192731045,
            "log_fmod0_err": 0.0965124633549683,
            "log_kdeg": -4.712691789121085,
            "log_kdeg_err": 2.6262555259134945,
            "log_kobs": -7.927955723991892,
            "log_kobs_err": 1.4233060245015028,
            "metadata": {
              "base": "G",
              "fmod_run_ids": [
                940,
                941,
                942,
                943,
                944,
                945,
                946
              ],
              "site": 32,
              "valtype": "modrate"
            }
          },
          "valtype": "modrate"
        },
        {
          "diagnostics": {
            "chisq": 3.835219113106631e-08,
            "covariance": {
              "matrix": [
                [
                  407220102.2966006,
                  -407190033.8335188,
                  43.771224259652364
                ],
                [
                  -407190033.8335188,
                  407159968.10172147,
                  -43.80988966497363
                ],
                [
                  43.771224259652364,
                  -43.80988966497363,
                  0.005971722857233023
                ]
              ],
              "params": [
                "log_kappa",
                "log_kdeg",
                "log_fmod_0"
              ]
            },
            "ndata": 7,
            "nfree": 4,
            "r2": 0.3284673122280649,
            "reduced_chisq": 9.588047782766577e-09,
            "status": "completed",
            "success": true,
            "time_max": 135.0,
            "time_min": 0.0
          },
          "nt_id": 334,
          "params": {
            "fmod0": 0.0007354272584697887,
            "kdeg": 7.866434633301089e-11,
            "kobs": 13756.326381710047,
            "log_fmod0": -7.215058923602654,
            "log_fmod0_err": 0.0772769231868934,
            "log_kdeg": -23.265831095772867,
            "log_kdeg_err": 20178.205274546133,
            "log_kobs": 9.529254097768947,
            "log_kobs_err": 20179.69529741717,
            "metadata": {
              "base": "G",
              "fmod_run_ids": [
                940,
                941,
                942,
                943,
                944,
                945,
                946
              ],
              "site": 33,
              "valtype": "modrate"
            }
          },
          "valtype": "modrate"
        },
        {
          "diagnostics": {
            "chisq": 7.905712128784493e-09,
            "covariance": {
              "matrix": [
                [
                  0.05690159607436948,
                  0.07922311281430043,
                  -0.1240644205566905
                ],
                [
                  0.07922311281430043,
                  0.17403920267792125,
                  -0.19655960670461917
                ],
                [
                  -0.1240644205566905,
                  -0.19655960670461917,
                  0.2843018717407382
                ]
              ],
              "params": [
                "log_kappa",
                "log_kdeg",
                "log_fmod_0"
              ]
            },
            "ndata": 6,
            "nfree": 3,
            "r2": 0.9412057344063505,
            "reduced_chisq": 2.6352373762614977e-09,
            "status": "completed",
            "success": true,
            "time_max": 135.0,
            "time_min": 10.0
          },
          "nt_id": 335,
          "params": {
            "fmod0": 0.00029958812205208203,
            "kdeg": 0.04665200735784236,
            "kobs": 0.0006205098358859025,
            "log_fmod0": -8.113101953128222,
            "log_fmod0_err": 0.5331996546704979,
            "log_kdeg": -3.065039322435727,
            "log_kdeg_err": 0.41718006025926174,
            "log_kobs": -7.384969101896653,
            "log_kobs_err": 0.23854055435998608,
            "metadata": {
              "base": "G",
              "fmod_run_ids": [
                940,
                941,
                942,
                943,
                944,
                945
              ],
              "site": 34,
              "valtype": "modrate"
            }
          },
          "valtype": "modrate"
        },
        {
          "diagnostics": {
            "chisq": 4.28363716908473e-06,
            "covariance": {
              "matrix": [
                [
                  0.004680096560401291,
                  0.0012661037224582332,
                  -0.08417329901484001
                ],
                [
                  0.0012661037224582332,
                  0.0263454654427462,
                  -0.10275314001258362
                ],
                [
                  -0.08417329901484001,
                  -0.10275314001258362,
                  2.0690255475000683
                ]
              ],
              "params": [
                "log_kappa",
                "log_kdeg",
                "log_fmod_0"
              ]
            },
            "ndata": 7,
            "nfree": 4,
            "r2": 0.9821738927278192,
            "reduced_chisq": 1.0709092922711825e-06,
            "status": "completed",
            "success": true,
            "time_max": 135.0,
            "time_min": 0.0
          },
          "nt_id": 336,
          "params": {
            "fmod0": 0.0007034105413028787,
            "kdeg": 0.06376704946271562,
            "kobs": 0.01673886797947898,
            "log_fmod0": -7.259569851822754,
            "log_fmod0_err": 1.4384107714766559,
            "log_kdeg": -2.752518688147584,
            "log_kdeg_err": 0.16231286283824273,
            "log_kobs": -4.090021839894431,
            "log_kobs_err": 0.06841123124459383,
            "metadata": {
              "base": "A",
              "fmod_run_ids": [
                940,
                941,
                942,
                943,
                944,
                945,
                946
              ],
              "site": 35,
              "valtype": "modrate"
            }
          },
          "valtype": "modrate"
        },
        {
          "diagnostics": {
            "chisq": 2.619434806494366e-08,
            "covariance": {
              "matrix": [
                [
                  0.02847223633674798,
                  0.004820647058340049,
                  -0.015511105319470758
                ],
                [
                  0.004820647058340049,
                  0.18753707096746206,
                  -0.025122533260705092
                ],
                [
                  -0.015511105319470758,
                  -0.025122533260705092,
                  0.013263097439088975
                ]
              ],
              "params": [
                "log_kappa",
                "log_kdeg",
                "log_fmod_0"
              ]
            },
            "ndata": 7,
            "nfree": 4,
            "r2": 0.8981988091828467,
            "reduced_chisq": 6.548587016235915e-09,
            "status": "completed",
            "success": true,
            "time_max": 135.0,
            "time_min": 0.0
          },
          "nt_id": 337,
          "params": {
            "fmod0": 0.0006670159391485918,
            "kdeg": 0.04542780260698047,
            "kobs": 0.0005122198468828109,
            "log_fmod0": -7.312696615559673,
            "log_fmod0_err": 0.11516552191992609,
            "log_kdeg": -3.0916309691461947,
            "log_kdeg_err": 0.4330555056427086,
            "log_kobs": -7.576756636642613,
            "log_kobs_err": 0.16873718125163756,
            "metadata": {
              "base": "G",
              "fmod_run_ids": [
                940,
                941,
                942,
                943,
                944,
                945,
                946
              ],
              "site": 36,
              "valtype": "modrate"
            }
          },
          "valtype": "modrate"
        },
        {
          "diagnostics": {
            "chisq": 1.9201983924407015e-05,
            "covariance": {
              "matrix": [
                [
                  0.0052454202125584585,
                  0.0008639791683485514,
                  -0.1450793977533723
                ],
                [
                  0.0008639791683485514,
                  0.03323812001746506,
                  -0.22637152087055512
                ],
                [
                  -0.1450793977533723,
                  -0.22637152087055512,
                  6.233757745765699
                ]
              ],
              "params": [
                "log_kappa",
                "log_kdeg",
                "log_fmod_0"
              ]
            },
            "ndata": 7,
            "nfree": 4,
            "r2": 0.9802407397652884,
            "reduced_chisq": 4.800495981101754e-06,
            "status": "completed",
            "success": true,
            "time_max": 135.0,
            "time_min": 0.0
          },
          "nt_id": 338,
          "params": {
            "fmod0": 0.000835542164515677,
            "kdeg": 0.04589397178463804,
            "kobs": 0.033476588342940226,
            "log_fmod0": -7.087429744995527,
            "log_fmod0_err": 2.4967494359197717,
            "log_kdeg": -3.0814215042086754,
            "log_kdeg_err": 0.18231324696100681,
            "log_kobs": -3.3969089398990286,
            "log_kobs_err": 0.0724252732998534,
            "metadata": {
              "base": "C",
              "fmod_run_ids": [
                940,
                941,
                942,
                943,
                944,
                945,
                946
              ],
              "site": 37,
              "valtype": "modrate"
            }
          },
          "valtype": "modrate"
        },
        {
          "diagnostics": {
            "chisq": 4.049466390828622e-07,
            "covariance": {
              "matrix": [
                [
                  0.029631348643221925,
                  0.003673142455413743,
