{
  "artifacts": {},
  "engine": "python_baseline",
  "engine_version": "0.1.0",
  "metadata": {
    "buffer_pH": 6.5,
    "done_by": [
      "EKC"
    ],
    "experiment_id": "ekc.01.0xx",
    "fmod_run_id": 420,
    "initial_kdeg": 0.0017284839827429704,
    "initial_kdeg_source": "arrhenius:nmr:deg:dms:Schwalbe_bistris",
    "initial_log_kdeg": -6.360510565210198,
    "notes": "Baseline python engine demo using examples/nerd.sqlite",
    "rg_id": 40,
    "rg_label": "45_2_A8C",
    "rounds_requested": [
      "round1_free",
      "round2_global",
      "round3_constrained"
    ],
    "rt_protocol": [
      "MRT"
    ],
    "selected_site_bases": [
      "10_U",
      "11_U",
      "12_U",
      "13_U",
      "14_G",
      "15_A",
      "16_A",
      "17_U",
      "18_A",
      "19_G",
      "1_A",
      "20_U",
      "21_G",
      "22_A",
      "23_U",
      "24_U",
      "25_C",
      "26_A",
      "27_G",
      "28_G",
      "29_A",
      "2_G",
      "30_G",
      "31_G",
      "32_U",
      "33_U",
      "34_A",
      "35_A",
      "36_U",
      "3_G",
      "4_U",
      "5_U",
      "61_G",
      "62_G",
      "6_G",
      "7_A",
      "8_C",
      "9_C"
    ],
    "temperature_c": 45.0,
    "valtypes": [
      "modrate",
      "GAmodrate"
    ]
  },
  "rounds": [
    {
      "global_params": {},
      "notes": null,
      "per_nt": [
        {
          "diagnostics": {
            "reason": "Non-zero fmod values are required for a fit.",
            "status": "failed"
          },
          "nt_id": 470,
          "params": {},
          "valtype": "modrate"
        },
        {
          "diagnostics": {
            "reason": "Non-zero fmod values are required for a fit.",
            "status": "failed"
          },
          "nt_id": 471,
          "params": {},
          "valtype": "modrate"
        },
        {
          "diagnostics": {
            "reason": "Non-zero fmod values are required for a fit.",
            "status": "failed"
          },
          "nt_id": 472,
          "params": {},
          "valtype": "modrate"
        },
        {
          "diagnostics": {
            "reason": "Non-zero fmod values are required for a fit.",
            "status": "failed"
          },
          "nt_id": 473,
          "params": {},
          "valtype": "modrate"
        },
        {
          "diagnostics": {
            "chisq": 2.2121464743055152e-08,
            "covariance": {
              "matrix": [
                [
                  0.11965795335062111,
                  0.15249535241280013,
                  -0.11677887950628274
                ],
                [
                  0.15249535241280013,
                  0.3195203006141019,
                  -0.16565801464977936
                ],
                [
                  -0.11677887950628274,
                  -0.16565801464977936,
                  0.11836930458049379
                ]
              ],
              "params": [
                "log_kappa",
                "log_kdeg",
                "log_fmod_0"
              ]
            },
            "ndata": 6,
            "nfree": 3,
            "r2": 0.876806853827969,
            "reduced_chisq": 7.373821581018384e-09,
            "status": "completed",
            "success": true,
            "time_max": 2400.0,
            "time_min": 120.0
          },
          "nt_id": 474,
          "params": {
            "fmod0": 0.0007583140824297595,
            "kdeg": 0.003978891344038467,
            "kobs": 0.0007218875626066298,
            "log_fmod0": -7.184412901376469,
            "log_fmod0_err": 0.34404840441498025,
            "log_kdeg": -5.52675205526419,
            "log_kdeg_err": 0.5652612675693444,
            "log_kobs": -7.233641161660427,
            "log_kobs_err": 0.3459161073882237,
            "metadata": {
              "base": "U",
              "fmod_run_ids": [
                415,
                416,
                417,
                418,
                419,
                420
              ],
              "site": 5,
              "valtype": "modrate"
            }
          },
          "valtype": "modrate"
        },
        {
          "diagnostics": {
            "chisq": 1.7839412494540474e-07,
            "covariance": {
              "matrix": [
                [
                  0.1356632349009989,
                  -0.012836558679132625,
                  -0.0593537195567758
                ],
                [
                  -0.012836558679132625,
                  1.3894334812795128,
                  -0.23716404948874054
                ],
                [
                  -0.0593537195567758,
                  -0.23716404948874054,
                  0.07427806266900469
                ]
              ],
              "params": [
                "log_kappa",
                "log_kdeg",
                "log_fmod_0"
              ]
            },
            "ndata": 6,
            "nfree": 3,
            "r2": 0.7111154969691149,
            "reduced_chisq": 5.946470831513491e-08,
            "status": "completed",
            "success": true,
            "time_max": 2400.0,
            "time_min": 120.0
          },
          "nt_id": 475,
          "params": {
            "fmod0": 0.001301409616396384,
            "kdeg": 0.0013378023296877078,
            "kobs": 0.000929299352234921,
            "log_fmod0": -6.644307281660379,
            "log_fmod0_err": 0.2725400203071187,
            "log_kdeg": -6.616727063849499,
            "log_kdeg_err": 1.178742330316305,
            "log_kobs": -6.981079640447472,
            "log_kobs_err": 0.36832490399238405,
            "metadata": {
              "base": "G",
              "fmod_run_ids": [
                415,
                416,
                417,
                418,
                419,
                420
              ],
              "site": 6,
              "valtype": "modrate"
            }
          },
          "valtype": "modrate"
        },
        {
          "diagnostics": {
            "chisq": 5.798564910160827e-07,
            "covariance": {
              "matrix": [
                [
                  0.0012133610475332855,
                  0.0014877556063104854,
                  -0.02495985173137575
                ],
                [
                  0.0014877556063104854,
                  0.005331470143944822,
                  -0.044007181909338916
                ],
                [
                  -0.02495985173137575,
                  -0.044007181909338916,
                  0.5885873146398883
                ]
              ],
              "params": [
                "log_kappa",
                "log_kdeg",
                "log_fmod_0"
              ]
            },
            "ndata": 6,
            "nfree": 3,
            "r2": 0.997685033465546,
            "reduced_chisq": 1.932854970053609e-07,
            "status": "completed",
            "success": true,
            "time_max": 2400.0,
            "time_min": 120.0
          },
          "nt_id": 476,
          "params": {
            "fmod0": 0.0011603456427602035,
            "kdeg": 0.0024795475454719093,
            "kobs": 0.024476090087074635,
            "log_fmod0": -6.759037350350754,
            "log_fmod0_err": 0.767194443827566,
            "log_kdeg": -5.999679176791664,
            "log_kdeg_err": 0.07301691683401061,
            "log_kobs": -3.710058552759648,
            "log_kobs_err": 0.03483333242073296,
            "metadata": {
              "base": "A",
              "fmod_run_ids": [
                415,
                416,
                417,
                418,
                419,
                420
              ],
              "site": 7,
              "valtype": "modrate"
            }
          },
          "valtype": "modrate"
        },
        {
          "diagnostics": {
            "chisq": 3.985265038390905e-05,
            "covariance": {
              "matrix": [
                [
                  0.3222932570145733,
                  0.3688933483138391,
                  -0.49134575898835997
                ],
                [
                  0.3688933483138391,
                  0.5372175531689861,
                  -0.5822078361355412
                ],
                [
                  -0.49134575898835997,
                  -0.5822078361355412,
                  0.7574992853306882
                ]
              ],
              "params": [
                "log_kappa",
                "log_kdeg",
                "log_fmod_0"
              ]
            },
            "ndata": 6,
            "nfree": 3,
            "r2": 0.835350795559689,
            "reduced_chisq": 1.328421679463635e-05,
            "status": "completed",
            "success": true,
            "time_max": 2400.0,
            "time_min": 120.0
          },
          "nt_id": 477,
          "params": {
            "fmod0": 0.02102086382648344,
            "kdeg": 0.005641560087934391,
            "kobs": 0.03227908988437153,
            "log_fmod0": -3.862239818921807,
            "log_fmod0_err": 0.8703443487095716,
            "log_kdeg": -5.177594640386147,
            "log_kdeg_err": 0.7329512624786085,
            "log_kobs": -3.433335630390141,
            "log_kobs_err": 0.5677087783490522,
            "metadata": {
              "base": "C",
              "fmod_run_ids": [
                415,
                416,
                417,
                418,
                419,
                420
              ],
              "site": 8,
              "valtype": "modrate"
            }
          },
          "valtype": "modrate"
        },
        {
          "diagnostics": {
            "chisq": 2.7770156695743923e-06,
            "covariance": {
              "matrix": [
                [
                  0.013143211313951814,
                  0.016302726667961856,
                  -0.17916692987521526
                ],
                [
                  0.016302726667961856,
                  0.05650690166820832,
                  -0.31229489697402824
                ],
                [
                  -0.17916692987521526,
                  -0.31229489697402824,
                  2.7752074371202817
                ]
              ],
              "params": [
                "log_kappa",
                "log_kdeg",
                "log_fmod_0"
              ]
            },
            "ndata": 6,
            "nfree": 3,
            "r2": 0.9758104886644298,
            "reduced_chisq": 9.256718898581307e-07,
            "status": "completed",
            "success": true,
            "time_max": 2400.0,
            "time_min": 120.0
          },
          "nt_id": 478,
          "params": {
            "fmod0": 0.0011880138937447734,
            "kdeg": 0.002547642604939362,
            "kobs": 0.016428253021821153,
            "log_fmod0": -6.7354723630387126,
            "log_fmod0_err": 1.6658953860072612,
            "log_kdeg": -5.9725868160477225,
            "log_kdeg_err": 0.2377118038049611,
            "log_kobs": -4.108752681142471,
            "log_kobs_err": 0.1146438455127523,
            "metadata": {
              "base": "C",
              "fmod_run_ids": [
                415,
                416,
                417,
                418,
                419,
                420
              ],
              "site": 9,
              "valtype": "modrate"
            }
          },
          "valtype": "modrate"
        },
        {
          "diagnostics": {
            "chisq": 1.7126118913539098e-08,
            "covariance": {
              "matrix": [
                [
                  1.4184195123237846,
                  1.8182235159294107,
                  -0.30824970747087943
                ],
                [
                  1.8182235159294107,
                  5.302171548741699,
                  -0.5021392066515287
                ],
                [
                  -0.30824970747087943,
                  -0.5021392066515287,
                  0.07320463819323281
                ]
              ],
              "params": [
                "log_kappa",
                "log_kdeg",
                "log_fmod_0"
              ]
            },
            "ndata": 6,
            "nfree": 3,
            "r2": 0.29547754601390075,
            "reduced_chisq": 5.708706304513033e-09,
            "status": "completed",
            "success": true,
            "time_max": 2400.0,
            "time_min": 120.0
          },
          "nt_id": 479,
          "params": {
            "fmod0": 0.0006345522766632797,
            "kdeg": 0.002930888298854739,
            "kobs": 0.00013601783633570275,
            "log_fmod0": -7.362590883875471,
            "log_fmod0_err": 0.2705635566613375,
            "log_kdeg": -5.832449728230452,
            "log_kdeg_err": 2.302644468592948,
            "log_kobs": -8.902724531300343,
            "log_kobs_err": 1.190974186254171,
            "metadata": {
              "base": "U",
              "fmod_run_ids": [
                415,
                416,
                417,
                418,
                419,
                420
              ],
              "site": 10,
              "valtype": "modrate"
            }
          },
          "valtype": "modrate"
        },
        {
          "diagnostics": {
            "chisq": 1.4891069435105785e-08,
            "covariance": {
              "matrix": [
                [
                  316.6453774197459,
                  153.72103122247574,
                  -611636282.7797884
                ],
                [
                  153.72103122247574,
                  74.70137775504837,
                  -296936117.1776653
                ],
                [
                  -611636282.7797884,
                  -296936117.1776653,
                  1181447692634585.8
                ]
              ],
              "params": [
                "log_kappa",
                "log_kdeg",
                "log_fmod_0"
              ]
            },
            "ndata": 6,
            "nfree": 3,
            "r2": 0.5192319423021041,
            "reduced_chisq": 4.963689811701928e-09,
            "status": "completed",
            "success": true,
            "time_max": 2400.0,
            "time_min": 120.0
          },
          "nt_id": 480,
          "params": {
            "fmod0": 2.376386622220774e-10,
            "kdeg": 0.017233237292739487,
            "kobs": 0.0010894261626458992,
            "log_fmod0": -22.1602698218876,
            "log_fmod0_err": 34372193.596489966,
            "log_kdeg": -4.060915359106548,
            "log_kdeg_err": 8.64299587845837,
            "log_kobs": -6.822104177656018,
            "log_kobs_err": 17.794532233799963,
            "metadata": {
              "base": "U",
              "fmod_run_ids": [
                415,
                416,
                417,
                418,
                419,
                420
              ],
              "site": 11,
              "valtype": "modrate"
            }
          },
          "valtype": "modrate"
        },
        {
          "diagnostics": {
            "chisq": 6.50575495522323e-09,
            "covariance": {
              "matrix": [
                [
                  0.09600221030314507,
                  0.10756834932204207,
                  -0.019798134633492614
                ],
                [
                  0.10756834932204207,
                  0.5514864511516605,
                  -0.0409162917984052
                ],
                [
                  -0.019798134633492614,
                  -0.0409162917984052,
                  0.005166921062135215
                ]
              ],
              "params": [
                "log_kappa",
                "log_kdeg",
                "log_fmod_0"
              ]
            },
            "ndata": 6,
            "nfree": 3,
            "r2": 0.8163193323168967,
            "reduced_chisq": 2.16858498507441e-09,
            "status": "completed",
            "success": true,
            "time_max": 2400.0,
            "time_min": 120.0
          },
          "nt_id": 481,
          "params": {
            "fmod0": 0.0011574999116515901,
            "kdeg": 0.002067514997438435,
            "kobs": 0.0002484300628461507,
            "log_fmod0": -6.761492848330808,
            "log_fmod0_err": 0.07188129841714891,
            "log_kdeg": -6.1814078771926475,
            "log_kdeg_err": 0.7426213376625133,
            "log_kobs": -8.300349189277313,
            "log_kobs_err": 0.3098422345374256,
            "metadata": {
              "base": "U",
              "fmod_run_ids": [
                415,
                416,
                417,
                418,
                419,
                420
              ],
              "site": 12,
              "valtype": "modrate"
            }
          },
          "valtype": "modrate"
        },
        {
          "diagnostics": {
            "chisq": 5.999835748746592e-08,
            "covariance": {
              "matrix": [
                [
                  0.48672981243590063,
                  0.6264261912826645,
                  -0.391755321912983
                ],
                [
                  0.6264261912826645,
                  1.706770105568759,
                  -0.6201570901380683
                ],
                [
                  -0.391755321912983,
                  -0.6201570901380683,
                  0.34022916933049385
                ]
              ],
              "params": [
                "log_kappa",
                "log_kdeg",
                "log_fmod_0"
              ]
            },
            "ndata": 6,
            "nfree": 3,
            "r2": 0.5649608092375904,
            "reduced_chisq": 1.9999452495821973e-08,
            "status": "completed",
            "success": true,
            "time_max": 2400.0,
            "time_min": 120.0
          },
          "nt_id": 482,
          "params": {
            "fmod0": 0.0005777498594979674,
            "kdeg": 0.0031031866623335252,
            "kobs": 0.00045727696583677786,
            "log_fmod0": -7.4563695519981,
            "log_fmod0_err": 0.5832916674619086,
            "log_kdeg": -5.775325739884127,
            "log_kdeg_err": 1.3064341183422756,
            "log_kobs": -7.690221298486261,
            "log_kobs_err": 0.6976602414040094,
            "metadata": {
              "base": "U",
              "fmod_run_ids": [
                415,
                416,
                417,
                418,
                419,
                420
              ],
              "site": 13,
              "valtype": "modrate"
            }
          },
          "valtype": "modrate"
        },
        {
          "diagnostics": {
            "chisq": 5.371313552816924e-07,
            "covariance": {
              "matrix": [
                [
                  75825560580651.77,
                  -75819381718095.72,
                  -2639710.3805486932
                ],
                [
                  -75819381718095.72,
                  75813203359049.06,
                  2639494.9889985155
                ],
                [
                  -2639710.3805486932,
                  2639494.9889985155,
                  0.1096616971587174
                ]
              ],
              "params": [
                "log_kappa",
                "log_kdeg",
                "log_fmod_0"
              ]
            },
            "ndata": 6,
            "nfree": 3,
            "r2": 0.044836329165125366,
            "reduced_chisq": 1.7904378509389745e-07,
            "status": "completed",
            "success": true,
            "time_max": 2400.0,
            "time_min": 120.0
          },
          "nt_id": 483,
          "params": {
            "fmod0": 0.0022030586236468663,
            "kdeg": 2.3668560546639984e-10,
            "kobs": 342.2771479132846,
            "log_fmod0": -6.117908600691269,
            "log_fmod0_err": 0.33115207557664106,
            "log_kdeg": -22.16428841466551,
            "log_kdeg_err": 8707077.773802705,
            "log_kobs": 5.8356207829023194,
            "log_kobs_err": 8707787.352746492,
            "metadata": {
              "base": "G",
              "fmod_run_ids": [
                415,
                416,
                417,
                418,
                419,
                420
              ],
              "site": 14,
              "valtype": "modrate"
            }
          },
          "valtype": "modrate"
        },
        {
          "diagnostics": {
            "chisq": 4.095003958240861e-06,
            "covariance": {
              "matrix": [
                [
                  0.009771016669686078,
                  0.01216225177619349,
                  -0.2014451644233665
                ],
                [
                  0.01216225177619349,
                  0.040091860161220794,
                  -0.3427698520016654
                ],
                [
                  -0.2014451644233665,
                  -0.3427698520016654,
                  4.6673545460421755
                ]
              ],
              "params": [
                "log_kappa",
                "log_kdeg",
                "log_fmod_0"
              ]
            },
            "ndata": 6,
            "nfree": 3,
            "r2": 0.9826222558135818,
            "reduced_chisq": 1.3650013194136205e-06,
            "status": "completed",
            "success": true,
            "time_max": 2400.0,
            "time_min": 120.0
          },
          "nt_id": 484,
          "params": {
            "fmod0": 0.0011405937260883263,
            "kdeg": 0.002625501570272308,
            "kobs": 0.023942676989998225,
            "log_fmod0": -6.776206339793237,
            "log_fmod0_err": 2.160406106740623,
            "log_kdeg": -5.942483326801486,
            "log_kdeg_err": 0.200229518705961,
            "log_kobs": -3.732092764301859,
            "log_kobs_err": 0.0988484530464998,
            "metadata": {
              "base": "A",
              "fmod_run_ids": [
                415,
                416,
                417,
                418,
                419,
                420
              ],
              "site": 15,
              "valtype": "modrate"
            }
          },
          "valtype": "modrate"
        },
        {
          "diagnostics": {
            "chisq": 3.3220684233702235e-06,
            "covariance": {
              "matrix": [
                [
                  0.009698698412742627,
                  0.011877159387866165,
                  -0.16131831307978517
                ],
                [
                  0.011877159387866165,
                  0.043380219927527414,
                  -0.28714972121796273
                ],
                [
                  -0.16131831307978517,
                  -0.28714972121796273,
                  3.0893281096376572
                ]
              ],
              "params": [
                "log_kappa",
                "log_kdeg",
                "log_fmod_0"
              ]
            },
            "ndata": 6,
            "nfree": 3,
            "r2": 0.9815091822944281,
            "reduced_chisq": 1.1073561411234078e-06,
            "status": "completed",
            "success": true,
            "time_max": 2400.0,
            "time_min": 120.0
          },
          "nt_id": 485,
          "params": {
            "fmod0": 0.0012020233848595832,
            "kdeg": 0.0024551849846164518,
            "kobs": 0.020452267292449706,
            "log_fmod0": -6.7237489881003105,
            "log_fmod0_err": 1.7576484601983575,
            "log_kdeg": -6.0095531704250655,
            "log_kdeg_err": 0.20827918745647012,
            "log_kobs": -3.8896615325925152,
            "log_kobs_err": 0.09848196998812841,
            "metadata": {
              "base": "A",
              "fmod_run_ids": [
                415,
                416,
                417,
                418,
                419,
                420
              ],
              "site": 16,
              "valtype": "modrate"
            }
          },
          "valtype": "modrate"
        },
        {
          "diagnostics": {
            "chisq": 1.3640269041717109e-08,
            "covariance": {
              "matrix": [
                [
                  0.525297402474451,
                  0.607354040525476,
                  -0.4869778565213901
                ],
                [
                  0.607354040525476,
                  0.8759636698163235,
                  -0.5806187293637998
                ],
                [
                  -0.4869778565213901,
                  -0.5806187293637998,
                  0.4559609543922718
                ]
              ],
              "params": [
                "log_kappa",
                "log_kdeg",
                "log_fmod_0"
              ]
            },
            "ndata": 6,
            "nfree": 3,
            "r2": 0.7619886980296909,
            "reduced_chisq": 4.546756347239036e-09,
            "status": "completed",
            "success": true,
            "time_max": 2400.0,
            "time_min": 120.0
          },
          "nt_id": 486,
          "params": {
            "fmod0": 0.0005267631522590034,
            "kdeg": 0.005888871030726391,
            "kobs": 0.00047696924016623997,
            "log_fmod0": -7.5487595368987535,
            "log_fmod0_err": 0.6752488092490588,
            "log_kdeg": -5.134690975288993,
            "log_kdeg_err": 0.9359293081297986,
            "log_kobs": -7.6480585551799,
            "log_kobs_err": 0.7247740354582599,
            "metadata": {
              "base": "U",
              "fmod_run_ids": [
                415,
                416,
                417,
                418,
                419,
                420
              ],
              "site": 17,
              "valtype": "modrate"
            }
          },
          "valtype": "modrate"
        },
        {
          "diagnostics": {
            "chisq": 1.950752936086952e-06,
            "covariance": {
              "matrix": [
                [
                  0.0011885255533635158,
                  0.0014679144164409124,
                  -0.016120066754140284
                ],
                [
                  0.0014679144164409124,
                  0.004514855107300749,
                  -0.026375612625066276
                ],
                [
                  -0.016120066754140284,
                  -0.026375612625066276,
                  0.24256387623086964
                ]
              ],
              "params": [
                "log_kappa",
                "log_kdeg",
                "log_fmod_0"
              ]
            },
            "ndata": 6,
            "nfree": 3,
            "r2": 0.9980074576922765,
            "reduced_chisq": 6.502509786956507e-07,
            "status": "completed",
            "success": true,
            "time_max": 2400.0,
            "time_min": 120.0
          },
          "nt_id": 487,
          "params": {
            "fmod0": 0.003580914140774179,
            "kdeg": 0.0027130254688016867,
            "kobs": 0.05054507103216139,
            "log_fmod0": -5.6321371645799525,
            "log_fmod0_err": 0.492507742305509,
            "log_kdeg": -5.9096908576598794,
            "log_kdeg_err": 0.06719267152971929,
            "log_kobs": -2.9848898450519203,
            "log_kobs_err": 0.034474998961037194,
            "metadata": {
              "base": "A",
              "fmod_run_ids": [
                415,
                416,
                417,
                418,
                419,
                420
              ],
              "site": 18,
              "valtype": "modrate"
            }
          },
          "valtype": "modrate"
        },
        {
          "diagnostics": {
            "chisq": 6.608744740681062e-09,
            "covariance": {
              "matrix": [
                [
                  0.017988521916654877,
                  -0.03970946081372339,
                  0.0012826746569736484
                ],
                [
                  -0.03970946081372339,
                  0.14645757590772798,
                  -0.01492373745753827
                ],
                [
                  0.0012826746569736484,
                  -0.01492373745753827,
                  0.0028866082950344298
                ]
              ],
              "params": [
                "log_kappa",
                "log_kdeg",
                "log_fmod_0"
              ]
            },
            "ndata": 6,
            "nfree": 3,
            "r2": 0.9788085376000325,
            "reduced_chisq": 2.202914913560354e-09,
            "status": "completed",
            "success": true,
            "time_max": 2400.0,
            "time_min": 120.0
          },
          "nt_id": 488,
          "params": {
            "fmod0": 0.0010911665011362588,
            "kdeg": 0.0007980852101657149,
            "kobs": 0.0008329688351883174,
            "log_fmod0": -6.820507970451638,
            "log_fmod0_err": 0.053727165335930666,
            "log_kdeg": -7.133295186558723,
            "log_kdeg_err": 0.3826977605209207,
            "log_kobs": -7.09051432923642,
            "log_kobs_err": 0.13412129553749053,
            "metadata": {
              "base": "G",
              "fmod_run_ids": [
                415,
                416,
                417,
                418,
                419,
                420
              ],
              "site": 19,
              "valtype": "modrate"
            }
          },
          "valtype": "modrate"
        },
        {
          "diagnostics": {
            "chisq": 4.841976476188401e-08,
            "covariance": {
              "matrix": [
                [
                  0.15268047016331496,
                  0.19651152652190526,
                  -0.14989295171409056
                ],
                [
                  0.19651152652190526,
                  0.46652927981909714,
                  -0.22402312399948132
                ],
                [
                  -0.14989295171409056,
                  -0.22402312399948132,
                  0.15530721680818893
                ]
              ],
              "params": [
                "log_kappa",
                "log_kdeg",
                "log_fmod_0"
              ]
            },
            "ndata": 6,
            "nfree": 3,
            "r2": 0.8267897710722822,
            "reduced_chisq": 1.613992158729467e-08,
            "status": "completed",
            "success": true,
            "time_max": 2400.0,
            "time_min": 120.0
          },
          "nt_id": 489,
          "params": {
            "fmod0": 0.0008615949316291406,
            "kdeg": 0.0035170566970784975,
            "kobs": 0.0008275829659701027,
            "log_fmod0": -7.05672531464968,
            "log_fmod0_err": 0.3940903662971082,
            "log_kdeg": -5.6501308047562855,
            "log_kdeg_err": 0.6830294867859639,
            "log_kobs": -7.097001194747793,
            "log_kobs_err": 0.3907434838398651,
            "metadata": {
              "base": "U",
              "fmod_run_ids": [
                415,
                416,
                417,
                418,
                419,
                420
              ],
              "site": 20,
              "valtype": "modrate"
            }
          },
          "valtype": "modrate"
        },
        {
          "diagnostics": {
            "chisq": 1.8883875741791862e-07,
            "covariance": {
              "matrix": [
                [
                  0.9158770330078816,
                  -1.7231669897849393,
                  0.08371835478934525
                ],
                [
                  -1.7231669897849393,
                  3.549727893034035,
                  -0.2307857381773739
                ],
                [
                  0.08371835478934525,
                  -0.2307857381773739,
                  0.028727057580772725
                ]
              ],
              "params": [
                "log_kappa",
                "log_kdeg",
                "log_fmod_0"
              ]
            },
            "ndata": 6,
            "nfree": 3,
            "r2": 0.8078225110367412,
            "reduced_chisq": 6.294625247263954e-08,
            "status": "completed",
            "success": true,
            "time_max": 2400.0,
            "time_min": 120.0
          },
          "nt_id": 490,
          "params": {
            "fmod0": 0.0017012191908481044,
            "kdeg": 0.0004997436048138054,
            "kobs": 0.0016063887535459245,
            "log_fmod0": -6.376410113877141,
            "log_fmod0_err": 0.1694905825725215,
            "log_kdeg": -7.601415381436419,
            "log_kdeg_err": 1.8840721570667178,
            "log_kobs": -6.43376662952105,
            "log_kobs_err": 0.9570146461825344,
            "metadata": {
              "base": "G",
              "fmod_run_ids": [
                415,
                416,
                417,
                418,
                419,
                420
              ],
              "site": 21,
              "valtype": "modrate"
            }
          },
          "valtype": "modrate"
        },
        {
          "diagnostics": {
            "chisq": 3.379496072988942e-06,
            "covariance": {
              "matrix": [
                [
                  0.004338105834690652,
                  0.005166225190339403,
                  -0.04172934459582833
                ],
                [
                  0.005166225190339403,
                  0.020687638759350965,
                  -0.07700316544147966
                ],
                [
                  -0.04172934459582833,
                  -0.07700316544147966,
                  0.4738154561347959
                ]
              ],
              "params": [
                "log_kappa",
                "log_kdeg",
                "log_fmod_0"
              ]
            },
            "ndata": 6,
            "nfree": 3,
            "r2": 0.9912740447901252,
            "reduced_chisq": 1.126498690996314e-06,
            "status": "completed",
            "success": true,
            "time_max": 2400.0,
            "time_min": 120.0
          },
          "nt_id": 491,
          "params": {
            "fmod0": 0.002982479356394846,
            "kdeg": 0.00230948285787268,
            "kobs": 0.029882295613598987,
            "log_fmod0": -5.815000325593744,
            "log_fmod0_err": 0.6883425427320295,
            "log_kdeg": -6.070731650562087,
            "log_kdeg_err": 0.1438319810033602,
            "log_kobs": -3.510489093904265,
            "log_kobs_err": 0.06586429863507735,
            "metadata": {
              "base": "A",
              "fmod_run_ids": [
                415,
                416,
                417,
                418,
                419,
                420
              ],
              "site": 22,
              "valtype": "modrate"
            }
          },
          "valtype": "modrate"
        },
        {
          "diagnostics": {
            "chisq": 4.480146002288456e-08,
            "covariance": {
              "matrix": [
                [
                  11775739927345.793,
                  -11774752789189.145,
                  -151746.38575176604
                ],
                [
                  -11774752789189.145,
                  11773765733784.041,
                  151733.60814271396
                ],
                [
                  -151746.38575176604,
                  151733.60814271396,
                  0.005044050330889285
                ]
              ],
              "params": [
                "log_kappa",
                "log_kdeg",
                "log_fmod_0"
              ]
            },
            "ndata": 6,
            "nfree": 3,
            "r2": 0.17166253701725864,
            "reduced_chisq": 1.4933820007628186e-08,
            "status": "completed",
            "success": true,
            "time_max": 2400.0,
            "time_min": 120.0
          },
          "nt_id": 492,
          "params": {
            "fmod0": 0.00152592760063923,
            "kdeg": 4.209384733675759e-10,
            "kobs": 116.7841202522523,
            "log_fmod0": -6.485152791125296,
            "log_fmod0_err": 0.07102147795483621,
            "log_kdeg": -21.588534436946254,
            "log_kdeg_err": 3431292.137633291,
            "log_kobs": 4.760327104406755,
            "log_kobs_err": 3431579.8005212983,
            "metadata": {
              "base": "U",
              "fmod_run_ids": [
                415,
                416,
                417,
                418,
                419,
                420
              ],
              "site": 23,
              "valtype": "modrate"
            }
          },
          "valtype": "modrate"
        },
        {
          "diagnostics": {
            "chisq": 5.2798525069977004e-08,
            "covariance": {
              "matrix": [
                [
                  133357854501.05872,
                  -133347504334.51303,
                  16174.053620653745
                ],
                [
                  -133347504334.51303,
                  133337154971.426,
                  -16172.822682228989
                ],
                [
                  16174.053620653745,
                  -16172.822682228989,
                  0.007571621218804418
                ]
              ],
              "params": [
                "log_kappa",
                "log_kdeg",
                "log_fmod_0"
              ]
            },
            "ndata": 6,
            "nfree": 3,
            "r2": 0.6733114946211814,
            "reduced_chisq": 1.7599508356659003e-08,
            "status": "completed",
            "success": true,
            "time_max": 2400.0,
            "time_min": 120.0
          },
          "nt_id": 493,
          "params": {
            "fmod0": 0.0012292088616178947,
            "kdeg": 1.5945158629055412e-10,
            "kobs": 1055.6128281922872,
            "log_fmod0": -6.70138451847759,
            "log_fmod0_err": 0.08701506317186937,
            "log_kdeg": -22.559280774007988,
            "log_kdeg_err": 365153.6046260888,
            "log_kobs": 6.961876757067915,
            "log_kobs_err": 365181.94711822586,
            "metadata": {
              "base": "U",
              "fmod_run_ids": [
                415,
                416,
                417,
                418,
                419,
                420
              ],
              "site": 24,
              "valtype": "modrate"
            }
          },
          "valtype": "modrate"
        },
        {
          "diagnostics": {
            "chisq": 5.889989941338722e-06,
            "covariance": {
              "matrix": [
                [
                  0.008911391278665684,
                  0.010816330990981608,
                  -0.20603034122002947
                ],
                [
                  0.010816330990981608,
                  0.040186857170161586,
                  -0.3684115403998296
                ],
                [
                  -0.20603034122002947,
                  -0.3684115403998296,
                  5.512235621034636
                ]
              ],
              "params": [
                "log_kappa",
                "log_kdeg",
                "log_fmod_0"
              ]
            },
            "ndata": 6,
            "nfree": 3,
            "r2": 0.982940368986637,
