{
  "artifacts": {},
  "engine": "python_baseline",
  "engine_version": "0.1.0",
  "metadata": {
    "buffer_pH": 6.5,
    "done_by": [
      "EKC"
    ],
    "experiment_id": "ekc.01.0xx",
    "fmod_run_id": 634,
    "initial_kdeg": 0.019705462789320123,
    "initial_kdeg_source": "arrhenius:nmr:deg:dms:Schwalbe_bistris",
    "initial_log_kdeg": -3.926859382728182,
    "notes": "Baseline python engine demo using examples/nerd.sqlite",
    "rg_id": 26,
    "rg_label": "70_1_A8C",
    "rounds_requested": [
      "round1_free",
      "round2_global",
      "round3_constrained"
    ],
    "temperature_c": 70.0,
    "valtypes": [
      "modrate",
      "GAmodrate"
    ]
  },
  "rounds": [
    {
      "global_params": {},
      "notes": null,
      "per_nt": [
        {
          "diagnostics": {
            "reason": "Non-zero fmod values are required for a fit.",
            "status": "failed"
          },
          "nt_id": 470,
          "params": {},
          "valtype": "modrate"
        },
        {
          "diagnostics": {
            "reason": "Non-zero fmod values are required for a fit.",
            "status": "failed"
          },
          "nt_id": 471,
          "params": {},
          "valtype": "modrate"
        },
        {
          "diagnostics": {
            "reason": "Non-zero fmod values are required for a fit.",
            "status": "failed"
          },
          "nt_id": 472,
          "params": {},
          "valtype": "modrate"
        },
        {
          "diagnostics": {
            "reason": "Non-zero fmod values are required for a fit.",
            "status": "failed"
          },
          "nt_id": 473,
          "params": {},
          "valtype": "modrate"
        },
        {
          "diagnostics": {
            "chisq": 7.691719994376131e-08,
            "covariance": {
              "matrix": [
                [
                  0.01773614615813689,
                  0.0031432402324065617,
                  -0.02485818769594202
                ],
                [
                  0.0031432402324065617,
                  0.09935442389358806,
                  -0.02745720211918462
                ],
                [
                  -0.02485818769594202,
                  -0.02745720211918462,
                  0.04727922799313715
                ]
              ],
              "params": [
                "log_kappa",
                "log_kdeg",
                "log_fmod_0"
              ]
            },
            "ndata": 7,
            "nfree": 4,
            "r2": 0.9341706773748973,
            "reduced_chisq": 1.9229299985940328e-08,
            "status": "completed",
            "success": true,
            "time_max": 300.0,
            "time_min": 0.0
          },
          "nt_id": 474,
          "params": {
            "fmod0": 0.0006237226367449349,
            "kdeg": 0.034925829258794686,
            "kobs": 0.001139639752425872,
            "log_fmod0": -7.379804780806812,
            "log_fmod0_err": 0.21743787157056416,
            "log_kdeg": -3.354528630132601,
            "log_kdeg_err": 0.31520536780579744,
            "log_kobs": -6.777043073160326,
            "log_kobs_err": 0.13317712325372136,
            "metadata": {
              "base": "U",
              "fmod_run_ids": [
                629,
                630,
                631,
                632,
                633,
                634,
                635
              ],
              "site": 5,
              "valtype": "modrate"
            }
          },
          "valtype": "modrate"
        },
        {
          "diagnostics": {
            "chisq": 3.54281700264039e-09,
            "covariance": {
              "matrix": [
                [
                  0.001533709034964032,
                  -7.843704903097959e-05,
                  -0.002435072073606733
                ],
                [
                  -7.843704903097959e-05,
                  0.010185904042744548,
                  -0.004570131564605469
                ],
                [
                  -0.002435072073606733,
                  -0.004570131564605469,
                  0.007277164820368066
                ]
              ],
              "params": [
                "log_kappa",
                "log_kdeg",
                "log_fmod_0"
              ]
            },
            "ndata": 7,
            "nfree": 4,
            "r2": 0.9939097226440348,
            "reduced_chisq": 8.857042506600975e-10,
            "status": "completed",
            "success": true,
            "time_max": 300.0,
            "time_min": 0.0
          },
          "nt_id": 475,
          "params": {
            "fmod0": 0.00031860491651124705,
            "kdeg": 0.016656456161768085,
            "kobs": 0.0008141804886559959,
            "log_fmod0": -8.051558728996447,
            "log_fmod0_err": 0.08530630000397431,
            "log_kdeg": -4.094957380250633,
            "log_kdeg_err": 0.10092523986964087,
            "log_kobs": -7.113328486004694,
            "log_kobs_err": 0.0391625973980791,
            "metadata": {
              "base": "G",
              "fmod_run_ids": [
                629,
                630,
                631,
                632,
                633,
                634,
                635
              ],
              "site": 6,
              "valtype": "modrate"
            }
          },
          "valtype": "modrate"
        },
        {
          "diagnostics": {
            "chisq": 1.5788693045241775e-06,
            "covariance": {
              "matrix": [
                [
                  0.0005246002862140765,
                  8.377479684638459e-05,
                  -0.014266118390661366
                ],
                [
                  8.377479684638459e-05,
                  0.002871494212650576,
                  -0.019244957530619354
                ],
                [
                  -0.014266118390661366,
                  -0.019244957530619354,
                  0.5805331946602151
                ]
              ],
              "params": [
                "log_kappa",
                "log_kdeg",
                "log_fmod_0"
              ]
            },
            "ndata": 7,
            "nfree": 4,
            "r2": 0.9979820060908676,
            "reduced_chisq": 3.947173261310444e-07,
            "status": "completed",
            "success": true,
            "time_max": 300.0,
            "time_min": 0.0
          },
          "nt_id": 476,
          "params": {
            "fmod0": 0.0007834741576642167,
            "kdeg": 0.023807447318653946,
            "kobs": 0.030564241905675214,
            "log_fmod0": -7.151772479910348,
            "log_fmod0_err": 0.7619272896151017,
            "log_kdeg": -3.737756834703144,
            "log_kdeg_err": 0.053586324866056786,
            "log_kobs": -3.4879245185024734,
            "log_kobs_err": 0.0229041543440066,
            "metadata": {
              "base": "A",
              "fmod_run_ids": [
                629,
                630,
                631,
                632,
                633,
                634,
                635
              ],
              "site": 7,
              "valtype": "modrate"
            }
          },
          "valtype": "modrate"
        },
        {
          "diagnostics": {
            "chisq": 0.00013991570215186777,
            "covariance": {
              "matrix": [
                [
                  0.011493111577466887,
                  0.0017652124853869166,
                  -0.03084054927069637
                ],
                [
                  0.0017652124853869166,
                  0.06050089725287604,
                  -0.03340381765835575
                ],
                [
                  -0.03084054927069637,
                  -0.03340381765835575,
                  0.11341180446134741
                ]
              ],
              "params": [
                "log_kappa",
                "log_kdeg",
                "log_fmod_0"
              ]
            },
            "ndata": 7,
            "nfree": 4,
            "r2": 0.9589741059158542,
            "reduced_chisq": 3.497892553796694e-05,
            "status": "completed",
            "success": true,
            "time_max": 300.0,
            "time_min": 0.0
          },
          "nt_id": 477,
          "params": {
            "fmod0": 0.017138824749874694,
            "kdeg": 0.0327190993076601,
            "kobs": 0.06434721447900785,
            "log_fmod0": -4.0664089358486315,
            "log_fmod0_err": 0.3367666914368869,
            "log_kdeg": -3.419796294898475,
            "log_kdeg_err": 0.24596930144405427,
            "log_kobs": -2.7434616329164174,
            "log_kobs_err": 0.10720593070099661,
            "metadata": {
              "base": "C",
              "fmod_run_ids": [
                629,
                630,
                631,
                632,
                633,
                634,
                635
              ],
              "site": 8,
              "valtype": "modrate"
            }
          },
          "valtype": "modrate"
        },
        {
          "diagnostics": {
            "chisq": 1.0571607357064805e-06,
            "covariance": {
              "matrix": [
                [
                  0.00042786118873973947,
                  6.748201077465003e-05,
                  -0.007792255584220433
                ],
                [
                  6.748201077465003e-05,
                  0.002356823097752607,
                  -0.010646331740588941
                ],
                [
                  -0.007792255584220433,
                  -0.010646331740588941,
                  0.21362041831691467
                ]
              ],
              "params": [
                "log_kappa",
                "log_kdeg",
                "log_fmod_0"
              ]
            },
            "ndata": 7,
            "nfree": 4,
            "r2": 0.9983481166867045,
            "reduced_chisq": 2.6429018392662013e-07,
            "status": "completed",
            "success": true,
            "time_max": 300.0,
            "time_min": 0.0
          },
          "nt_id": 478,
          "params": {
            "fmod0": 0.001055134946493647,
            "kdeg": 0.023453666141931916,
            "kobs": 0.027591779249850176,
            "log_fmod0": -6.854086608865683,
            "log_fmod0_err": 0.46219088947848663,
            "log_kdeg": -3.7527284576343307,
            "log_kdeg_err": 0.04854712244564663,
            "log_kobs": -3.590237403892425,
            "log_kobs_err": 0.02068480574575791,
            "metadata": {
              "base": "C",
              "fmod_run_ids": [
                629,
                630,
                631,
                632,
                633,
                634,
                635
              ],
              "site": 9,
              "valtype": "modrate"
            }
          },
          "valtype": "modrate"
        },
        {
          "diagnostics": {
            "chisq": 3.031541022130403e-08,
            "covariance": {
              "matrix": [
                [
                  0.031591482858921105,
                  0.0011030667337067262,
                  -0.022827081823707285
                ],
                [
                  0.0011030667337067262,
                  0.22660017125353052,
                  -0.017848555864999574
                ],
                [
                  -0.022827081823707285,
                  -0.017848555864999574,
                  0.020757926258383047
                ]
              ],
              "params": [
                "log_kappa",
                "log_kdeg",
                "log_fmod_0"
              ]
            },
            "ndata": 7,
            "nfree": 4,
            "r2": 0.8878749489859832,
            "reduced_chisq": 7.578852555326007e-09,
            "status": "completed",
            "success": true,
            "time_max": 300.0,
            "time_min": 0.0
          },
          "nt_id": 479,
          "params": {
            "fmod0": 0.0006026951213637338,
            "kdeg": 0.06062448932817981,
            "kobs": 0.0005401085049568224,
            "log_fmod0": -7.414099092142625,
            "log_fmod0_err": 0.14407611272651358,
            "log_kdeg": -2.8030563532126713,
            "log_kdeg_err": 0.476025389295078,
            "log_kobs": -7.523740503485482,
            "log_kobs_err": 0.17773993040091218,
            "metadata": {
              "base": "U",
              "fmod_run_ids": [
                629,
                630,
                631,
                632,
                633,
                634,
                635
              ],
              "site": 10,
              "valtype": "modrate"
            }
          },
          "valtype": "modrate"
        },
        {
          "diagnostics": {
            "chisq": 1.206846867878152e-08,
            "covariance": {
              "matrix": [
                [
                  0.007450719874719423,
                  -0.0005988930301331521,
                  -0.005483283955615705
                ],
                [
                  -0.0005988930301331521,
                  0.06739051586563567,
                  -0.0035107205021559875
                ],
                [
                  -0.005483283955615705,
                  -0.0035107205021559875,
                  0.0049794168662869644
                ]
              ],
              "params": [
                "log_kappa",
                "log_kdeg",
                "log_fmod_0"
              ]
            },
            "ndata": 7,
            "nfree": 4,
            "r2": 0.9710973254016334,
            "reduced_chisq": 3.01711716969538e-09,
            "status": "completed",
            "success": true,
            "time_max": 300.0,
            "time_min": 0.0
          },
          "nt_id": 480,
          "params": {
            "fmod0": 0.0007779185419968739,
            "kdeg": 0.07712829820158897,
            "kobs": 0.0007016589559127106,
            "log_fmod0": -7.158888741071003,
            "log_fmod0_err": 0.07056498328694598,
            "log_kdeg": -2.562285033306754,
            "log_kdeg_err": 0.2595968333120334,
            "log_kobs": -7.262063089774321,
            "log_kobs_err": 0.08631755252971103,
            "metadata": {
              "base": "U",
              "fmod_run_ids": [
                629,
                630,
                631,
                632,
                633,
                634,
                635
              ],
              "site": 11,
              "valtype": "modrate"
            }
          },
          "valtype": "modrate"
        },
        {
          "diagnostics": {
            "chisq": 5.726072135093567e-08,
            "covariance": {
              "matrix": [
                [
                  0.0221472712537715,
                  -0.010587376169385694,
                  -0.016520898070025096
                ],
                [
                  -0.010587376169385694,
                  0.48642970320719,
                  -0.006832514029495444
                ],
                [
                  -0.016520898070025096,
                  -0.006832514029495444,
                  0.014903784714356683
                ]
              ],
              "params": [
                "log_kappa",
                "log_kdeg",
                "log_fmod_0"
              ]
            },
            "ndata": 7,
            "nfree": 4,
            "r2": 0.9194585716893373,
            "reduced_chisq": 1.4315180337733917e-08,
            "status": "completed",
            "success": true,
            "time_max": 300.0,
            "time_min": 0.0
          },
          "nt_id": 481,
          "params": {
            "fmod0": 0.000980009362464965,
            "kdeg": 0.12159630613309347,
            "kobs": 0.0008839486108887033,
            "log_fmod0": -6.927948432809613,
            "log_fmod0_err": 0.12208105796706008,
            "log_kdeg": -2.107048687106422,
            "log_kdeg_err": 0.6974451255885226,
            "log_kobs": -7.031111629495231,
            "log_kobs_err": 0.14881959297677003,
            "metadata": {
              "base": "U",
              "fmod_run_ids": [
                629,
                630,
                631,
                632,
                633,
                634,
                635
              ],
              "site": 12,
              "valtype": "modrate"
            }
          },
          "valtype": "modrate"
        },
        {
          "diagnostics": {
            "chisq": 4.636101880627135e-08,
            "covariance": {
              "matrix": [
                [
                  0.012385427319127895,
                  0.0014469175799963123,
                  -0.023489271108311505
                ],
                [
                  0.0014469175799963123,
                  0.076701323274467,
                  -0.02180759555102083
                ],
                [
                  -0.023489271108311505,
                  -0.02180759555102083,
                  0.05766645782253918
                ]
              ],
              "params": [
                "log_kappa",
                "log_kdeg",
                "log_fmod_0"
              ]
            },
            "ndata": 7,
            "nfree": 4,
            "r2": 0.9529419301731274,
            "reduced_chisq": 1.1590254701567838e-08,
            "status": "completed",
            "success": true,
            "time_max": 300.0,
            "time_min": 0.0
          },
          "nt_id": 482,
          "params": {
            "fmod0": 0.00044474608877762646,
            "kdeg": 0.04731929600711705,
            "kobs": 0.0010652188011258256,
            "log_fmod0": -7.718007025661324,
            "log_fmod0_err": 0.24013841388361667,
            "log_kdeg": -3.0508371172624784,
            "log_kdeg_err": 0.2769500375058054,
            "log_kobs": -6.844575053855604,
            "log_kobs_err": 0.11128983475200192,
            "metadata": {
              "base": "U",
              "fmod_run_ids": [
                629,
                630,
                631,
                632,
                633,
                634,
                635
              ],
              "site": 13,
              "valtype": "modrate"
            }
          },
          "valtype": "modrate"
        },
        {
          "diagnostics": {
            "chisq": 4.1540160555409904e-08,
            "covariance": {
              "matrix": [
                [
                  0.0833425437231525,
                  0.01590458088914791,
                  -0.19766872458659368
                ],
                [
                  0.01590458088914791,
                  0.4581583419100324,
                  -0.24200083952815504
                ],
                [
                  -0.19766872458659368,
                  -0.24200083952815504,
                  0.6620286995591879
                ]
              ],
              "params": [
                "log_kappa",
                "log_kdeg",
                "log_fmod_0"
              ]
            },
            "ndata": 7,
            "nfree": 4,
            "r2": 0.7512854587594006,
            "reduced_chisq": 1.0385040138852476e-08,
            "status": "completed",
            "success": true,
            "time_max": 300.0,
            "time_min": 0.0
          },
          "nt_id": 483,
          "params": {
            "fmod0": 0.00012087692510390734,
            "kdeg": 0.029009875899460153,
            "kobs": 0.00038384206051222757,
            "log_fmod0": -9.020737677915097,
            "log_fmod0_err": 0.8136514607368366,
            "log_kdeg": -3.5401189587118127,
            "log_kdeg_err": 0.6768739483168431,
            "log_kobs": -7.865279390733308,
            "log_kobs_err": 0.2886910870171653,
            "metadata": {
              "base": "G",
              "fmod_run_ids": [
                629,
                630,
                631,
                632,
                633,
                634,
                635
              ],
              "site": 14,
              "valtype": "modrate"
            }
          },
          "valtype": "modrate"
        },
        {
          "diagnostics": {
            "chisq": 7.592621407753686e-07,
            "covariance": {
              "matrix": [
                [
                  0.00022353211013870285,
                  3.864364344163164e-05,
                  -0.009392711275446929
                ],
                [
                  3.864364344163164e-05,
                  0.0012004954242743626,
                  -0.011829107678574428
                ],
                [
                  -0.009392711275446929,
                  -0.011829107678574428,
                  0.5705057494019891
                ]
              ],
              "params": [
                "log_kappa",
                "log_kdeg",
                "log_fmod_0"
              ]
            },
            "ndata": 7,
            "nfree": 4,
            "r2": 0.9991417884953465,
            "reduced_chisq": 1.8981553519384216e-07,
            "status": "completed",
            "success": true,
            "time_max": 300.0,
            "time_min": 0.0
          },
          "nt_id": 484,
          "params": {
            "fmod0": 0.0005532314061114224,
            "kdeg": 0.02641519904891093,
            "kobs": 0.03266487667694408,
            "log_fmod0": -7.499734188072502,
            "log_fmod0_err": 0.7553183099872457,
            "log_kdeg": -3.6338157129442803,
            "log_kdeg_err": 0.034648166246922255,
            "log_kobs": -3.4214548860847613,
            "log_kobs_err": 0.0149509902728449,
            "metadata": {
              "base": "A",
              "fmod_run_ids": [
                629,
                630,
                631,
                632,
                633,
                634,
                635
              ],
              "site": 15,
              "valtype": "modrate"
            }
          },
          "valtype": "modrate"
        },
        {
          "diagnostics": {
            "chisq": 1.1819532898994214e-06,
            "covariance": {
              "matrix": [
                [
                  0.0005400623047399719,
                  9.147588068256308e-05,
                  -0.017078854823058483
                ],
                [
                  9.147588068256308e-05,
                  0.002941679297431237,
                  -0.022463474812559923
                ],
                [
                  -0.017078854823058483,
                  -0.022463474812559923,
                  0.7959805975968015
                ]
              ],
              "params": [
                "log_kappa",
                "log_kdeg",
                "log_fmod_0"
              ]
            },
            "ndata": 7,
            "nfree": 4,
            "r2": 0.9979137890881897,
            "reduced_chisq": 2.9548832247485536e-07,
            "status": "completed",
            "success": true,
            "time_max": 300.0,
            "time_min": 0.0
          },
          "nt_id": 485,
          "params": {
            "fmod0": 0.0005811207428603596,
            "kdeg": 0.024878559028589858,
            "kobs": 0.0259806313014749,
            "log_fmod0": -7.450552003666984,
            "log_fmod0_err": 0.8921774473706459,
            "log_kdeg": -3.693748929645725,
            "log_kdeg_err": 0.05423725009097748,
            "log_kobs": -3.6504039685170175,
            "log_kobs_err": 0.023239240623135083,
            "metadata": {
              "base": "A",
              "fmod_run_ids": [
                629,
                630,
                631,
                632,
                633,
                634,
                635
              ],
              "site": 16,
              "valtype": "modrate"
            }
          },
          "valtype": "modrate"
        },
        {
          "diagnostics": {
            "chisq": 1.1821222984649424e-07,
            "covariance": {
              "matrix": [
                [
                  0.027775267281892498,
                  0.005266205125200014,
                  -0.04664908634015082
                ],
                [
                  0.005266205125200014,
                  0.15275318148490505,
                  -0.05582772024033758
                ],
                [
                  -0.04664908634015082,
                  -0.05582772024033758,
                  0.10959658576508842
                ]
              ],
              "params": [
                "log_kappa",
                "log_kdeg",
                "log_fmod_0"
              ]
            },
            "ndata": 7,
            "nfree": 4,
            "r2": 0.9006962056379783,
            "reduced_chisq": 2.955305746162356e-08,
            "status": "completed",
            "success": true,
            "time_max": 300.0,
            "time_min": 0.0
          },
          "nt_id": 486,
          "params": {
            "fmod0": 0.000502734149744764,
            "kdeg": 0.030164102687445245,
            "kobs": 0.0011239905218956223,
            "log_fmod0": -7.595449056919862,
            "log_fmod0_err": 0.33105375056792274,
            "log_kdeg": -3.5011027143428883,
            "log_kdeg_err": 0.39083651503525746,
            "log_kobs": -6.790869960023396,
            "log_kobs_err": 0.16665913500883323,
            "metadata": {
              "base": "U",
              "fmod_run_ids": [
                629,
                630,
                631,
                632,
                633,
                634,
                635
              ],
              "site": 17,
              "valtype": "modrate"
            }
          },
          "valtype": "modrate"
        },
        {
          "diagnostics": {
            "chisq": 1.8112660368155455e-06,
            "covariance": {
              "matrix": [
                [
                  0.0007999461902033904,
                  0.00012205251614048754,
                  -0.016417385432176006
                ],
                [
                  0.00012205251614048754,
                  0.004438547527298542,
                  -0.022815297368247073
                ],
                [
                  -0.016417385432176006,
                  -0.022815297368247073,
                  0.5118812082534938
                ]
              ],
              "params": [
                "log_kappa",
                "log_kdeg",
                "log_fmod_0"
              ]
            },
            "ndata": 7,
            "nfree": 4,
            "r2": 0.9969108537005023,
            "reduced_chisq": 4.528165092038864e-07,
            "status": "completed",
            "success": true,
            "time_max": 300.0,
            "time_min": 0.0
          },
          "nt_id": 487,
          "params": {
            "fmod0": 0.0008902026270465088,
            "kdeg": 0.02292236307434199,
            "kobs": 0.026356874324540102,
            "log_fmod0": -7.024061450312387,
            "log_fmod0_err": 0.7154587397282207,
            "log_kdeg": -3.775642291475357,
            "log_kdeg_err": 0.06662242510820618,
            "log_kobs": -3.6360261528375997,
            "log_kobs_err": 0.028283319999663943,
            "metadata": {
              "base": "A",
              "fmod_run_ids": [
                629,
                630,
                631,
                632,
                633,
                634,
                635
              ],
              "site": 18,
              "valtype": "modrate"
            }
          },
          "valtype": "modrate"
        },
        {
          "diagnostics": {
            "chisq": 1.5081407073080608e-08,
            "covariance": {
              "matrix": [
                [
                  0.011002385364312443,
                  0.001981651889576865,
                  -0.014408006936285087
                ],
                [
                  0.001981651889576865,
                  0.06140505033444314,
                  -0.01611095455350496
                ],
                [
                  -0.014408006936285087,
                  -0.01611095455350496,
                  0.02571050183133991
                ]
              ],
              "params": [
                "log_kappa",
                "log_kdeg",
                "log_fmod_0"
              ]
            },
            "ndata": 7,
            "nfree": 4,
            "r2": 0.9581041767653202,
            "reduced_chisq": 3.770351768270152e-09,
            "status": "completed",
            "success": true,
            "time_max": 300.0,
            "time_min": 0.0
          },
          "nt_id": 488,
          "params": {
            "fmod0": 0.00037399928248845214,
            "kdeg": 0.03417011417778333,
            "kobs": 0.0006399937947140298,
            "log_fmod0": -7.891256679031657,
            "log_fmod0_err": 0.1603449463854097,
            "log_kdeg": -3.376403871397735,
            "log_kdeg_err": 0.24780042440327488,
            "log_kobs": -7.354052077416889,
            "log_kobs_err": 0.10489225597875394,
            "metadata": {
              "base": "G",
              "fmod_run_ids": [
                629,
                630,
                631,
                632,
                633,
                634,
                635
              ],
              "site": 19,
              "valtype": "modrate"
            }
          },
          "valtype": "modrate"
        },
        {
          "diagnostics": {
            "chisq": 1.2235614462806868e-08,
            "covariance": {
              "matrix": [
                [
                  0.004815722728084445,
                  6.071071910189701e-05,
                  -0.004497413241508071
                ],
                [
                  6.071071910189701e-05,
                  0.03602066452012036,
                  -0.003372000554322257
                ],
                [
                  -0.004497413241508071,
                  -0.003372000554322257,
                  0.005259478681650072
                ]
              ],
              "params": [
                "log_kappa",
                "log_kdeg",
                "log_fmod_0"
              ]
            },
            "ndata": 7,
            "nfree": 4,
            "r2": 0.9811167632391755,
            "reduced_chisq": 3.058903615701717e-09,
            "status": "completed",
            "success": true,
            "time_max": 300.0,
            "time_min": 0.0
          },
          "nt_id": 489,
          "params": {
            "fmod0": 0.0007611610765086621,
            "kdeg": 0.0639475792458663,
            "kobs": 0.0008792457034418266,
            "log_fmod0": -7.180665558231371,
            "log_fmod0_err": 0.07252226335167755,
            "log_kdeg": -2.7496916055304252,
            "log_kdeg_err": 0.18979110758968756,
            "log_kobs": -7.036446173239322,
            "log_kobs_err": 0.06939540855189516,
            "metadata": {
              "base": "U",
              "fmod_run_ids": [
                629,
                630,
                631,
                632,
                633,
                634,
                635
              ],
              "site": 20,
              "valtype": "modrate"
            }
          },
          "valtype": "modrate"
        },
        {
          "diagnostics": {
            "chisq": 4.310036166656564e-09,
            "covariance": {
              "matrix": [
                [
                  0.002008868828320707,
                  0.00011017261279620294,
                  -0.0016926970234017208
                ],
                [
                  0.00011017261279620294,
                  0.012498753752954768,
                  -0.0028542525511224435
                ],
                [
                  -0.0016926970234017208,
                  -0.0028542525511224435,
                  0.002445538594135221
                ]
              ],
              "params": [
                "log_kappa",
                "log_kdeg",
                "log_fmod_0"
              ]
            },
            "ndata": 7,
            "nfree": 4,
            "r2": 0.9920384060778367,
            "reduced_chisq": 1.077509041664141e-09,
            "status": "completed",
            "success": true,
            "time_max": 300.0,
            "time_min": 0.0
          },
          "nt_id": 490,
          "params": {
            "fmod0": 0.0006135612350706478,
            "kdeg": 0.018525348482172226,
            "kobs": 0.0007847555518977342,
            "log_fmod0": -7.396230486128168,
            "log_fmod0_err": 0.049452387142940035,
            "log_kdeg": -3.988615296523628,
            "log_kdeg_err": 0.11179782534984645,
            "log_kobs": -7.150138287532947,
            "log_kobs_err": 0.044820406382815266,
            "metadata": {
              "base": "G",
              "fmod_run_ids": [
                629,
                630,
                631,
                632,
                633,
                634,
                635
              ],
              "site": 21,
              "valtype": "modrate"
            }
          },
          "valtype": "modrate"
        },
        {
          "diagnostics": {
            "chisq": 1.3558993397356598e-06,
            "covariance": {
              "matrix": [
                [
                  0.0004090657316015281,
                  6.794257618329316e-05,
                  -0.010234486662685633
                ],
                [
                  6.794257618329316e-05,
                  0.0022173766844757574,
                  -0.01342352421425161
                ],
                [
                  -0.010234486662685633,
                  -0.01342352421425161,
                  0.3776667255461385
                ]
              ],
              "params": [
                "log_kappa",
                "log_kdeg",
                "log_fmod_0"
              ]
            },
            "ndata": 7,
            "nfree": 4,
            "r2": 0.9984291768727052,
            "reduced_chisq": 3.3897483493391495e-07,
            "status": "completed",
            "success": true,
            "time_max": 300.0,
            "time_min": 0.0
          },
          "nt_id": 491,
          "params": {
            "fmod0": 0.0009035802072542451,
            "kdeg": 0.02478681834045447,
            "kobs": 0.03217729424721596,
            "log_fmod0": -7.009145677932767,
            "log_fmod0_err": 0.614545950719829,
            "log_kdeg": -3.6974432856473096,
            "log_kdeg_err": 0.04708902934310451,
            "log_kobs": -3.4364942227672697,
            "log_kobs_err": 0.020225373460124985,
            "metadata": {
              "base": "A",
              "fmod_run_ids": [
                629,
                630,
                631,
                632,
                633,
                634,
                635
              ],
              "site": 22,
              "valtype": "modrate"
            }
          },
          "valtype": "modrate"
        },
        {
          "diagnostics": {
            "chisq": 2.1959037926530112e-07,
            "covariance": {
              "matrix": [
                [
                  0.06272147781901084,
                  -0.016360217470419682,
                  -0.04618431472184101
                ],
                [
                  -0.016360217470419682,
                  0.8507057070150355,
                  -0.023276767150646405
                ],
                [
                  -0.04618431472184101,
                  -0.023276767150646405,
                  0.04139613782560876
                ]
              ],
              "params": [
                "log_kappa",
                "log_kdeg",
                "log_fmod_0"
              ]
            },
            "ndata": 7,
            "nfree": 4,
            "r2": 0.8003911509025505,
            "reduced_chisq": 5.489759481632528e-08,
            "status": "completed",
            "success": true,
            "time_max": 300.0,
            "time_min": 0.0
          },
          "nt_id": 492,
          "params": {
            "fmod0": 0.0011514545162244739,
            "kdeg": 0.09958684038506156,
            "kobs": 0.0010302821751495886,
            "log_fmod0": -6.766729339071615,
            "log_fmod0_err": 0.20346040849661332,
            "log_kdeg": -2.306725247768791,
            "log_kdeg_err": 0.9223370896884909,
            "log_kobs": -6.877922557803899,
            "log_kobs_err": 0.2504425639123886,
            "metadata": {
              "base": "U",
              "fmod_run_ids": [
                629,
                630,
                631,
                632,
                633,
                634,
                635
              ],
              "site": 23,
              "valtype": "modrate"
            }
          },
          "valtype": "modrate"
        },
        {
          "diagnostics": {
            "chisq": 7.795914028721175e-08,
            "covariance": {
              "matrix": [
                [
                  0.01714740830024339,
                  0.0029392526666222754,
                  -0.014985946964447789
                ],
                [
                  0.0029392526666222754,
                  0.09694039951513958,
                  -0.016177957479134926
                ],
                [
                  -0.014985946964447789,
                  -0.016177957479134926,
                  0.01763820082711789
                ]
              ],
              "params": [
                "log_kappa",
                "log_kdeg",
                "log_fmod_0"
              ]
            },
            "ndata": 7,
            "nfree": 4,
            "r2": 0.936193102061706,
            "reduced_chisq": 1.948978507180294e-08,
            "status": "completed",
            "success": true,
            "time_max": 300.0,
            "time_min": 0.0
          },
          "nt_id": 493,
          "params": {
            "fmod0": 0.001030687250719118,
            "kdeg": 0.03643056211716251,
            "kobs": 0.0011681842268430056,
            "log_fmod0": -6.8775294655341535,
            "log_fmod0_err": 0.1328088883588666,
            "log_kdeg": -3.312347238018601,
            "log_kdeg_err": 0.31135253253368533,
            "log_kobs": -6.75230467855245,
            "log_kobs_err": 0.13094811300757025,
            "metadata": {
              "base": "U",
              "fmod_run_ids": [
                629,
                630,
                631,
                632,
                633,
                634,
                635
              ],
              "site": 24,
              "valtype": "modrate"
            }
          },
          "valtype": "modrate"
        },
        {
          "diagnostics": {
            "chisq": 3.079200008963182e-06,
            "covariance": {
              "matrix": [
                [
                  0.0004941159976797831,
                  7.942182849994328e-05,
                  -0.012485121669360827
                ],
                [
                  7.942182849994328e-05,
                  0.0026480740031218394,
                  -0.01618883734950447
                ],
                [
                  -0.012485121669360827,
                  -0.01618883734950447,
                  0.464645045821109
                ]
              ],
              "params": [
                "log_kappa",
                "log_kdeg",
                "log_fmod_0"
              ]
            },
            "ndata": 7,
            "nfree": 4,
