{
  "artifacts": {},
  "engine": "python_baseline",
  "engine_version": "0.1.0",
  "metadata": {
    "buffer_pH": 6.5,
    "done_by": [
      "EKC"
    ],
    "experiment_id": "ekc.01.0xx",
    "fmod_run_id": 221,
    "initial_kdeg": 0.00035607452292344343,
    "initial_kdeg_source": "arrhenius:nmr:deg:dms:Schwalbe_bistris",
    "initial_log_kdeg": -7.940370514964943,
    "notes": "Baseline python engine demo using examples/nerd.sqlite",
    "rg_id": 37,
    "rg_label": "30_1_A8C",
    "rounds_requested": [
      "round1_free",
      "round2_global",
      "round3_constrained"
    ],
    "temperature_c": 30.0,
    "valtypes": [
      "modrate",
      "GAmodrate"
    ]
  },
  "rounds": [
    {
      "global_params": {},
      "notes": null,
      "per_nt": [
        {
          "diagnostics": {
            "reason": "Non-zero fmod values are required for a fit.",
            "status": "failed"
          },
          "nt_id": 470,
          "params": {},
          "valtype": "modrate"
        },
        {
          "diagnostics": {
            "reason": "Non-zero fmod values are required for a fit.",
            "status": "failed"
          },
          "nt_id": 471,
          "params": {},
          "valtype": "modrate"
        },
        {
          "diagnostics": {
            "reason": "Non-zero fmod values are required for a fit.",
            "status": "failed"
          },
          "nt_id": 472,
          "params": {},
          "valtype": "modrate"
        },
        {
          "diagnostics": {
            "reason": "Non-zero fmod values are required for a fit.",
            "status": "failed"
          },
          "nt_id": 473,
          "params": {},
          "valtype": "modrate"
        },
        {
          "diagnostics": {
            "chisq": 9.118112351745598e-08,
            "covariance": {
              "matrix": [
                [
                  0.25230446471994056,
                  0.28838126597674707,
                  -0.24972859331789407
                ],
                [
                  0.28838126597674707,
                  1.0731492497640231,
                  -0.4085093995830104
                ],
                [
                  -0.24972859331789407,
                  -0.4085093995830104,
                  0.28068447936939084
                ]
              ],
              "params": [
                "log_kappa",
                "log_kdeg",
                "log_fmod_0"
              ]
            },
            "ndata": 6,
            "nfree": 3,
            "r2": 0.6561451999291434,
            "reduced_chisq": 3.0393707839152e-08,
            "status": "completed",
            "success": true,
            "time_max": 16200.0,
            "time_min": 480.0
          },
          "nt_id": 474,
          "params": {
            "fmod0": 0.0006209856711272304,
            "kdeg": 0.0005885739077057685,
            "kobs": 0.0006302833466899339,
            "log_fmod0": -7.384202550166195,
            "log_fmod0_err": 0.5297966396358048,
            "log_kdeg": -7.437808052563435,
            "log_kdeg_err": 1.0359291721754065,
            "log_kobs": -7.369341083038214,
            "log_kobs_err": 0.5022991784981741,
            "metadata": {
              "base": "U",
              "fmod_run_ids": [
                216,
                217,
                218,
                219,
                220,
                221
              ],
              "site": 5,
              "valtype": "modrate"
            }
          },
          "valtype": "modrate"
        },
        {
          "diagnostics": {
            "chisq": 6.823399973187473e-08,
            "covariance": {
              "matrix": [
                [
                  0.07796027613812137,
                  0.07241609486238045,
                  -0.09001823105667871
                ],
                [
                  0.07241609486238045,
                  0.3711110301368196,
                  -0.15472456844506308
                ],
                [
                  -0.09001823105667871,
                  -0.15472456844506308,
                  0.12899663282684443
                ]
              ],
              "params": [
                "log_kappa",
                "log_kdeg",
                "log_fmod_0"
              ]
            },
            "ndata": 6,
            "nfree": 3,
            "r2": 0.8394144614254285,
            "reduced_chisq": 2.2744666577291575e-08,
            "status": "completed",
            "success": true,
            "time_max": 16200.0,
            "time_min": 480.0
          },
          "nt_id": 475,
          "params": {
            "fmod0": 0.0006711488294043103,
            "kdeg": 0.0004496403091717396,
            "kobs": 0.0008480798587716228,
            "log_fmod0": -7.306519643196181,
            "log_fmod0_err": 0.35916101239812265,
            "log_kdeg": -7.707062607772525,
            "log_kdeg_err": 0.6091888296224904,
            "log_kobs": -7.072535753526633,
            "log_kobs_err": 0.2792136746975717,
            "metadata": {
              "base": "G",
              "fmod_run_ids": [
                216,
                217,
                218,
                219,
                220,
                221
              ],
              "site": 6,
              "valtype": "modrate"
            }
          },
          "valtype": "modrate"
        },
        {
          "diagnostics": {
            "chisq": 5.7812030536677896e-08,
            "covariance": {
              "matrix": [
                [
                  0.006881621802760258,
                  0.005391626393821338,
                  -0.005214346552403748
                ],
                [
                  0.005391626393821338,
                  0.035401490321800656,
                  -0.009491039808908312
                ],
                [
                  -0.005214346552403748,
                  -0.009491039808908312,
                  0.0052941176244076585
                ]
              ],
              "params": [
                "log_kappa",
                "log_kdeg",
                "log_fmod_0"
              ]
            },
            "ndata": 6,
            "nfree": 3,
            "r2": 0.9821934234089446,
            "reduced_chisq": 1.92706768455593e-08,
            "status": "completed",
            "success": true,
            "time_max": 16200.0,
            "time_min": 480.0
          },
          "nt_id": 476,
          "params": {
            "fmod0": 0.0028131084355431718,
            "kdeg": 0.00038124024723567294,
            "kobs": 0.0024665667211035995,
            "log_fmod0": -5.873465202210557,
            "log_fmod0_err": 0.07276068735524464,
            "log_kdeg": -7.872080811391038,
            "log_kdeg_err": 0.1881528376660864,
            "log_kobs": -6.004928086732532,
            "log_kobs_err": 0.08295554112149627,
            "metadata": {
              "base": "A",
              "fmod_run_ids": [
                216,
                217,
                218,
                219,
                220,
                221
              ],
              "site": 7,
              "valtype": "modrate"
            }
          },
          "valtype": "modrate"
        },
        {
          "diagnostics": {
            "chisq": 6.013111844075618e-05,
            "covariance": {
              "matrix": [
                [
                  149536925067.3,
                  -149524878835.57724,
                  -20168.945746469788
                ],
                [
                  -149524878835.57724,
                  149512833577.30634,
                  20167.18828095249
                ],
                [
                  -20168.945746469788,
                  20167.18828095249,
                  0.012770503595435497
                ]
              ],
              "params": [
                "log_kappa",
                "log_kdeg",
                "log_fmod_0"
              ]
            },
            "ndata": 6,
            "nfree": 3,
            "r2": 0.09901884271585615,
            "reduced_chisq": 2.0043706146918728e-05,
            "status": "completed",
            "success": true,
            "time_max": 16200.0,
            "time_min": 480.0
          },
          "nt_id": 477,
          "params": {
            "fmod0": 0.027985977297631404,
            "kdeg": 3.770050049203766e-12,
            "kobs": 50819.12667536767,
            "log_fmod0": -3.576051705053425,
            "log_fmod0_err": 0.11300665288130383,
            "log_kdeg": -26.303932838905883,
            "log_kdeg_err": 386668.8939872282,
            "log_kobs": 10.836028072062343,
            "log_kobs_err": 386700.0453417351,
            "metadata": {
              "base": "C",
              "fmod_run_ids": [
                216,
                217,
                218,
                219,
                220,
                221
              ],
              "site": 8,
              "valtype": "modrate"
            }
          },
          "valtype": "modrate"
        },
        {
          "diagnostics": {
            "chisq": 5.833021123691487e-08,
            "covariance": {
              "matrix": [
                [
                  1.0340685581581586,
                  -2.007009851608326,
                  0.048512453704356376
                ],
                [
                  -2.007009851608326,
                  4.420411971988954,
                  -0.15341296213206393
                ],
                [
                  0.048512453704356376,
                  -0.15341296213206393,
                  0.010703073747829707
                ]
              ],
              "params": [
                "log_kappa",
                "log_kdeg",
                "log_fmod_0"
              ]
            },
            "ndata": 6,
            "nfree": 3,
            "r2": 0.7308360238957425,
            "reduced_chisq": 1.944340374563829e-08,
            "status": "completed",
            "success": true,
            "time_max": 16200.0,
            "time_min": 480.0
          },
          "nt_id": 478,
          "params": {
            "fmod0": 0.0013648340660257841,
            "kdeg": 8.232560634190498e-05,
            "kobs": 0.0006660462686941458,
            "log_fmod0": -6.596722421085711,
            "log_fmod0_err": 0.10345566078194902,
            "log_kdeg": -9.404828364506923,
            "log_kdeg_err": 2.1024775794259862,
            "log_kobs": -7.314151417323256,
            "log_kobs_err": 1.01689161573796,
            "metadata": {
              "base": "C",
              "fmod_run_ids": [
                216,
                217,
                218,
                219,
                220,
                221
              ],
              "site": 9,
              "valtype": "modrate"
            }
          },
          "valtype": "modrate"
        },
        {
          "diagnostics": {
            "chisq": 7.58243003063508e-09,
            "covariance": {
              "matrix": [
                [
                  20.209260782815015,
                  13.789033659744574,
                  -0.36543754472185136
                ],
                [
                  13.789033659744574,
                  110.94366144419791,
                  -0.7040052404781326
                ],
                [
                  -0.36543754472185136,
                  -0.7040052404781326,
                  0.009434726805043363
                ]
              ],
              "params": [
                "log_kappa",
                "log_kdeg",
                "log_fmod_0"
              ]
            },
            "ndata": 6,
            "nfree": 3,
            "r2": 0.01767149215532504,
            "reduced_chisq": 2.52747667687836e-09,
            "status": "completed",
            "success": true,
            "time_max": 16200.0,
            "time_min": 480.0
          },
          "nt_id": 479,
          "params": {
            "fmod0": 0.0007298688288266456,
            "kdeg": 0.0003439338927187869,
            "kobs": 1.5892411887697533e-05,
            "log_fmod0": -7.222645726506239,
            "log_fmod0_err": 0.09713252187111875,
            "log_kdeg": -7.975061091387452,
            "log_kdeg_err": 10.532979703967815,
            "log_kobs": -11.049668802420682,
            "log_kobs_err": 4.495471141361605,
            "metadata": {
              "base": "U",
              "fmod_run_ids": [
                216,
                217,
                218,
                219,
                220,
                221
              ],
              "site": 10,
              "valtype": "modrate"
            }
          },
          "valtype": "modrate"
        },
        {
          "diagnostics": {
            "chisq": 3.1955456050462256e-08,
            "covariance": {
              "matrix": [
                [
                  340968187716.839,
                  -340936434237.886,
                  -3387.039425281164
                ],
                [
                  -340936434237.886,
                  340904683716.76337,
                  3386.679567290381
                ],
                [
                  -3387.039425281164,
                  3386.679567290381,
                  0.004856786877311174
                ]
              ],
              "params": [
                "log_kappa",
                "log_kdeg",
                "log_fmod_0"
              ]
            },
            "ndata": 6,
            "nfree": 3,
            "r2": 0.31894952028141854,
            "reduced_chisq": 1.0651818683487419e-08,
            "status": "completed",
            "success": true,
            "time_max": 16200.0,
            "time_min": 480.0
          },
          "nt_id": 480,
          "params": {
            "fmod0": 0.0009307297282659723,
            "kdeg": 1.8191532206759875e-11,
            "kobs": 500.6497287486283,
            "log_fmod0": -6.979541625447591,
            "log_fmod0_err": 0.06969065129062273,
            "log_kdeg": -24.730064893479224,
            "log_kdeg_err": 583870.4340149134,
            "log_kobs": 6.21590671235526,
            "log_kobs_err": 583924.8134108012,
            "metadata": {
              "base": "U",
              "fmod_run_ids": [
                216,
                217,
                218,
                219,
                220,
                221
              ],
              "site": 11,
              "valtype": "modrate"
            }
          },
          "valtype": "modrate"
        },
        {
          "diagnostics": {
            "chisq": 2.6193500030926515e-08,
            "covariance": {
              "matrix": [
                [
                  5.164548774477322e+16,
                  -5.346787399533922e+16,
                  10149200.818976872
                ],
                [
                  -5.346787399533922e+16,
                  5.546222396458796e+16,
                  -10922844.782889696
                ],
                [
                  10149200.818976872,
                  -10922844.782889696,
                  0.004851501335354496
                ]
              ],
              "params": [
                "log_kappa",
                "log_kdeg",
                "log_fmod_0"
              ]
            },
            "ndata": 6,
            "nfree": 3,
            "r2": -1.1806939870240285e-09,
            "reduced_chisq": 8.731166676975505e-09,
            "status": "completed",
            "success": true,
            "time_max": 16200.0,
            "time_min": 480.0
          },
          "nt_id": 481,
          "params": {
            "fmod0": 0.0010775002379897966,
            "kdeg": 4.910932654354182e-09,
            "kobs": 1.3477462850645735e-07,
            "log_fmod0": -6.833111515114195,
            "log_fmod0_err": 0.06965271951154883,
            "log_kdeg": -19.13180196320789,
            "log_kdeg_err": 235504190.9703264,
            "log_kobs": -15.819661872010494,
            "log_kobs_err": 227256436.09097898,
            "metadata": {
              "base": "U",
              "fmod_run_ids": [
                216,
                217,
                218,
                219,
                220,
                221
              ],
              "site": 12,
              "valtype": "modrate"
            }
          },
          "valtype": "modrate"
        },
        {
          "diagnostics": {
            "chisq": 6.160934783540494e-09,
            "covariance": {
              "matrix": [
                [
                  0.059080805889466126,
                  0.06969459856782143,
                  -0.03409235118457328
                ],
                [
                  0.06969459856782143,
                  0.24524367377405426,
                  -0.055380740459774556
                ],
                [
                  -0.03409235118457328,
                  -0.055380740459774556,
                  0.022039984132211518
                ]
              ],
              "params": [
                "log_kappa",
                "log_kdeg",
                "log_fmod_0"
              ]
            },
            "ndata": 6,
            "nfree": 3,
            "r2": 0.8946296386104311,
            "reduced_chisq": 2.0536449278468313e-09,
            "status": "completed",
            "success": true,
            "time_max": 16200.0,
            "time_min": 480.0
          },
          "nt_id": 482,
          "params": {
            "fmod0": 0.0005981073413153505,
            "kdeg": 0.0006199759284045438,
            "kobs": 0.00035052365524655416,
            "log_fmod0": -7.421740319594592,
            "log_fmod0_err": 0.14845869503741274,
            "log_kdeg": -7.385829905832814,
            "log_kdeg_err": 0.4952208333400911,
            "log_kobs": -7.956082363762543,
            "log_kobs_err": 0.24306543540673595,
            "metadata": {
              "base": "U",
              "fmod_run_ids": [
                216,
                217,
                218,
                219,
                220,
                221
              ],
              "site": 13,
              "valtype": "modrate"
            }
          },
          "valtype": "modrate"
        },
        {
          "diagnostics": {
            "chisq": 1.2920934929203406e-07,
            "covariance": {
              "matrix": [
                [
                  1.3298819470291836,
                  -0.1535601193663962,
                  -0.33590773071113406
                ],
                [
                  -0.1535601193663962,
                  10.565522368428024,
                  -1.0516679139006406
                ],
                [
                  -0.33590773071113406,
                  -1.0516679139006406,
                  0.22235228557869188
                ]
              ],
              "params": [
                "log_kappa",
                "log_kdeg",
                "log_fmod_0"
              ]
            },
            "ndata": 6,
            "nfree": 3,
            "r2": 0.20072076763998303,
            "reduced_chisq": 4.306978309734469e-08,
            "status": "completed",
            "success": true,
            "time_max": 16200.0,
            "time_min": 480.0
          },
          "nt_id": 483,
          "params": {
            "fmod0": 0.0005382640024633555,
            "kdeg": 0.00022449377328651567,
            "kobs": 0.0002389173413881642,
            "log_fmod0": -7.5271614072632795,
            "log_fmod0_err": 0.4715424536334898,
            "log_kdeg": -8.401662587084138,
            "log_kdeg_err": 3.250464946500427,
            "log_kobs": -8.339392917785704,
            "log_kobs_err": 1.1532050758773063,
            "metadata": {
              "base": "G",
              "fmod_run_ids": [
                216,
                217,
                218,
                219,
                220,
                221
              ],
              "site": 14,
              "valtype": "modrate"
            }
          },
          "valtype": "modrate"
        },
        {
          "diagnostics": {
            "chisq": 3.531464993551413e-07,
            "covariance": {
              "matrix": [
                [
                  0.03784391962944672,
                  0.015244316523052744,
                  -0.014408218116425469
                ],
                [
                  0.015244316523052744,
                  0.24435841400000655,
                  -0.032983866293089234
                ],
                [
                  -0.014408218116425469,
                  -0.032983866293089234,
                  0.0095150621443903
                ]
              ],
              "params": [
                "log_kappa",
                "log_kdeg",
                "log_fmod_0"
              ]
            },
            "ndata": 6,
            "nfree": 3,
            "r2": 0.9005864516259854,
            "reduced_chisq": 1.1771549978504709e-07,
            "status": "completed",
            "success": true,
            "time_max": 16200.0,
            "time_min": 480.0
          },
          "nt_id": 484,
          "params": {
            "fmod0": 0.004597132225285701,
            "kdeg": 0.0002792892338956324,
            "kobs": 0.0023882272541241346,
            "log_fmod0": -5.382322599185648,
            "log_fmod0_err": 0.09754518001618685,
            "log_kdeg": -8.183262632495678,
            "log_kdeg_err": 0.4943262222460048,
            "log_kobs": -6.037203922936079,
            "log_kobs_err": 0.19453513726174693,
            "metadata": {
              "base": "A",
              "fmod_run_ids": [
                216,
                217,
                218,
                219,
                220,
                221
              ],
              "site": 15,
              "valtype": "modrate"
            }
          },
          "valtype": "modrate"
        },
        {
          "diagnostics": {
            "chisq": 2.1594833269925152e-07,
            "covariance": {
              "matrix": [
                [
                  0.017693269413258543,
                  0.013070593872249736,
                  -0.012207111758361354
                ],
                [
                  0.013070593872249736,
                  0.09346329669798568,
                  -0.022730092235650964
                ],
                [
                  -0.012207111758361354,
                  -0.022730092235650964,
                  0.011591346615382817
                ]
              ],
              "params": [
                "log_kappa",
                "log_kdeg",
                "log_fmod_0"
              ]
            },
            "ndata": 6,
            "nfree": 3,
            "r2": 0.9547130669068832,
            "reduced_chisq": 7.198277756641717e-08,
            "status": "completed",
            "success": true,
            "time_max": 16200.0,
            "time_min": 480.0
          },
          "nt_id": 485,
          "params": {
            "fmod0": 0.003599785131422775,
            "kdeg": 0.00036381915579510136,
            "kobs": 0.002927893931664355,
            "log_fmod0": -5.626881121017232,
            "log_fmod0_err": 0.10766311631836976,
            "log_kdeg": -7.91885363852457,
            "log_kdeg_err": 0.3057176748210441,
            "log_kobs": -5.833471909063701,
            "log_kobs_err": 0.13301604945741902,
            "metadata": {
              "base": "A",
              "fmod_run_ids": [
                216,
                217,
                218,
                219,
                220,
                221
              ],
              "site": 16,
              "valtype": "modrate"
            }
          },
          "valtype": "modrate"
        },
        {
          "diagnostics": {
            "chisq": 3.118562989871517e-08,
            "covariance": {
              "matrix": [
                [
                  107720562152562.16,
                  -107709617230819.83,
                  1720421.4256238812
                ],
                [
                  -107709617230819.83,
                  107698673421168.78,
                  -1720247.039557222
                ],
                [
                  1720421.4256238812,
                  -1720247.039557222,
                  0.03608249418900818
                ]
              ],
              "params": [
                "log_kappa",
                "log_kdeg",
                "log_fmod_0"
              ]
            },
            "ndata": 6,
            "nfree": 3,
            "r2": 0.009398221218329561,
            "reduced_chisq": 1.0395209966238389e-08,
            "status": "completed",
            "success": true,
            "time_max": 16200.0,
            "time_min": 480.0
          },
          "nt_id": 486,
          "params": {
            "fmod0": 0.0006883304578918489,
            "kdeg": 1.8730527947146278e-11,
            "kobs": 68.36519003929422,
            "log_fmod0": -7.281241518642806,
            "log_fmod0_err": 0.1899539264901049,
            "log_kdeg": -24.700866412622272,
            "log_kdeg_err": 10377797.137214081,
            "log_kobs": 4.224863777531835,
            "log_kobs_err": 10378851.677934421,
            "metadata": {
              "base": "U",
              "fmod_run_ids": [
                216,
                217,
                218,
                219,
                220,
                221
              ],
              "site": 17,
              "valtype": "modrate"
            }
          },
          "valtype": "modrate"
        },
        {
          "diagnostics": {
            "chisq": 1.9329849323123716e-05,
            "covariance": {
              "matrix": [
                [
                  0.00849338343025489,
                  0.008669171818769255,
                  -0.008065558454693885
                ],
                [
                  0.008669171818769255,
                  0.036141696051919324,
                  -0.013061126059873184
                ],
                [
                  -0.008065558454693885,
                  -0.013061126059873184,
                  0.009000221892562511
                ]
              ],
              "params": [
                "log_kappa",
                "log_kdeg",
                "log_fmod_0"
              ]
            },
            "ndata": 6,
            "nfree": 3,
            "r2": 0.9822213225992013,
            "reduced_chisq": 6.443283107707906e-06,
            "status": "completed",
            "success": true,
            "time_max": 16200.0,
            "time_min": 480.0
          },
          "nt_id": 487,
          "params": {
            "fmod0": 0.04697351084934697,
            "kdeg": 0.00051377101591156,
            "kobs": 0.04919456495272727,
            "log_fmod0": -3.058171435103731,
            "log_fmod0_err": 0.09486949927433216,
            "log_kdeg": -7.573732886106678,
            "log_kdeg_err": 0.19010969478677125,
            "log_kobs": -3.011972130026465,
            "log_kobs_err": 0.09215955419952339,
            "metadata": {
              "base": "A",
              "fmod_run_ids": [
                216,
                217,
                218,
                219,
                220,
                221
              ],
              "site": 18,
              "valtype": "modrate"
            }
          },
          "valtype": "modrate"
        },
        {
          "diagnostics": {
            "chisq": 5.7731337304148356e-08,
            "covariance": {
              "matrix": [
                [
                  0.16045284777114158,
                  -0.33794508765943143,
                  0.00797940080850486
                ],
                [
                  -0.33794508765943143,
                  1.1802477879228999,
                  -0.09293294855439103
                ],
                [
                  0.00797940080850486,
                  -0.09293294855439103,
                  0.014946023764585871
                ]
              ],
              "params": [
                "log_kappa",
                "log_kdeg",
                "log_fmod_0"
              ]
            },
            "ndata": 6,
            "nfree": 3,
            "r2": 0.8396776298938937,
            "reduced_chisq": 1.9243779101382785e-08,
            "status": "completed",
            "success": true,
            "time_max": 16200.0,
            "time_min": 480.0
          },
          "nt_id": 488,
          "params": {
            "fmod0": 0.0012133309010211577,
            "kdeg": 0.00012038773305286,
            "kobs": 0.0007991659055102579,
            "log_fmod0": -6.714385890656499,
            "log_fmod0_err": 0.12225393148928124,
            "log_kdeg": -9.0247929152232,
            "log_kdeg_err": 1.0863920967693477,
            "log_kobs": -7.1319419923128775,
            "log_kobs_err": 0.40056565975023567,
            "metadata": {
              "base": "G",
              "fmod_run_ids": [
                216,
                217,
                218,
                219,
                220,
                221
              ],
              "site": 19,
              "valtype": "modrate"
            }
          },
          "valtype": "modrate"
        },
        {
          "diagnostics": {
            "chisq": 6.308339748617986e-08,
            "covariance": {
              "matrix": [
                [
                  0.9613350035256947,
                  -0.45805501931219045,
                  -0.056184700762041774
                ],
                [
                  -0.45805501931219045,
                  8.314195452276415,
                  -0.21892986661332053
                ],
                [
                  -0.056184700762041774,
                  -0.21892986661332053,
                  0.012171925949520013
                ]
              ],
              "params": [
                "log_kappa",
                "log_kdeg",
                "log_fmod_0"
              ]
            },
            "ndata": 6,
            "nfree": 3,
            "r2": 0.2626079593118217,
            "reduced_chisq": 2.1027799162059952e-08,
            "status": "completed",
            "success": true,
            "time_max": 16200.0,
            "time_min": 480.0
          },
          "nt_id": 489,
          "params": {
            "fmod0": 0.001564592969872065,
            "kdeg": 0.00020251784058868122,
            "kobs": 0.00019950744764268995,
            "log_fmod0": -6.460129571966348,
            "log_fmod0_err": 0.11032645172178798,
            "log_kdeg": -8.504682573625905,
            "log_kdeg_err": 2.8834346623907425,
            "log_kobs": -8.519658990788855,
            "log_kobs_err": 0.9804769265646667,
            "metadata": {
              "base": "U",
              "fmod_run_ids": [
                216,
                217,
                218,
                219,
                220,
                221
              ],
              "site": 20,
              "valtype": "modrate"
            }
          },
          "valtype": "modrate"
        },
        {
          "diagnostics": {
            "chisq": 1.5554052655573377e-07,
            "covariance": {
              "matrix": [
                [
                  0.06971799712355992,
                  0.05670581449995696,
                  -0.06289714738454306
                ],
                [
                  0.05670581449995696,
                  0.3529575857289094,
                  -0.1129748464179849
                ],
                [
                  -0.06289714738454306,
                  -0.1129748464179849,
                  0.07476526609301969
                ]
              ],
              "params": [
                "log_kappa",
                "log_kdeg",
                "log_fmod_0"
              ]
            },
            "ndata": 6,
            "nfree": 3,
            "r2": 0.8463399649531693,
            "reduced_chisq": 5.184684218524459e-08,
            "status": "completed",
            "success": true,
            "time_max": 16200.0,
            "time_min": 480.0
          },
          "nt_id": 490,
          "params": {
            "fmod0": 0.0012457485879772906,
            "kdeg": 0.00039375316291162326,
            "kobs": 0.0012840355643987894,
            "log_fmod0": -6.688018654275375,
            "log_fmod0_err": 0.2734323793792895,
            "log_kdeg": -7.83978633506527,
            "log_kdeg_err": 0.5941023360742739,
            "log_kobs": -6.657747375968055,
            "log_kobs_err": 0.2640416579321527,
            "metadata": {
              "base": "G",
              "fmod_run_ids": [
                216,
                217,
                218,
                219,
                220,
                221
              ],
              "site": 21,
              "valtype": "modrate"
            }
          },
          "valtype": "modrate"
        },
        {
          "diagnostics": {
            "chisq": 1.2928925525061331e-06,
            "covariance": {
              "matrix": [
                [
                  0.012193013850873085,
                  0.003883897043044299,
                  -0.006026756674371646
                ],
                [
                  0.003883897043044299,
                  0.08167852746321921,
                  -0.014482892548103908
                ],
                [
                  -0.006026756674371646,
                  -0.014482892548103908,
                  0.005491745871271603
                ]
              ],
              "params": [
                "log_kappa",
                "log_kdeg",
                "log_fmod_0"
              ]
            },
            "ndata": 6,
            "nfree": 3,
            "r2": 0.9655284862681356,
            "reduced_chisq": 4.3096418416871104e-07,
            "status": "completed",
            "success": true,
            "time_max": 16200.0,
            "time_min": 480.0
          },
          "nt_id": 491,
          "params": {
            "fmod0": 0.011419781923559054,
            "kdeg": 0.0002666476832920648,
            "kobs": 0.008040542636532172,
            "log_fmod0": -4.472408170947195,
            "log_fmod0_err": 0.0741063146518001,
            "log_kdeg": -8.229582309153175,
            "log_kdeg_err": 0.28579455464235004,
            "log_kobs": -4.82325870596276,
            "log_kobs_err": 0.11042198083204759,
            "metadata": {
              "base": "A",
              "fmod_run_ids": [
                216,
                217,
                218,
                219,
                220,
                221
              ],
              "site": 22,
              "valtype": "modrate"
            }
          },
          "valtype": "modrate"
        },
        {
          "diagnostics": {
            "chisq": 9.951432660353062e-08,
            "covariance": {
              "matrix": [
                [
                  1.0599689318646195,
                  0.7065496454478898,
                  -0.15835400584387233
                ],
                [
                  0.7065496454478898,
                  5.874841919254926,
                  -0.3078483458766215
                ],
                [
                  -0.15835400584387233,
                  -0.3078483458766215,
                  0.03412332469880227
                ]
              ],
              "params": [
                "log_kappa",
                "log_kdeg",
                "log_fmod_0"
              ]
            },
            "ndata": 6,
            "nfree": 3,
            "r2": 0.25481621493499784,
            "reduced_chisq": 3.317144220117687e-08,
            "status": "completed",
            "success": true,
            "time_max": 16200.0,
            "time_min": 480.0
          },
          "nt_id": 492,
          "params": {
            "fmod0": 0.0013823280530295744,
            "kdeg": 0.0003389690467879877,
            "kobs": 0.0002504237430223368,
            "log_fmod0": -6.583986206241689,
            "log_fmod0_err": 0.1847249974930363,
            "log_kdeg": -7.989601762162665,
            "log_kdeg_err": 2.4238073189209834,
            "log_kobs": -8.292356102856754,
            "log_kobs_err": 1.0295479259678102,
            "metadata": {
              "base": "U",
              "fmod_run_ids": [
                216,
                217,
                218,
                219,
                220,
                221
              ],
              "site": 23,
              "valtype": "modrate"
            }
          },
          "valtype": "modrate"
        },
        {
          "diagnostics": {
            "chisq": 1.7323612141569674e-08,
            "covariance": {
              "matrix": [
                [
                  1.5502643592337177,
                  -3.1446825249240207,
                  0.006461920556640053
                ],
                [
                  -3.1446825249240207,
                  12.450762189238699,
                  -0.17062056413969479
                ],
                [
                  0.006461920556640053,
                  -0.17062056413969479,
                  0.004794636016524781
                ]
              ],
              "params": [
                "log_kappa",
                "log_kdeg",
                "log_fmod_0"
              ]
            },
            "ndata": 6,
            "nfree": 3,
            "r2": 0.30602380305775856,
            "reduced_chisq": 5.7745373805232245e-09,
            "status": "completed",
            "success": true,
            "time_max": 16200.0,
            "time_min": 480.0
          },
          "nt_id": 493,
          "params": {
            "fmod0": 0.0011882562982708281,
            "kdeg": 0.00012958829020724534,
            "kobs": 0.0001244852820378409,
            "log_fmod0": -6.735268342024848,
            "log_fmod0_err": 0.0692433102655035,
            "log_kdeg": -8.951148131467365,
            "log_kdeg_err": 3.5285637572869075,
            "log_kobs": -8.991323065611168,
            "log_kobs_err": 1.2450961244955017,
            "metadata": {
              "base": "U",
              "fmod_run_ids": [
                216,
                217,
                218,
                219,
                220,
                221
              ],
              "site": 24,
              "valtype": "modrate"
            }
          },
          "valtype": "modrate"
        },
        {
          "diagnostics": {
            "chisq": 3.4452737910117926e-08,
            "covariance": {
              "matrix": [
                [
                  0.14101054253679052,
                  -0.07706480256372711,
                  -0.01903015787081137
                ],
                [
                  -0.07706480256372711,
                  1.234622443826427,
                  -0.0775561308131583
                ],
                [
                  -0.01903015787081137,
                  -0.0775561308131583,
                  0.010274965794360094
                ]
              ],
              "params": [
                "log_kappa",
                "log_kdeg",
                "log_fmod_0"
              ]
            },
            "ndata": 6,
            "nfree": 3,
            "r2": 0.7099876856826286,
            "reduced_chisq": 1.148424597003931e-08,
            "status": "completed",
            "success": true,
            "time_max": 16200.0,
            "time_min": 480.0
          },
          "nt_id": 494,
          "params": {
            "fmod0": 0.0012528958094441332,
            "kdeg": 0.00019888933209033562,
            "kobs": 0.0003870171294578197,
            "log_fmod0": -6.682297759403385,
            "log_fmod0_err": 0.10136550593944714,
