{
  "artifacts": {},
  "engine": "python_baseline",
  "engine_version": "0.1.0",
  "metadata": {
    "buffer_pH": 6.4,
    "done_by": [
      "EKC"
    ],
    "experiment_id": "ekc.01.0xx",
    "fmod_run_id": 725,
    "initial_kdeg": 0.030500380987197977,
    "initial_kdeg_source": "arrhenius:nmr:deg:dms:Schwalbe_bistris",
    "initial_log_kdeg": -3.4900161040632476,
    "notes": "Baseline python engine demo using examples/nerd.sqlite",
    "rg_id": 95,
    "rg_label": "75_1_14",
    "rounds_requested": [
      "round1_free",
      "round2_global",
      "round3_constrained"
    ],
    "rt_protocol": [
      "MRT"
    ],
    "selected_site_bases": [
      "17_G",
      "18_G",
      "19_C",
      "1_U",
      "20_A",
      "21_G",
      "22_A",
      "23_U",
      "24_C",
      "25_U",
      "26_G",
      "27_A",
      "28_G",
      "29_C",
      "2_A",
      "31_U",
      "32_U",
      "33_C",
      "34_G",
      "36_G",
      "37_C",
      "38_U",
      "39_C",
      "3_A",
      "40_U",
      "41_C",
      "42_U",
      "43_G",
      "44_C",
      "45_C",
      "61_A",
      "62_A",
      "63_U",
      "64_C",
      "65_C"
    ],
    "temperature_c": 75.0,
    "valtypes": [
      "modrate",
      "GAmodrate"
    ]
  },
  "rounds": [
    {
      "global_params": {},
      "notes": null,
      "per_nt": [
        {
          "diagnostics": {
            "reason": "Non-zero fmod values are required for a fit.",
            "status": "failed"
          },
          "nt_id": 243,
          "params": {},
          "valtype": "modrate"
        },
        {
          "diagnostics": {
            "reason": "Non-zero fmod values are required for a fit.",
            "status": "failed"
          },
          "nt_id": 244,
          "params": {},
          "valtype": "modrate"
        },
        {
          "diagnostics": {
            "reason": "Non-zero fmod values are required for a fit.",
            "status": "failed"
          },
          "nt_id": 245,
          "params": {},
          "valtype": "modrate"
        },
        {
          "diagnostics": {
            "reason": "Non-zero fmod values are required for a fit.",
            "status": "failed"
          },
          "nt_id": 246,
          "params": {},
          "valtype": "modrate"
        },
        {
          "diagnostics": {
            "chisq": 1.4926137571027618e-07,
            "covariance": {
              "matrix": [
                [
                  0.07595587694239324,
                  0.008280670255423254,
                  -0.0883287512131553
                ],
                [
                  0.008280670255423254,
                  0.4496667926832208,
                  -0.07812788726286442
                ],
                [
                  -0.0883287512131553,
                  -0.07812788726286442,
                  0.1323026902190197
                ]
              ],
              "params": [
                "log_kappa",
                "log_kdeg",
                "log_fmod_0"
              ]
            },
            "ndata": 7,
            "nfree": 4,
            "r2": 0.7674639399118014,
            "reduced_chisq": 3.7315343927569045e-08,
            "status": "completed",
            "success": true,
            "time_max": 200.0,
            "time_min": 0.0
          },
          "nt_id": 247,
          "params": {
            "fmod0": 0.0005278704027467367,
            "kdeg": 0.06646314633166442,
            "kobs": 0.0007743249707718186,
            "log_fmod0": -7.546659753728934,
            "log_fmod0_err": 0.36373436766274875,
            "log_kdeg": -2.7111076754419305,
            "log_kdeg_err": 0.6705719891877536,
            "log_kobs": -7.163518913612304,
            "log_kobs_err": 0.2756009378474486,
            "metadata": {
              "base": "G",
              "fmod_run_ids": [
                720,
                721,
                722,
                723,
                724,
                725,
                726
              ],
              "site": 18,
              "valtype": "modrate"
            }
          },
          "valtype": "modrate"
        },
        {
          "diagnostics": {
            "chisq": 2.0795370468858458e-06,
            "covariance": {
              "matrix": [
                [
                  0.0011220323989766805,
                  0.0001608752109402467,
                  -0.01789391703826413
                ],
                [
                  0.0001608752109402467,
                  0.006382711204662559,
                  -0.023181461432888618
                ],
                [
                  -0.01789391703826413,
                  -0.023181461432888618,
                  0.4152886562485661
                ]
              ],
              "params": [
                "log_kappa",
                "log_kdeg",
                "log_fmod_0"
              ]
            },
            "ndata": 7,
            "nfree": 4,
            "r2": 0.995659471563434,
            "reduced_chisq": 5.198842617214614e-07,
            "status": "completed",
            "success": true,
            "time_max": 200.0,
            "time_min": 0.0
          },
          "nt_id": 248,
          "params": {
            "fmod0": 0.0010849085754820313,
            "kdeg": 0.03884304114713107,
            "kobs": 0.024027971175293712,
            "log_fmod0": -6.826259557768518,
            "log_fmod0_err": 0.6444289380905904,
            "log_kdeg": -3.2482263392645394,
            "log_kdeg_err": 0.07989187195617936,
            "log_kobs": -3.728536661624802,
            "log_kobs_err": 0.03349675206608367,
            "metadata": {
              "base": "C",
              "fmod_run_ids": [
                720,
                721,
                722,
                723,
                724,
                725,
                726
              ],
              "site": 19,
              "valtype": "modrate"
            }
          },
          "valtype": "modrate"
        },
        {
          "diagnostics": {
            "chisq": 1.0743710989050822e-06,
            "covariance": {
              "matrix": [
                [
                  0.0018387400973068867,
                  0.00024587553870326375,
                  -0.0350940816508707
                ],
                [
                  0.00024587553870326375,
                  0.010683646929636836,
                  -0.04749898451288801
                ],
                [
                  -0.0350940816508707,
                  -0.04749898451288801,
                  0.9941841505416824
                ]
              ],
              "params": [
                "log_kappa",
                "log_kdeg",
                "log_fmod_0"
              ]
            },
            "ndata": 7,
            "nfree": 4,
            "r2": 0.9928221523701971,
            "reduced_chisq": 2.6859277472627056e-07,
            "status": "completed",
            "success": true,
            "time_max": 200.0,
            "time_min": 0.0
          },
          "nt_id": 249,
          "params": {
            "fmod0": 0.0005018449656392227,
            "kdeg": 0.03706686800564338,
            "kobs": 0.01332047111302994,
            "log_fmod0": -7.597219319359399,
            "log_fmod0_err": 0.9970878349181092,
            "log_kdeg": -3.295031754041591,
            "log_kdeg_err": 0.10336172855383581,
            "log_kobs": -4.318453245649265,
            "log_kobs_err": 0.042880532847749064,
            "metadata": {
              "base": "A",
              "fmod_run_ids": [
                720,
                721,
                722,
                723,
                724,
                725,
                726
              ],
              "site": 20,
              "valtype": "modrate"
            }
          },
          "valtype": "modrate"
        },
        {
          "diagnostics": {
            "chisq": 7.376781588331086e-08,
            "covariance": {
              "matrix": [
                [
                  0.04477833970591836,
                  0.0074127098661343534,
                  -0.08658336021477919
                ],
                [
                  0.0074127098661343534,
                  0.2573565312744233,
                  -0.11034989597811588
                ],
                [
                  -0.08658336021477919,
                  -0.11034989597811588,
                  0.23959269244991097
                ]
              ],
              "params": [
                "log_kappa",
                "log_kdeg",
                "log_fmod_0"
              ]
            },
            "ndata": 7,
            "nfree": 4,
            "r2": 0.8487974028472293,
            "reduced_chisq": 1.8441953970827715e-08,
            "status": "completed",
            "success": true,
            "time_max": 200.0,
            "time_min": 0.0
          },
          "nt_id": 250,
          "params": {
            "fmod0": 0.0002698223273750908,
            "kdeg": 0.040871020865609516,
            "kobs": 0.0007003162618763169,
            "log_fmod0": -8.217746862332621,
            "log_fmod0_err": 0.48948206550384554,
            "log_kdeg": -3.1973340033570166,
            "log_kdeg_err": 0.5073031946227259,
            "log_kobs": -7.263978522272517,
            "log_kobs_err": 0.21160893106369202,
            "metadata": {
              "base": "G",
              "fmod_run_ids": [
                720,
                721,
                722,
                723,
                724,
                725,
                726
              ],
              "site": 21,
              "valtype": "modrate"
            }
          },
          "valtype": "modrate"
        },
        {
          "diagnostics": {
            "chisq": 7.517573502163961e-07,
            "covariance": {
              "matrix": [
                [
                  0.0011514304087957188,
                  0.00018929888634026132,
                  -0.024227428750724582
                ],
                [
                  0.00018929888634026132,
                  0.006499229294133286,
                  -0.029779959266846776
                ],
                [
                  -0.024227428750724582,
                  -0.029779959266846776,
                  0.7209193422441191
                ]
              ],
              "params": [
                "log_kappa",
                "log_kdeg",
                "log_fmod_0"
              ]
            },
            "ndata": 7,
            "nfree": 4,
            "r2": 0.9955043080643905,
            "reduced_chisq": 1.8793933755409902e-07,
            "status": "completed",
            "success": true,
            "time_max": 200.0,
            "time_min": 0.0
          },
          "nt_id": 251,
          "params": {
            "fmod0": 0.0004979772322257159,
            "kdeg": 0.042241899006027255,
            "kobs": 0.01415478530275398,
            "log_fmod0": -7.604956200406997,
            "log_fmod0_err": 0.8490696922185593,
            "log_kdeg": -3.164342683065636,
            "log_kdeg_err": 0.08061779762641302,
            "log_kobs": -4.257702528123979,
            "log_kobs_err": 0.03393273358861203,
            "metadata": {
              "base": "A",
              "fmod_run_ids": [
                720,
                721,
                722,
                723,
                724,
                725,
                726
              ],
              "site": 22,
              "valtype": "modrate"
            }
          },
          "valtype": "modrate"
        },
        {
          "diagnostics": {
            "chisq": 4.328061994586249e-07,
            "covariance": {
              "matrix": [
                [
                  0.004716265884019665,
                  -0.005436809615679658,
                  -0.017200730571675305
                ],
                [
                  -0.005436809615679658,
                  0.301787149021697,
                  -0.005281008686200117
                ],
                [
                  -0.017200730571675305,
                  -0.005281008686200117,
                  0.07567752370318538
                ]
              ],
              "params": [
                "log_kappa",
                "log_kdeg",
                "log_fmod_0"
              ]
            },
            "ndata": 7,
            "nfree": 4,
            "r2": 0.9819543401060072,
            "reduced_chisq": 1.0820154986465622e-07,
            "status": "completed",
            "success": true,
            "time_max": 200.0,
            "time_min": 0.0
          },
          "nt_id": 252,
          "params": {
            "fmod0": 0.0011956884003717701,
            "kdeg": 0.2170687922594809,
            "kobs": 0.005287072010707307,
            "log_fmod0": -6.729033192204998,
            "log_fmod0_err": 0.275095481066457,
            "log_kdeg": -1.5275409606596726,
            "log_kdeg_err": 0.5493515714200671,
            "log_kobs": -5.242490681487306,
            "log_kobs_err": 0.06867507469249426,
            "metadata": {
              "base": "U",
              "fmod_run_ids": [
                720,
                721,
                722,
                723,
                724,
                725,
                726
              ],
              "site": 23,
              "valtype": "modrate"
            }
          },
          "valtype": "modrate"
        },
        {
          "diagnostics": {
            "chisq": 5.051812106547333e-07,
            "covariance": {
              "matrix": [
                [
                  0.00031176357948061606,
                  4.8973755631696876e-05,
                  -0.004209150835828153
                ],
                [
                  4.8973755631696876e-05,
                  0.0017537341531690344,
                  -0.005220797914370557
                ],
                [
                  -0.004209150835828153,
                  -0.005220797914370557,
                  0.08091760170306989
                ]
              ],
              "params": [
                "log_kappa",
                "log_kdeg",
                "log_fmod_0"
              ]
            },
            "ndata": 7,
            "nfree": 4,
            "r2": 0.9987889354169109,
            "reduced_chisq": 1.262953026636833e-07,
            "status": "completed",
            "success": true,
            "time_max": 200.0,
            "time_min": 0.0
          },
          "nt_id": 253,
          "params": {
            "fmod0": 0.0012169173333162933,
            "kdeg": 0.041299606966830014,
            "kobs": 0.022476661264260327,
            "log_fmod0": -6.7114343938933185,
            "log_fmod0_err": 0.28446019352990304,
            "log_kdeg": -3.1869022956020787,
            "log_kdeg_err": 0.04187760921028127,
            "log_kobs": -3.7952777852599917,
            "log_kobs_err": 0.01765682812626934,
            "metadata": {
              "base": "C",
              "fmod_run_ids": [
                720,
                721,
                722,
                723,
                724,
                725,
                726
              ],
              "site": 24,
              "valtype": "modrate"
            }
          },
          "valtype": "modrate"
        },
        {
          "diagnostics": {
            "chisq": 7.677274677914528e-08,
            "covariance": {
              "matrix": [
                [
                  0.0020675994219063183,
                  -0.00020072035245478597,
                  -0.004656205177850698
                ],
                [
                  -0.00020072035245478597,
                  0.01730213159014498,
                  -0.0029464167222698497
                ],
                [
                  -0.004656205177850698,
                  -0.0029464167222698497,
                  0.013016824001396544
                ]
              ],
              "params": [
                "log_kappa",
                "log_kdeg",
                "log_fmod_0"
              ]
            },
            "ndata": 7,
            "nfree": 4,
            "r2": 0.9918334882706954,
            "reduced_chisq": 1.919318669478632e-08,
            "status": "completed",
            "success": true,
            "time_max": 200.0,
            "time_min": 0.0
          },
          "nt_id": 254,
          "params": {
            "fmod0": 0.0012131664197563715,
            "kdeg": 0.10077780939965728,
            "kobs": 0.003377807057790644,
            "log_fmod0": -6.714521461599545,
            "log_fmod0_err": 0.11409129678199185,
            "log_kdeg": -2.294837092424972,
            "log_kdeg_err": 0.13153756721995805,
            "log_kobs": -5.690528579518889,
            "log_kobs_err": 0.04547086343919937,
            "metadata": {
              "base": "U",
              "fmod_run_ids": [
                720,
                721,
                722,
                723,
                724,
                725,
                726
              ],
              "site": 25,
              "valtype": "modrate"
            }
          },
          "valtype": "modrate"
        },
        {
          "diagnostics": {
            "chisq": 2.427427252624561e-08,
            "covariance": {
              "matrix": [
                [
                  0.01703010040670443,
                  0.0021690815958346392,
                  -0.020148351437513506
                ],
                [
                  0.0021690815958346392,
                  0.10093377464657469,
                  -0.0281927142466378
                ],
                [
                  -0.020148351437513506,
                  -0.0281927142466378,
                  0.035898283869468035
                ]
              ],
              "params": [
                "log_kappa",
                "log_kdeg",
                "log_fmod_0"
              ]
            },
            "ndata": 7,
            "nfree": 4,
            "r2": 0.9364243037672814,
            "reduced_chisq": 6.068568131561402e-09,
            "status": "completed",
            "success": true,
            "time_max": 200.0,
            "time_min": 0.0
          },
          "nt_id": 255,
          "params": {
            "fmod0": 0.0003956926796978058,
            "kdeg": 0.03596602368165002,
            "kobs": 0.0006485938663017852,
            "log_fmod0": -7.834872709370486,
            "log_fmod0_err": 0.18946842446557693,
            "log_kdeg": -3.325180572793872,
            "log_kdeg_err": 0.31770076274156894,
            "log_kobs": -7.340703820963116,
            "log_kobs_err": 0.1304994268443522,
            "metadata": {
              "base": "G",
              "fmod_run_ids": [
                720,
                721,
                722,
                723,
                724,
                725,
                726
              ],
              "site": 26,
              "valtype": "modrate"
            }
          },
          "valtype": "modrate"
        },
        {
          "diagnostics": {
            "chisq": 6.693166440595725e-08,
            "covariance": {
              "matrix": [
                [
                  7.050653284656503e-05,
                  1.0436678034541744e-05,
                  -0.0018843878343889346
                ],
                [
                  1.0436678034541744e-05,
                  0.00040309028520117766,
                  -0.0024458806465447198
                ],
                [
                  -0.0018843878343889346,
                  -0.0024458806465447198,
                  0.07316835917318977
                ]
              ],
              "params": [
                "log_kappa",
                "log_kdeg",
                "log_fmod_0"
              ]
            },
            "ndata": 7,
            "nfree": 4,
            "r2": 0.9997241435524189,
            "reduced_chisq": 1.6732916101489312e-08,
            "status": "completed",
            "success": true,
            "time_max": 200.0,
            "time_min": 0.0
          },
          "nt_id": 256,
          "params": {
            "fmod0": 0.0004638043030165032,
            "kdeg": 0.039070888295795886,
            "kobs": 0.017075100756715964,
            "log_fmod0": -7.6760478554443905,
            "log_fmod0_err": 0.27049650491862137,
            "log_kdeg": -3.2423776341665556,
            "log_kdeg_err": 0.020077108487060024,
            "log_kobs": -4.070133972710133,
            "log_kobs_err": 0.008396816828213239,
            "metadata": {
              "base": "A",
              "fmod_run_ids": [
                720,
                721,
                722,
                723,
                724,
                725,
                726
              ],
              "site": 27,
              "valtype": "modrate"
            }
          },
          "valtype": "modrate"
        },
        {
          "diagnostics": {
            "chisq": 4.916829771340176e-08,
            "covariance": {
              "matrix": [
                [
                  0.022346413785440822,
                  0.0031545645439682653,
                  -0.039511662024581694
                ],
                [
                  0.0031545645439682653,
                  0.1279443213093815,
                  -0.037856859501694644
                ],
                [
                  -0.039511662024581694,
                  -0.037856859501694644,
                  0.09130900567276347
                ]
              ],
              "params": [
                "log_kappa",
                "log_kdeg",
                "log_fmod_0"
              ]
            },
            "ndata": 7,
            "nfree": 4,
            "r2": 0.9182688797388873,
            "reduced_chisq": 1.229207442835044e-08,
            "status": "completed",
            "success": true,
            "time_max": 200.0,
            "time_min": 0.0
          },
          "nt_id": 257,
          "params": {
            "fmod0": 0.0003636952128640606,
            "kdeg": 0.05990200005126248,
            "kobs": 0.0008181472468077184,
            "log_fmod0": -7.919194368378382,
            "log_fmod0_err": 0.30217380044067926,
            "log_kdeg": -2.8150453845807246,
            "log_kdeg_err": 0.35769305460042344,
            "log_kobs": -7.108468229238687,
            "log_kobs_err": 0.14948716930038117,
            "metadata": {
              "base": "G",
              "fmod_run_ids": [
                720,
                721,
                722,
                723,
                724,
                725,
                726
              ],
              "site": 28,
              "valtype": "modrate"
            }
          },
          "valtype": "modrate"
        },
        {
          "diagnostics": {
            "chisq": 1.8896839561899765e-06,
            "covariance": {
              "matrix": [
                [
                  0.0012381684906145082,
                  0.00016483939536435208,
                  -0.008393317426916555
                ],
                [
                  0.00016483939536435208,
                  0.0071227198911256685,
                  -0.011203792389719247
                ],
                [
                  -0.008393317426916555,
                  -0.011203792389719247,
                  0.08407922167823026
                ]
              ],
              "params": [
                "log_kappa",
                "log_kdeg",
                "log_fmod_0"
              ]
            },
            "ndata": 7,
            "nfree": 4,
            "r2": 0.995197801455005,
            "reduced_chisq": 4.724209890474941e-07,
            "status": "completed",
            "success": true,
            "time_max": 200.0,
            "time_min": 0.0
          },
          "nt_id": 258,
          "params": {
            "fmod0": 0.0022911753511103534,
            "kdeg": 0.037393529947738126,
            "kobs": 0.02172483070212549,
            "log_fmod0": -6.078690339325669,
            "log_fmod0_err": 0.2899641730942467,
            "log_kdeg": -3.2862575855769762,
            "log_kdeg_err": 0.0843962078006214,
            "log_kobs": -3.8292994006285714,
            "log_kobs_err": 0.03518761842771557,
            "metadata": {
              "base": "C",
              "fmod_run_ids": [
                720,
                721,
                722,
                723,
                724,
                725,
                726
              ],
              "site": 29,
              "valtype": "modrate"
            }
          },
          "valtype": "modrate"
        },
        {
          "diagnostics": {
            "chisq": 8.517380792550402e-07,
            "covariance": {
              "matrix": [
                [
                  0.010273000437523013,
                  -0.016877408426816506,
                  -0.032431701032694674
                ],
                [
                  -0.016877408426816506,
                  1.2006490751258596,
                  -0.008801778229371263
                ],
                [
                  -0.032431701032694674,
                  -0.008801778229371263,
                  0.12328457888048733
                ]
              ],
              "params": [
                "log_kappa",
                "log_kdeg",
                "log_fmod_0"
              ]
            },
            "ndata": 7,
            "nfree": 4,
            "r2": 0.9615895419607696,
            "reduced_chisq": 2.1293451981376006e-07,
            "status": "completed",
            "success": true,
            "time_max": 200.0,
            "time_min": 0.0
          },
          "nt_id": 259,
          "params": {
            "fmod0": 0.0013141760800737684,
            "kdeg": 0.24541292938265138,
            "kobs": 0.005020211520417939,
            "log_fmod0": -6.634545364797051,
            "log_fmod0_err": 0.3511190380490459,
            "log_kdeg": -1.4048130611223661,
            "log_kdeg_err": 1.095741335866207,
            "log_kobs": -5.294283210624754,
            "log_kobs_err": 0.10135581106933639,
            "metadata": {
              "base": "U",
              "fmod_run_ids": [
                720,
                721,
                722,
                723,
                724,
                725,
                726
              ],
              "site": 31,
              "valtype": "modrate"
            }
          },
          "valtype": "modrate"
        },
        {
          "diagnostics": {
            "chisq": 1.561920988568256e-07,
            "covariance": {
              "matrix": [
                [
                  0.0025971420251880207,
                  -0.0012016018797577832,
                  -0.008439913122005904
                ],
                [
                  -0.0012016018797577832,
                  0.04874709120656692,
                  -0.003660948513644217
                ],
                [
                  -0.008439913122005904,
                  -0.003660948513644217,
                  0.03338452988359439
                ]
              ],
              "params": [
                "log_kappa",
                "log_kdeg",
                "log_fmod_0"
              ]
            },
            "ndata": 7,
            "nfree": 4,
            "r2": 0.9898764901543861,
            "reduced_chisq": 3.90480247142064e-08,
            "status": "completed",
            "success": true,
            "time_max": 200.0,
            "time_min": 0.0
          },
          "nt_id": 260,
          "params": {
            "fmod0": 0.001081418678898784,
            "kdeg": 0.15318844084045496,
            "kobs": 0.004288475883260308,
            "log_fmod0": -6.82948150827967,
            "log_fmod0_err": 0.1827143395675183,
            "log_kdeg": -1.8760864759553102,
            "log_kdeg_err": 0.2207874344399312,
            "log_kobs": -5.451823881133542,
            "log_kobs_err": 0.05096216268162116,
            "metadata": {
              "base": "U",
              "fmod_run_ids": [
                720,
                721,
                722,
                723,
                724,
                725,
                726
              ],
              "site": 32,
              "valtype": "modrate"
            }
          },
          "valtype": "modrate"
        },
        {
          "diagnostics": {
            "chisq": 2.270532266577671e-06,
            "covariance": {
              "matrix": [
                [
                  0.0011173725508585007,
                  0.00017188195918968761,
                  -0.020685731187738445
                ],
                [
                  0.00017188195918968761,
                  0.006283370283031343,
                  -0.025808487493862258
                ],
                [
                  -0.020685731187738445,
                  -0.025808487493862258,
                  0.5472888072414757
                ]
              ],
              "params": [
                "log_kappa",
                "log_kdeg",
                "log_fmod_0"
              ]
            },
            "ndata": 7,
            "nfree": 4,
            "r2": 0.9956850652889677,
            "reduced_chisq": 5.676330666444178e-07,
            "status": "completed",
            "success": true,
            "time_max": 200.0,
            "time_min": 0.0
          },
          "nt_id": 261,
          "params": {
            "fmod0": 0.0009912641092777803,
            "kdeg": 0.040831687635354684,
            "kobs": 0.02523300875031695,
            "log_fmod0": -6.916529551292778,
            "log_fmod0_err": 0.7397897047414729,
            "log_kdeg": -3.1982968412852855,
            "log_kdeg_err": 0.07926771274000116,
            "log_kobs": -3.6796022705531053,
            "log_kobs_err": 0.03342712298207102,
            "metadata": {
              "base": "C",
              "fmod_run_ids": [
                720,
                721,
                722,
                723,
                724,
                725,
                726
              ],
              "site": 33,
              "valtype": "modrate"
            }
          },
          "valtype": "modrate"
        },
        {
          "diagnostics": {
            "chisq": 1.2978574843564557e-07,
            "covariance": {
              "matrix": [
                [
                  0.10440997208754832,
                  0.01207983341337179,
                  -0.09317427424257524
                ],
                [
                  0.01207983341337179,
                  0.6235282197625838,
                  -0.13294120428537323
                ],
                [
                  -0.09317427424257524,
                  -0.13294120428537323,
                  0.12678530650241365
                ]
              ],
              "params": [
                "log_kappa",
                "log_kdeg",
                "log_fmod_0"
              ]
            },
            "ndata": 7,
            "nfree": 4,
            "r2": 0.7059845037370804,
            "reduced_chisq": 3.244643710891139e-08,
            "status": "completed",
            "success": true,
            "time_max": 200.0,
            "time_min": 0.0
          },
          "nt_id": 262,
          "params": {
            "fmod0": 0.000485678549652679,
            "kdeg": 0.03502489788394725,
            "kobs": 0.0006051836099897618,
            "log_fmod0": -7.6299635733665365,
            "log_fmod0_err": 0.3560692439714692,
            "log_kdeg": -3.35169610228231,
            "log_kdeg_err": 0.7896380308486818,
            "log_kobs": -7.4099786583900915,
            "log_kobs_err": 0.32312531947767315,
            "metadata": {
              "base": "G",
              "fmod_run_ids": [
                720,
                721,
                722,
                723,
                724,
                725,
                726
              ],
              "site": 34,
              "valtype": "modrate"
            }
          },
          "valtype": "modrate"
        },
        {
          "diagnostics": {
            "chisq": 2.3476735808188307e-07,
            "covariance": {
              "matrix": [
                [
                  0.15836819766309487,
                  0.02492862966720515,
                  -0.1745624864465849
                ],
                [
                  0.02492862966720515,
                  0.8955974847920098,
                  -0.17619774011230868
                ],
                [
                  -0.1745624864465849,
                  -0.17619774011230868,
                  0.2543632658939858
                ]
              ],
              "params": [
                "log_kappa",
                "log_kdeg",
                "log_fmod_0"
              ]
            },
            "ndata": 7,
            "nfree": 4,
            "r2": 0.6133847543411615,
            "reduced_chisq": 5.869183952047077e-08,
            "status": "completed",
            "success": true,
            "time_max": 200.0,
            "time_min": 0.0
          },
          "nt_id": 263,
          "params": {
            "fmod0": 0.000475097065421351,
            "kdeg": 0.0559414931315287,
            "kobs": 0.0006705409217991447,
            "log_fmod0": -7.651991426550418,
            "log_fmod0_err": 0.5043443921508256,
            "log_kdeg": -2.8834488999033185,
            "log_kdeg_err": 0.9463601242613775,
            "log_kobs": -7.307425825338841,
            "log_kobs_err": 0.39795501964806884,
            "metadata": {
              "base": "G",
              "fmod_run_ids": [
                720,
                721,
                722,
                723,
                724,
                725,
                726
              ],
              "site": 36,
              "valtype": "modrate"
            }
          },
          "valtype": "modrate"
        },
        {
          "diagnostics": {
            "chisq": 4.021564546478639e-07,
            "covariance": {
              "matrix": [
                [
                  0.00040590452786864084,
                  2.953710993946321e-05,
                  -0.004790764641131109
                ],
                [
                  2.953710993946321e-05,
                  0.0024376104603661903,
                  -0.00709323436276738
                ],
                [
                  -0.004790764641131109,
                  -0.00709323436276738,
                  0.089214507385022
                ]
              ],
              "params": [
                "log_kappa",
                "log_kdeg",
                "log_fmod_0"
              ]
            },
            "ndata": 7,
            "nfree": 4,
            "r2": 0.998409860059789,
            "reduced_chisq": 1.0053911366196597e-07,
            "status": "completed",
            "success": true,
            "time_max": 200.0,
            "time_min": 0.0
          },
          "nt_id": 264,
          "params": {
            "fmod0": 0.0010131014323658664,
            "kdeg": 0.032708157452930334,
            "kobs": 0.01736015996723198,
            "log_fmod0": -6.894738928061138,
            "log_fmod0_err": 0.2986879766328434,
            "log_kdeg": -3.4201307687973825,
            "log_kdeg_err": 0.04937216280826869,
            "log_kobs": -4.053577355090085,
            "log_kobs_err": 0.020147072439157032,
            "metadata": {
              "base": "C",
              "fmod_run_ids": [
                720,
                721,
                722,
                723,
                724,
                725,
                726
              ],
              "site": 37,
              "valtype": "modrate"
            }
          },
          "valtype": "modrate"
        },
        {
          "diagnostics": {
            "chisq": 1.3004807973838654e-07,
            "covariance": {
              "matrix": [
                [
                  0.004882213786568886,
                  -0.0015156292308039893,
                  -0.014814179908612257
                ],
                [
                  -0.0015156292308039893,
                  0.06536437713571375,
                  -0.007352327843605072
                ],
                [
                  -0.014814179908612257,
                  -0.007352327843605072,
                  0.05501309352282121
                ]
              ],
              "params": [
                "log_kappa",
                "log_kdeg",
                "log_fmod_0"
              ]
            },
            "ndata": 7,
            "nfree": 4,
            "r2": 0.9810320991135075,
            "reduced_chisq": 3.2512019934596636e-08,
            "status": "completed",
            "success": true,
            "time_max": 200.0,
            "time_min": 0.0
          },
          "nt_id": 265,
          "params": {
            "fmod0": 0.0007686185893564446,
            "kdeg": 0.13296518868149435,
            "kobs": 0.0028536800114607468,
            "log_fmod0": -7.170915694130112,
            "log_fmod0_err": 0.23454870181440188,
            "log_kdeg": -2.01766792425696,
            "log_kdeg_err": 0.25566457935293607,
            "log_kobs": -5.859145885533324,
            "log_kobs_err": 0.06987284012095749,
            "metadata": {
              "base": "U",
              "fmod_run_ids": [
                720,
                721,
                722,
                723,
                724,
                725,
                726
              ],
              "site": 38,
              "valtype": "modrate"
            }
          },
          "valtype": "modrate"
        },
        {
          "diagnostics": {
            "chisq": 6.375589101649694e-07,
            "covariance": {
              "matrix": [
                [
                  0.00044750392907555534,
                  4.179585776068715e-05,
                  -0.011780098624157456
                ],
                [
                  4.179585776068715e-05,
                  0.0026455871390998476,
                  -0.016882706329371076
                ],
                [
                  -0.011780098624157456,
                  -0.016882706329371076,
                  0.4788892964306485
                ]
              ],
              "params": [
                "log_kappa",
                "log_kdeg",
                "log_fmod_0"
              ]
            },
            "ndata": 7,
            "nfree": 4,
            "r2": 0.9982548494329782,
            "reduced_chisq": 1.5938972754124234e-07,
            "status": "completed",
            "success": true,
            "time_max": 200.0,
            "time_min": 0.0
          },
          "nt_id": 266,
          "params": {
            "fmod0": 0.0005528272809978255,
            "kdeg": 0.034006820290503545,
            "kobs": 0.0209143355284308,
            "log_fmod0": -7.500464936153576,
            "log_fmod0_err": 0.692018277526431,
            "log_kdeg": -3.3811941777033034,
            "log_kdeg_err": 0.05143527135244693,
            "log_kobs": -3.8673204446891987,
            "log_kobs_err": 0.02115428866862593,
            "metadata": {
              "base": "C",
              "fmod_run_ids": [
                720,
                721,
                722,
                723,
                724,
                725,
                726
              ],
              "site": 39,
              "valtype": "modrate"
            }
          },
          "valtype": "modrate"
        },
        {
          "diagnostics": {
            "chisq": 8.83084594980422e-08,
            "covariance": {
              "matrix": [
                [
                  0.0014625353598823013,
                  -0.0005495134563186976,
