{
  "artifacts": {},
  "engine": "python_baseline",
  "engine_version": "0.1.0",
  "metadata": {
    "buffer_pH": 6.4,
    "done_by": [
      "EKC"
    ],
    "experiment_id": "ekc.01.0xx",
    "fmod_run_id": 871,
    "initial_kdeg": 0.046628528165773286,
    "initial_kdeg_source": "arrhenius:nmr:deg:dms:Schwalbe_bistris",
    "initial_log_kdeg": -3.065542732765291,
    "notes": "Baseline python engine demo using examples/nerd.sqlite",
    "outlier_specs": [
      "121:087-HIV-C30U-80c-a-6-m:34_G:modrate"
    ],
    "outliers_applied": 1,
    "rg_id": 121,
    "rg_label": "80_1_12",
    "rounds_requested": [
      "round1_free",
      "round2_global",
      "round3_constrained"
    ],
    "rt_protocol": [
      "MRT"
    ],
    "selected_site_bases": [
      "17_G",
      "18_G",
      "19_C",
      "1_U",
      "20_A",
      "21_G",
      "22_A",
      "23_U",
      "24_C",
      "25_U",
      "26_G",
      "27_A",
      "28_G",
      "29_C",
      "2_A",
      "30_U",
      "31_U",
      "32_G",
      "33_G",
      "34_G",
      "35_A",
      "36_G",
      "37_C",
      "38_U",
      "39_C",
      "3_A",
      "40_U",
      "41_C",
      "42_U",
      "43_G",
      "44_C",
      "45_C",
      "61_A",
      "62_A",
      "63_U",
      "64_C"
    ],
    "temperature_c": 80.0,
    "valtypes": [
      "modrate",
      "GAmodrate"
    ]
  },
  "rounds": [
    {
      "global_params": {},
      "notes": null,
      "per_nt": [
        {
          "diagnostics": {
            "reason": "Non-zero fmod values are required for a fit.",
            "status": "failed"
          },
          "nt_id": 93,
          "params": {},
          "valtype": "modrate"
        },
        {
          "diagnostics": {
            "reason": "Non-zero fmod values are required for a fit.",
            "status": "failed"
          },
          "nt_id": 94,
          "params": {},
          "valtype": "modrate"
        },
        {
          "diagnostics": {
            "reason": "Non-zero fmod values are required for a fit.",
            "status": "failed"
          },
          "nt_id": 95,
          "params": {},
          "valtype": "modrate"
        },
        {
          "diagnostics": {
            "reason": "Non-zero fmod values are required for a fit.",
            "status": "failed"
          },
          "nt_id": 96,
          "params": {},
          "valtype": "modrate"
        },
        {
          "diagnostics": {
            "chisq": 3.534721476006352e-08,
            "covariance": {
              "matrix": [
                [
                  0.11361145829013855,
                  -0.20995547007417287,
                  -0.007695290310637408
                ],
                [
                  -0.20995547007417287,
                  0.9225314350273961,
                  -0.07924891778230266
                ],
                [
                  -0.007695290310637408,
                  -0.07924891778230266,
                  0.021093897386183374
                ]
              ],
              "params": [
                "log_kappa",
                "log_kdeg",
                "log_fmod_0"
              ]
            },
            "ndata": 7,
            "nfree": 4,
            "r2": 0.7916216780046954,
            "reduced_chisq": 8.83680369001588e-09,
            "status": "completed",
            "success": true,
            "time_max": 135.0,
            "time_min": 0.0
          },
          "nt_id": 97,
          "params": {
            "fmod0": 0.0005463938361988521,
            "kdeg": 0.018615925347702848,
            "kobs": 0.0004193331894320635,
            "log_fmod0": -7.5121705305201285,
            "log_fmod0_err": 0.14523738288121063,
            "log_kdeg": -3.983737863104989,
            "log_kdeg_err": 0.9604849998971333,
            "log_kobs": -7.776844752538837,
            "log_kobs_err": 0.33706298860915973,
            "metadata": {
              "base": "G",
              "fmod_run_ids": [
                870,
                871,
                872,
                873,
                874,
                875,
                876
              ],
              "site": 18,
              "valtype": "modrate"
            }
          },
          "valtype": "modrate"
        },
        {
          "diagnostics": {
            "chisq": 4.958207226593779e-06,
            "covariance": {
              "matrix": [
                [
                  0.0023697718592566802,
                  0.00045539355876064936,
                  -0.05307804971911927
                ],
                [
                  0.00045539355876064936,
                  0.01486186675958475,
                  -0.08091962047839728
                ],
                [
                  -0.05307804971911927,
                  -0.08091962047839728,
                  1.8107617497834638
                ]
              ],
              "params": [
                "log_kappa",
                "log_kdeg",
                "log_fmod_0"
              ]
            },
            "ndata": 7,
            "nfree": 4,
            "r2": 0.9909102119427378,
            "reduced_chisq": 1.2395518066484448e-06,
            "status": "completed",
            "success": true,
            "time_max": 135.0,
            "time_min": 0.0
          },
          "nt_id": 98,
          "params": {
            "fmod0": 0.0007904229533394819,
            "kdeg": 0.04763126362314658,
            "kobs": 0.025131938517125765,
            "log_fmod0": -7.142942371796046,
            "log_fmod0_err": 1.3456454770047956,
            "log_kdeg": -3.0442659345371,
            "log_kdeg_err": 0.12190925625064222,
            "log_kobs": -3.683615790842417,
            "log_kobs_err": 0.048680302579756835,
            "metadata": {
              "base": "C",
              "fmod_run_ids": [
                870,
                871,
                872,
                873,
                874,
                875,
                876
              ],
              "site": 19,
              "valtype": "modrate"
            }
          },
          "valtype": "modrate"
        },
        {
          "diagnostics": {
            "chisq": 7.246414121629599e-07,
            "covariance": {
              "matrix": [
                [
                  0.0006188702447545997,
                  0.0001308132768580886,
                  -0.015543877941327592
                ],
                [
                  0.0001308132768580886,
                  0.0038506215860404894,
                  -0.023271835263579684
                ],
                [
                  -0.015543877941327592,
                  -0.023271835263579684,
                  0.5861583427720648
                ]
              ],
              "params": [
                "log_kappa",
                "log_kdeg",
                "log_fmod_0"
              ]
            },
            "ndata": 7,
            "nfree": 4,
            "r2": 0.9975967138795646,
            "reduced_chisq": 1.8116035304073998e-07,
            "status": "completed",
            "success": true,
            "time_max": 135.0,
            "time_min": 0.0
          },
          "nt_id": 99,
          "params": {
            "fmod0": 0.0005324988734655105,
            "kdeg": 0.049051183208335986,
            "kobs": 0.018702564258060023,
            "log_fmod0": -7.5379297759406585,
            "log_fmod0_err": 0.7656097849244514,
            "log_kdeg": -3.0148909707676,
            "log_kdeg_err": 0.062053376910853844,
            "log_kobs": -3.979094638423054,
            "log_kobs_err": 0.024877102820758685,
            "metadata": {
              "base": "A",
              "fmod_run_ids": [
                870,
                871,
                872,
                873,
                874,
                875,
                876
              ],
              "site": 20,
              "valtype": "modrate"
            }
          },
          "valtype": "modrate"
        },
        {
          "diagnostics": {
            "chisq": 1.388360621727522e-08,
            "covariance": {
              "matrix": [
                [
                  0.014460968846618882,
                  -0.013921576340157353,
                  -0.007284846703699791
                ],
                [
                  -0.013921576340157353,
                  0.1266297274034801,
                  -0.02402662702134762
                ],
                [
                  -0.007284846703699791,
                  -0.02402662702134762,
                  0.01493994155325017
                ]
              ],
              "params": [
                "log_kappa",
                "log_kdeg",
                "log_fmod_0"
              ]
            },
            "ndata": 7,
            "nfree": 4,
            "r2": 0.9508452444551255,
            "reduced_chisq": 3.470901554318805e-09,
            "status": "completed",
            "success": true,
            "time_max": 135.0,
            "time_min": 0.0
          },
          "nt_id": 100,
          "params": {
            "fmod0": 0.00042376486719516293,
            "kdeg": 0.025554502412456343,
            "kobs": 0.0005625120613641372,
            "log_fmod0": -7.766331815058729,
            "log_fmod0_err": 0.12222905363803718,
            "log_kdeg": -3.666941758191675,
            "log_kdeg_err": 0.3558507094323125,
            "log_kobs": -7.4830979816904515,
            "log_kobs_err": 0.12025376853395855,
            "metadata": {
              "base": "G",
              "fmod_run_ids": [
                870,
                871,
                872,
                873,
                874,
                875,
                876
              ],
              "site": 21,
              "valtype": "modrate"
            }
          },
          "valtype": "modrate"
        },
        {
          "diagnostics": {
            "chisq": 5.269747127695175e-07,
            "covariance": {
              "matrix": [
                [
                  0.0006694967548682248,
                  0.00016346667590623148,
                  -0.01730954849495119
                ],
                [
                  0.00016346667590623148,
                  0.004041823959426447,
                  -0.024530616058269495
                ],
                [
                  -0.01730954849495119,
                  -0.024530616058269495,
                  0.6504961183908313
                ]
              ],
              "params": [
                "log_kappa",
                "log_kdeg",
                "log_fmod_0"
              ]
            },
            "ndata": 7,
            "nfree": 4,
            "r2": 0.9973983174532759,
            "reduced_chisq": 1.3174367819237938e-07,
            "status": "completed",
            "success": true,
            "time_max": 135.0,
            "time_min": 0.0
          },
          "nt_id": 101,
          "params": {
            "fmod0": 0.0004339177690528349,
            "kdeg": 0.05275278238189466,
            "kobs": 0.015342195327630828,
            "log_fmod0": -7.742655514044491,
            "log_fmod0_err": 0.8065333957071036,
            "log_kdeg": -2.9421387614408108,
            "log_kdeg_err": 0.06357534081250722,
            "log_kobs": -4.177148381963646,
            "log_kobs_err": 0.0258746353572031,
            "metadata": {
              "base": "A",
              "fmod_run_ids": [
                870,
                871,
                872,
                873,
                874,
                875,
                876
              ],
              "site": 22,
              "valtype": "modrate"
            }
          },
          "valtype": "modrate"
        },
        {
          "diagnostics": {
            "chisq": 1.4501222589700303e-06,
            "covariance": {
              "matrix": [
                [
                  0.5465844790152113,
                  0.05097732962728366,
                  -0.27800652678726145
                ],
                [
                  0.05097732962728366,
                  3.401423513762459,
                  -0.22057946348713095
                ],
                [
                  -0.27800652678726145,
                  -0.22057946348713095,
                  0.17819648255282716
                ]
              ],
              "params": [
                "log_kappa",
                "log_kdeg",
                "log_fmod_0"
              ]
            },
            "ndata": 7,
            "nfree": 4,
            "r2": 0.31432326082861073,
            "reduced_chisq": 3.625305647425076e-07,
            "status": "completed",
            "success": true,
            "time_max": 135.0,
            "time_min": 0.0
          },
          "nt_id": 102,
          "params": {
            "fmod0": 0.0014211519560334673,
            "kdeg": 0.11334843669131327,
            "kobs": 0.0008999736533417512,
            "log_fmod0": -6.556287499600275,
            "log_fmod0_err": 0.4221332521287883,
            "log_kdeg": -2.1772886939956684,
            "log_kdeg_err": 1.844294855429158,
            "log_kobs": -7.013145069133178,
            "log_kobs_err": 0.739313518755887,
            "metadata": {
              "base": "U",
              "fmod_run_ids": [
                870,
                871,
                872,
                873,
                874,
                875,
                876
              ],
              "site": 23,
              "valtype": "modrate"
            }
          },
          "valtype": "modrate"
        },
        {
          "diagnostics": {
            "chisq": 5.552159200037225e-06,
            "covariance": {
              "matrix": [
                [
                  0.0038863616388319895,
                  0.0007621286615431993,
                  -0.028154127081494843
                ],
                [
                  0.0007621286615431993,
                  0.024440211387919977,
                  -0.04296795831550793
                ],
                [
                  -0.028154127081494843,
                  -0.04296795831550793,
                  0.3102295295376809
                ]
              ],
              "params": [
                "log_kappa",
                "log_kdeg",
                "log_fmod_0"
              ]
            },
            "ndata": 7,
            "nfree": 4,
            "r2": 0.985113008613431,
            "reduced_chisq": 1.3880398000093062e-06,
            "status": "completed",
            "success": true,
            "time_max": 135.0,
            "time_min": 0.0
          },
          "nt_id": 103,
          "params": {
            "fmod0": 0.0020210281862789634,
            "kdeg": 0.04779931830205038,
            "kobs": 0.02067312065780778,
            "log_fmod0": -6.204148893958767,
            "log_fmod0_err": 0.5569825217524164,
            "log_kdeg": -3.0407439010498036,
            "log_kdeg_err": 0.15633365404774488,
            "log_kobs": -3.8789209414635697,
            "log_kobs_err": 0.0623406900734343,
            "metadata": {
              "base": "C",
              "fmod_run_ids": [
                870,
                871,
                872,
                873,
                874,
                875,
                876
              ],
              "site": 24,
              "valtype": "modrate"
            }
          },
          "valtype": "modrate"
        },
        {
          "diagnostics": {
            "chisq": 5.556963008486316e-07,
            "covariance": {
              "matrix": [
                [
                  0.4435376522800884,
                  -0.004692946315576818,
                  -0.14864292812853808
                ],
                [
                  -0.004692946315576818,
                  3.2378738244095424,
                  -0.10235988811268869
                ],
                [
                  -0.14864292812853808,
                  -0.10235988811268869,
                  0.062042403125532594
                ]
              ],
              "params": [
                "log_kappa",
                "log_kdeg",
                "log_fmod_0"
              ]
            },
            "ndata": 7,
            "nfree": 4,
            "r2": 0.3606052870711488,
            "reduced_chisq": 1.389240752121579e-07,
            "status": "completed",
            "success": true,
            "time_max": 135.0,
            "time_min": 0.0
          },
          "nt_id": 104,
          "params": {
            "fmod0": 0.0014939605204423697,
            "kdeg": 0.13585124373914947,
            "kobs": 0.0006186006561901772,
            "log_fmod0": -6.506324618027382,
            "log_fmod0_err": 0.2490831249312819,
            "log_kdeg": -1.9961947879131947,
            "log_kdeg_err": 1.7994092987448804,
            "log_kobs": -7.388050636947335,
            "log_kobs_err": 0.6659862252930524,
            "metadata": {
              "base": "U",
              "fmod_run_ids": [
                870,
                871,
                872,
                873,
                874,
                875,
                876
              ],
              "site": 25,
              "valtype": "modrate"
            }
          },
          "valtype": "modrate"
        },
        {
          "diagnostics": {
            "chisq": 1.4818788885755881e-08,
            "covariance": {
              "matrix": [
                [
                  0.020325588679208063,
                  -0.0085563050944645,
                  -0.010735833613151875
                ],
                [
                  -0.0085563050944645,
                  0.1654652951443717,
                  -0.025792521100541105
                ],
                [
                  -0.010735833613151875,
                  -0.025792521100541105,
                  0.013756816939034857
                ]
              ],
              "params": [
                "log_kappa",
                "log_kdeg",
                "log_fmod_0"
              ]
            },
            "ndata": 7,
            "nfree": 4,
            "r2": 0.9263548700346949,
            "reduced_chisq": 3.7046972214389703e-09,
            "status": "completed",
            "success": true,
            "time_max": 135.0,
            "time_min": 0.0
          },
          "nt_id": 105,
          "params": {
            "fmod0": 0.0004686169478469938,
            "kdeg": 0.030960048082691975,
            "kobs": 0.0004614858358277903,
            "log_fmod0": -7.6657248655642345,
            "log_fmod0_err": 0.11728945791943475,
            "log_kdeg": -3.4750576772032904,
            "log_kdeg_err": 0.40677425575418574,
            "log_kobs": -7.681059196089785,
            "log_kobs_err": 0.14256783886700417,
            "metadata": {
              "base": "G",
              "fmod_run_ids": [
                870,
                871,
                872,
                873,
                874,
                875,
                876
              ],
              "site": 26,
              "valtype": "modrate"
            }
          },
          "valtype": "modrate"
        },
        {
          "diagnostics": {
            "chisq": 1.3183751009321022e-06,
            "covariance": {
              "matrix": [
                [
                  0.0011297327314458347,
                  0.0002436995808084549,
                  -0.04431795280734494
                ],
                [
                  0.0002436995808084549,
                  0.007000899117532577,
                  -0.06590306997597006
                ],
                [
                  -0.04431795280734494,
                  -0.06590306997597006,
                  2.5994757409796456
                ]
              ],
              "params": [
                "log_kappa",
                "log_kdeg",
                "log_fmod_0"
              ]
            },
            "ndata": 7,
            "nfree": 4,
            "r2": 0.9956228053155675,
            "reduced_chisq": 3.2959377523302555e-07,
            "status": "completed",
            "success": true,
            "time_max": 135.0,
            "time_min": 0.0
          },
          "nt_id": 106,
          "params": {
            "fmod0": 0.00034133472460929015,
            "kdeg": 0.04946829441560219,
            "kobs": 0.01867930859247387,
            "log_fmod0": -7.982646965037458,
            "log_fmod0_err": 1.6122889756429042,
            "log_kdeg": -3.006423331482571,
            "log_kdeg_err": 0.08367137573586667,
            "log_kobs": -3.9803388601173113,
            "log_kobs_err": 0.033611497012865026,
            "metadata": {
              "base": "A",
              "fmod_run_ids": [
                870,
                871,
                872,
                873,
                874,
                875,
                876
              ],
              "site": 27,
              "valtype": "modrate"
            }
          },
          "valtype": "modrate"
        },
        {
          "diagnostics": {
            "chisq": 1.6785054695364847e-08,
            "covariance": {
              "matrix": [
                [
                  0.04192937969318092,
                  0.008833508799296117,
                  -0.02218783577373409
                ],
                [
                  0.008833508799296117,
                  0.26775663489197304,
                  -0.03418224803453803
                ],
                [
                  -0.02218783577373409,
                  -0.03418224803453803,
                  0.017801170756688696
                ]
              ],
              "params": [
                "log_kappa",
                "log_kdeg",
                "log_fmod_0"
              ]
            },
            "ndata": 7,
            "nfree": 4,
            "r2": 0.8572623137442308,
            "reduced_chisq": 4.196263673841212e-09,
            "status": "completed",
            "success": true,
            "time_max": 135.0,
            "time_min": 0.0
          },
          "nt_id": 107,
          "params": {
            "fmod0": 0.0004638956321045731,
            "kdeg": 0.048303035239083164,
            "kobs": 0.00033887329659174813,
            "log_fmod0": -7.675850961847857,
            "log_fmod0_err": 0.13342102816531096,
            "log_kdeg": -3.030260878909162,
            "log_kdeg_err": 0.5174520604770775,
            "log_kobs": -7.989884276814668,
            "log_kobs_err": 0.20476664692566737,
            "metadata": {
              "base": "G",
              "fmod_run_ids": [
                870,
                871,
                872,
                873,
                874,
                875,
                876
              ],
              "site": 28,
              "valtype": "modrate"
            }
          },
          "valtype": "modrate"
        },
        {
          "diagnostics": {
            "chisq": 4.922735334348836e-06,
            "covariance": {
              "matrix": [
                [
                  0.0022078516163927483,
                  0.00046856431524884405,
                  -0.037053614617614486
                ],
                [
                  0.00046856431524884405,
                  0.013584756441940645,
                  -0.05476458920406407
                ],
                [
                  -0.037053614617614486,
                  -0.05476458920406407,
                  0.9293423874444195
                ]
              ],
              "params": [
                "log_kappa",
                "log_kdeg",
                "log_fmod_0"
              ]
            },
            "ndata": 7,
            "nfree": 4,
            "r2": 0.9915458549569982,
            "reduced_chisq": 1.230683833587209e-06,
            "status": "completed",
            "success": true,
            "time_max": 135.0,
            "time_min": 0.0
          },
          "nt_id": 108,
          "params": {
            "fmod0": 0.0011034753100794365,
            "kdeg": 0.04944455832098222,
            "kobs": 0.02601981021709181,
            "log_fmod0": -6.809290706709509,
            "log_fmod0_err": 0.9640240595775706,
            "log_kdeg": -3.0069032710337797,
            "log_kdeg_err": 0.11655366335701614,
            "log_kobs": -3.6488970996564367,
            "log_kobs_err": 0.0469877815649212,
            "metadata": {
              "base": "C",
              "fmod_run_ids": [
                870,
                871,
                872,
                873,
                874,
                875,
                876
              ],
              "site": 29,
              "valtype": "modrate"
            }
          },
          "valtype": "modrate"
        },
        {
          "diagnostics": {
            "chisq": 1.523044700425089e-06,
            "covariance": {
              "matrix": [
                [
                  1.2656015829284244,
                  -0.05558251507891305,
                  -0.2809875399844173
                ],
                [
                  -0.05558251507891305,
                  9.808160966570957,
                  -0.18555300747534167
                ],
                [
                  -0.2809875399844173,
                  -0.18555300747534167,
                  0.07747280858392426
                ]
              ],
              "params": [
                "log_kappa",
                "log_kdeg",
                "log_fmod_0"
              ]
            },
            "ndata": 7,
            "nfree": 4,
            "r2": 0.1650619005318339,
            "reduced_chisq": 3.8076117510627225e-07,
            "status": "completed",
            "success": true,
            "time_max": 135.0,
            "time_min": 0.0
          },
          "nt_id": 109,
          "params": {
            "fmod0": 0.0022141680635646,
            "kdeg": 0.14314530387928598,
            "kobs": 0.000606217723005511,
            "log_fmod0": -6.112878538107564,
            "log_fmod0_err": 0.27833937663206093,
            "log_kdeg": -1.9438950535696597,
            "log_kdeg_err": 3.1317983598199546,
            "log_kobs": -7.408271357533183,
            "log_kobs_err": 1.1249895923644913,
            "metadata": {
              "base": "U",
              "fmod_run_ids": [
                870,
                871,
                872,
                873,
                874,
                875,
                876
              ],
              "site": 30,
              "valtype": "modrate"
            }
          },
          "valtype": "modrate"
        },
        {
          "diagnostics": {
            "chisq": 8.869861444800082e-07,
            "covariance": {
              "matrix": [
                [
                  0.37584695857934874,
                  0.0416612419961609,
                  -0.19746214878836205
                ],
                [
                  0.0416612419961609,
                  2.2881690443606755,
                  -0.1608495942436255
                ],
                [
                  -0.19746214878836205,
                  -0.1608495942436255,
                  0.1310794921121024
                ]
              ],
              "params": [
                "log_kappa",
                "log_kdeg",
                "log_fmod_0"
              ]
            },
            "ndata": 7,
            "nfree": 4,
            "r2": 0.4001449363519528,
            "reduced_chisq": 2.2174653612000206e-07,
            "status": "completed",
            "success": true,
            "time_max": 135.0,
            "time_min": 0.0
          },
          "nt_id": 110,
          "params": {
            "fmod0": 0.0012952829832220995,
            "kdeg": 0.10948764665258794,
            "kobs": 0.0008485590105830582,
            "log_fmod0": -6.6490260878399985,
            "log_fmod0_err": 0.3620490189354232,
            "log_kdeg": -2.2119435520478814,
            "log_kdeg_err": 1.5126695092982723,
            "log_kobs": -7.071970928763004,
            "log_kobs_err": 0.6130635844505435,
            "metadata": {
              "base": "U",
              "fmod_run_ids": [
                870,
                871,
                872,
                873,
                874,
                875,
                876
              ],
              "site": 31,
              "valtype": "modrate"
            }
          },
          "valtype": "modrate"
        },
        {
          "diagnostics": {
            "chisq": 4.812707670774466e-08,
            "covariance": {
              "matrix": [
                [
                  0.15385430129792196,
                  -0.3161451474056444,
                  0.0013875155507233421
                ],
                [
                  -0.3161451474056444,
                  1.060950419395176,
                  -0.07606905380190822
                ],
                [
                  0.0013875155507233421,
                  -0.07606905380190822,
                  0.016476866638911437
                ]
              ],
              "params": [
                "log_kappa",
                "log_kdeg",
                "log_fmod_0"
              ]
            },
            "ndata": 7,
            "nfree": 4,
            "r2": 0.8074311715372188,
            "reduced_chisq": 1.2031769176936165e-08,
            "status": "completed",
            "success": true,
            "time_max": 135.0,
            "time_min": 0.0
          },
          "nt_id": 111,
          "params": {
            "fmod0": 0.000707748314411807,
            "kdeg": 0.015672050584645478,
            "kobs": 0.0005378414885820477,
            "log_fmod0": -7.253422015590351,
            "log_fmod0_err": 0.128362247716809,
            "log_kdeg": -4.155876370636743,
            "log_kdeg_err": 1.0300244751437588,
            "log_kobs": -7.527946672103084,
            "log_kobs_err": 0.392242656142753,
            "metadata": {
              "base": "G",
              "fmod_run_ids": [
                870,
                871,
                872,
                873,
                874,
                875,
                876
              ],
              "site": 32,
              "valtype": "modrate"
            }
          },
          "valtype": "modrate"
        },
        {
          "diagnostics": {
            "chisq": 2.9703060804124595e-08,
            "covariance": {
              "matrix": [
                [
                  0.11167933783638345,
                  -0.024044797013549325,
                  -0.023709134638874408
                ],
                [
                  -0.024044797013549325,
                  0.8648640703644811,
                  -0.05071269617553964
                ],
                [
                  -0.023709134638874408,
                  -0.05071269617553964,
                  0.010438843806822029
                ]
              ],
              "params": [
                "log_kappa",
                "log_kdeg",
                "log_fmod_0"
              ]
            },
            "ndata": 7,
            "nfree": 4,
            "r2": 0.6925449074345419,
            "reduced_chisq": 7.425765201031149e-09,
            "status": "completed",
            "success": true,
            "time_max": 135.0,
            "time_min": 0.0
          },
          "nt_id": 112,
          "params": {
            "fmod0": 0.0007716536988921462,
            "kdeg": 0.03400042731798614,
            "kobs": 0.0002754369728830226,
            "log_fmod0": -7.16697468514464,
            "log_fmod0_err": 0.10217066020547205,
            "log_kdeg": -3.3813821862688918,
            "log_kdeg_err": 0.9299806827910357,
            "log_kobs": -8.197151729108315,
            "log_kobs_err": 0.3341845864733792,
            "metadata": {
              "base": "G",
              "fmod_run_ids": [
                870,
                871,
                872,
                873,
                874,
                875,
                876
              ],
              "site": 33,
              "valtype": "modrate"
            }
          },
          "valtype": "modrate"
        },
        {
          "diagnostics": {
            "chisq": 2.089653356282297e-08,
            "covariance": {
              "matrix": [
                [
                  0.2604526856016906,
                  0.31154324112984716,
                  -0.39155899838885333
                ],
                [
                  0.31154324112984716,
                  0.48167103943137735,
                  -0.49279885250657257
                ],
                [
                  -0.39155899838885333,
                  -0.49279885250657257,
                  0.5990806649133237
                ]
              ],
              "params": [
                "log_kappa",
                "log_kdeg",
                "log_fmod_0"
              ]
            },
            "ndata": 6,
            "nfree": 3,
            "r2": 0.8498567757957021,
            "reduced_chisq": 6.965511187607657e-09,
            "status": "completed",
            "success": true,
            "time_max": 135.0,
            "time_min": 10.0
          },
          "nt_id": 113,
          "params": {
            "fmod0": 0.00048459684213084786,
            "kdeg": 0.06246282624358086,
            "kobs": 0.0007040951592359104,
            "log_fmod0": -7.632193266047885,
            "log_fmod0_err": 0.7740030135040326,
            "log_kdeg": -2.773183679294341,
            "log_kdeg_err": 0.6940252440879779,
            "log_kobs": -7.258597041571597,
            "log_kobs_err": 0.5103456530643624,
            "metadata": {
              "base": "G",
              "fmod_run_ids": [
                870,
                871,
                872,
                873,
                874,
                875
              ],
              "site": 34,
              "valtype": "modrate"
            }
          },
          "valtype": "modrate"
        },
        {
          "diagnostics": {
            "chisq": 7.779207063336369e-07,
            "covariance": {
              "matrix": [
                [
                  0.00060226910802776,
                  0.000138437379963358,
                  -0.004082288351895485
                ],
                [
                  0.000138437379963358,
                  0.0036731238260377047,
                  -0.005912348899749508
                ],
                [
                  -0.004082288351895485,
                  -0.005912348899749508,
                  0.04076216483521828
                ]
              ],
              "params": [
                "log_kappa",
                "log_kdeg",
                "log_fmod_0"
              ]
            },
            "ndata": 7,
            "nfree": 4,
            "r2": 0.9976670006564676,
            "reduced_chisq": 1.9448017658340922e-07,
            "status": "completed",
            "success": true,
            "time_max": 135.0,
            "time_min": 0.0
          },
          "nt_id": 114,
          "params": {
            "fmod0": 0.002100387302878632,
            "kdeg": 0.05107330041760998,
            "kobs": 0.019708007319912554,
            "log_fmod0": -6.165633521315665,
            "log_fmod0_err": 0.20189642105599168,
            "log_kdeg": -2.974493415041417,
            "log_kdeg_err": 0.060606301867361156,
            "log_kobs": -3.926730262882154,
            "log_kobs_err": 0.024541171692235072,
            "metadata": {
              "base": "A",
              "fmod_run_ids": [
                870,
                871,
                872,
                873,
                874,
                875,
                876
              ],
              "site": 35,
              "valtype": "modrate"
            }
          },
          "valtype": "modrate"
        },
        {
          "diagnostics": {
            "chisq": 2.43884272897706e-08,
            "covariance": {
              "matrix": [
                [
                  0.18016098858109247,
                  -0.371020118005049,
                  0.005427323392797115
                ],
                [
                  -0.371020118005049,
                  1.0129326433704748,
                  -0.04307276183410381
                ],
                [
                  0.005427323392797115,
                  -0.04307276183410381,
                  0.005416461049151028
                ]
              ],
              "params": [
                "log_kappa",
                "log_kdeg",
                "log_fmod_0"
              ]
            },
            "ndata": 7,
            "nfree": 4,
            "r2": 0.8496220348108776,
            "reduced_chisq": 6.09710682244265e-09,
            "status": "completed",
            "success": true,
            "time_max": 135.0,
            "time_min": 0.0
          },
          "nt_id": 115,
          "params": {
            "fmod0": 0.0008646585022857636,
            "kdeg": 0.01329081407260711,
            "kobs": 0.0004694305671007362,
            "log_fmod0": -7.053175924029836,
            "log_fmod0_err": 0.07359661031019722,
            "log_kdeg": -4.320682153610233,
            "log_kdeg_err": 1.0064455491334217,
            "log_kobs": -7.663990157151693,
            "log_kobs_err": 0.42445375317116996,
            "metadata": {
              "base": "G",
              "fmod_run_ids": [
                870,
                871,
                872,
                873,
                874,
                875,
                876
              ],
              "site": 36,
              "valtype": "modrate"
            }
          },
          "valtype": "modrate"
        },
        {
          "diagnostics": {
            "chisq": 7.116296696364259e-06,
            "covariance": {
              "matrix": [
                [
                  0.0026994802508894826,
                  0.0005850504094598881,
                  -0.08355248284721638
                ],
                [
                  0.0005850504094598881,
                  0.016479876521237752,
                  -0.12208869742284181
                ],
                [
                  -0.08355248284721638,
                  -0.12208869742284181,
                  3.842696727756751
                ]
              ],
              "params": [
                "log_kappa",
                "log_kdeg",
                "log_fmod_0"
              ]
            },
            "ndata": 7,
            "nfree": 4,
            "r2": 0.9897122785978648,
            "reduced_chisq": 1.7790741740910647e-06,
            "status": "completed",
            "success": true,
            "time_max": 135.0,
            "time_min": 0.0
          },
          "nt_id": 116,
          "params": {
            "fmod0": 0.0006531592224072732,
            "kdeg": 0.05002229600384991,
            "kobs": 0.028381212455668915,
            "log_fmod0": -7.333689626239672,
            "log_fmod0_err": 1.9602797575235915,
            "log_kdeg": -2.995286452869804,
            "log_kdeg_err": 0.12837397135415635,
            "log_kobs": -3.5620278859757417,
            "log_kobs_err": 0.05195652269820877,
            "metadata": {
              "base": "C",
              "fmod_run_ids": [
                870,
                871,
                872,
                873,
                874,
                875,
                876
              ],
              "site": 37,
              "valtype": "modrate"
            }
          },
          "valtype": "modrate"
        },
        {
          "diagnostics": {
            "chisq": 5.030750107270729e-07,
            "covariance": {
              "matrix": [
                [
                  0.22457808543697172,
                  0.026644180424683885,
                  -0.16003803346220952
