{
  "artifacts": {},
  "engine": "python_baseline",
  "engine_version": "0.1.0",
  "metadata": {
    "buffer_pH": 6.4,
    "done_by": [
      "EKC"
    ],
    "experiment_id": "ekc.01.0xx",
    "fmod_run_id": 672,
    "initial_kdeg": 0.019705462789320123,
    "initial_kdeg_source": "arrhenius:nmr:deg:dms:Schwalbe_bistris",
    "initial_log_kdeg": -3.926859382728182,
    "notes": "Baseline python engine demo using examples/nerd.sqlite",
    "rg_id": 118,
    "rg_label": "70_2_12",
    "rounds_requested": [
      "round1_free",
      "round2_global",
      "round3_constrained"
    ],
    "rt_protocol": [
      "MRT"
    ],
    "selected_site_bases": [
      "17_G",
      "18_G",
      "19_C",
      "1_U",
      "20_A",
      "21_G",
      "22_A",
      "23_U",
      "24_C",
      "25_U",
      "26_G",
      "27_A",
      "28_G",
      "29_C",
      "2_A",
      "30_U",
      "31_U",
      "32_G",
      "33_G",
      "34_G",
      "35_A",
      "36_G",
      "37_C",
      "38_U",
      "39_C",
      "3_A",
      "40_U",
      "41_C",
      "42_U",
      "43_G",
      "44_C",
      "45_C",
      "61_A",
      "62_A",
      "63_U",
      "64_C"
    ],
    "temperature_c": 70.0,
    "valtypes": [
      "modrate",
      "GAmodrate"
    ]
  },
  "rounds": [
    {
      "global_params": {},
      "notes": null,
      "per_nt": [
        {
          "diagnostics": {
            "reason": "Non-zero fmod values are required for a fit.",
            "status": "failed"
          },
          "nt_id": 93,
          "params": {},
          "valtype": "modrate"
        },
        {
          "diagnostics": {
            "reason": "Non-zero fmod values are required for a fit.",
            "status": "failed"
          },
          "nt_id": 94,
          "params": {},
          "valtype": "modrate"
        },
        {
          "diagnostics": {
            "reason": "Non-zero fmod values are required for a fit.",
            "status": "failed"
          },
          "nt_id": 95,
          "params": {},
          "valtype": "modrate"
        },
        {
          "diagnostics": {
            "reason": "Non-zero fmod values are required for a fit.",
            "status": "failed"
          },
          "nt_id": 96,
          "params": {},
          "valtype": "modrate"
        },
        {
          "diagnostics": {
            "chisq": 6.828666475638234e-08,
            "covariance": {
              "matrix": [
                [
                  0.05609364875601738,
                  0.003161277855966293,
                  -0.07077479110453806
                ],
                [
                  0.003161277855966293,
                  0.3866856143277117,
                  -0.05771177450472391
                ],
                [
                  -0.07077479110453806,
                  -0.05771177450472391,
                  0.11302040083303883
                ]
              ],
              "params": [
                "log_kappa",
                "log_kdeg",
                "log_fmod_0"
              ]
            },
            "ndata": 7,
            "nfree": 4,
            "r2": 0.816894835014324,
            "reduced_chisq": 1.7071666189095584e-08,
            "status": "completed",
            "success": true,
            "time_max": 300.0,
            "time_min": 0.0
          },
          "nt_id": 97,
          "params": {
            "fmod0": 0.00038732427493765324,
            "kdeg": 0.05732072753846859,
            "kobs": 0.0006082472057750342,
            "log_fmod0": -7.856248296057715,
            "log_fmod0_err": 0.33618506931902675,
            "log_kdeg": -2.859092983526502,
            "log_kdeg_err": 0.6218405055379649,
            "log_kobs": -7.404929170187011,
            "log_kobs_err": 0.23684097778048752,
            "metadata": {
              "base": "G",
              "fmod_run_ids": [
                671,
                672,
                673,
                674,
                675,
                676,
                677
              ],
              "site": 18,
              "valtype": "modrate"
            }
          },
          "valtype": "modrate"
        },
        {
          "diagnostics": {
            "chisq": 4.089990051320615e-06,
            "covariance": {
              "matrix": [
                [
                  0.0019900985838552645,
                  0.0003564601063211809,
                  -0.038904007844995855
                ],
                [
                  0.0003564601063211809,
                  0.010713329166260971,
                  -0.04728331610357161
                ],
                [
                  -0.038904007844995855,
                  -0.04728331610357161,
                  1.078851128576469
                ]
              ],
              "params": [
                "log_kappa",
                "log_kdeg",
                "log_fmod_0"
              ]
            },
            "ndata": 7,
            "nfree": 4,
            "r2": 0.9923550488504262,
            "reduced_chisq": 1.0224975128301537e-06,
            "status": "completed",
            "success": true,
            "time_max": 300.0,
            "time_min": 0.0
          },
          "nt_id": 98,
          "params": {
            "fmod0": 0.0009388486637930325,
            "kdeg": 0.028328909964874308,
            "kobs": 0.0252750256291213,
            "log_fmod0": -6.970856259164436,
            "log_fmod0_err": 1.0386775864417548,
            "log_kdeg": -3.5638724422345414,
            "log_kdeg_err": 0.1035052132322859,
            "log_kobs": -3.677938500065382,
            "log_kobs_err": 0.04461052099959453,
            "metadata": {
              "base": "C",
              "fmod_run_ids": [
                671,
                672,
                673,
                674,
                675,
                676,
                677
              ],
              "site": 19,
              "valtype": "modrate"
            }
          },
          "valtype": "modrate"
        },
        {
          "diagnostics": {
            "chisq": 2.894843726988964e-07,
            "covariance": {
              "matrix": [
                [
                  0.00023691804176317172,
                  4.1307984084314616e-05,
                  -0.008888717073350663
                ],
                [
                  4.1307984084314616e-05,
                  0.0012949626734406504,
                  -0.011647032355341848
                ],
                [
                  -0.008888717073350663,
                  -0.011647032355341848,
                  0.4893512039263183
                ]
              ],
              "params": [
                "log_kappa",
                "log_kdeg",
                "log_fmod_0"
              ]
            },
            "ndata": 7,
            "nfree": 4,
            "r2": 0.9990775230669343,
            "reduced_chisq": 7.23710931747241e-08,
            "status": "completed",
            "success": true,
            "time_max": 300.0,
            "time_min": 0.0
          },
          "nt_id": 99,
          "params": {
            "fmod0": 0.0003671489511907246,
            "kdeg": 0.0252438850413566,
            "kobs": 0.01928740351930107,
            "log_fmod0": -7.909742930694119,
            "log_fmod0_err": 0.6995364207289841,
            "log_kdeg": -3.679171329170188,
            "log_kdeg_err": 0.035985589802595294,
            "log_kobs": -3.948303063545106,
            "log_kobs_err": 0.015392142208385801,
            "metadata": {
              "base": "A",
              "fmod_run_ids": [
                671,
                672,
                673,
                674,
                675,
                676,
                677
              ],
              "site": 20,
              "valtype": "modrate"
            }
          },
          "valtype": "modrate"
        },
        {
          "diagnostics": {
            "chisq": 5.039068120574316e-08,
            "covariance": {
              "matrix": [
                [
                  0.034022859929362784,
                  0.004542137356349752,
                  -0.05144668044921108
                ],
                [
                  0.004542137356349752,
                  0.20494355313771506,
                  -0.04971663378418578
                ],
                [
                  -0.05144668044921108,
                  -0.04971663378418578,
                  0.10159128936949952
                ]
              ],
              "params": [
                "log_kappa",
                "log_kdeg",
                "log_fmod_0"
              ]
            },
            "ndata": 7,
            "nfree": 4,
            "r2": 0.8805885391056154,
            "reduced_chisq": 1.259767030143579e-08,
            "status": "completed",
            "success": true,
            "time_max": 300.0,
            "time_min": 0.0
          },
          "nt_id": 100,
          "params": {
            "fmod0": 0.0003485525013670489,
            "kdeg": 0.04434283145507002,
            "kobs": 0.0006691355199704782,
            "log_fmod0": -7.96172168956343,
            "log_fmod0_err": 0.3187338848781214,
            "log_kdeg": -3.1158042190278774,
            "log_kdeg_err": 0.4527069174838342,
            "log_kobs": -7.309523947393405,
            "log_kobs_err": 0.18445286641676997,
            "metadata": {
              "base": "G",
              "fmod_run_ids": [
                671,
                672,
                673,
                674,
                675,
                676,
                677
              ],
              "site": 21,
              "valtype": "modrate"
            }
          },
          "valtype": "modrate"
        },
        {
          "diagnostics": {
            "chisq": 1.4368570900440355e-06,
            "covariance": {
              "matrix": [
                [
                  0.0015113421182868679,
                  0.00027628975514009773,
                  -0.046136225659028474
                ],
                [
                  0.00027628975514009773,
                  0.008195506001655783,
                  -0.056834867770161196
                ],
                [
                  -0.046136225659028474,
                  -0.056834867770161196,
                  2.0046900411376742
                ]
              ],
              "params": [
                "log_kappa",
                "log_kdeg",
                "log_fmod_0"
              ]
            },
            "ndata": 7,
            "nfree": 4,
            "r2": 0.9941337466899771,
            "reduced_chisq": 3.5921427251100887e-07,
            "status": "completed",
            "success": true,
            "time_max": 300.0,
            "time_min": 0.0
          },
          "nt_id": 101,
          "params": {
            "fmod0": 0.00040768318791123615,
            "kdeg": 0.028013869338860225,
            "kobs": 0.0170371026002938,
            "log_fmod0": -7.80502018541012,
            "log_fmod0_err": 1.4158707713409704,
            "log_kdeg": -3.5750555579133683,
            "log_kdeg_err": 0.09052903402586257,
            "log_kobs": -4.072361807232616,
            "log_kobs_err": 0.03887598382403805,
            "metadata": {
              "base": "A",
              "fmod_run_ids": [
                671,
                672,
                673,
                674,
                675,
                676,
                677
              ],
              "site": 22,
              "valtype": "modrate"
            }
          },
          "valtype": "modrate"
        },
        {
          "diagnostics": {
            "chisq": 2.140284118212509e-08,
            "covariance": {
              "matrix": [
                [
                  0.020172097239401856,
                  0.0036311717973577665,
                  -0.007315305641272976
                ],
                [
                  0.0036311717973577665,
                  0.11261307936088624,
                  -0.008175131684799292
                ],
                [
                  -0.007315305641272976,
                  -0.008175131684799292,
                  0.0036141373273034173
                ]
              ],
              "params": [
                "log_kappa",
                "log_kdeg",
                "log_fmod_0"
              ]
            },
            "ndata": 7,
            "nfree": 4,
            "r2": 0.9257726505679393,
            "reduced_chisq": 5.350710295531272e-09,
            "status": "completed",
            "success": true,
            "time_max": 300.0,
            "time_min": 0.0
          },
          "nt_id": 102,
          "params": {
            "fmod0": 0.0011884447561437152,
            "kdeg": 0.03420994246749882,
            "kobs": 0.0005630379799019781,
            "log_fmod0": -6.735109754243745,
            "log_fmod0_err": 0.0601176956253599,
            "log_kdeg": -3.3752389617391763,
            "log_kdeg_err": 0.3355787230455564,
            "log_kobs": -7.48216347223848,
            "log_kobs_err": 0.14202850854459415,
            "metadata": {
              "base": "U",
              "fmod_run_ids": [
                671,
                672,
                673,
                674,
                675,
                676,
                677
              ],
              "site": 23,
              "valtype": "modrate"
            }
          },
          "valtype": "modrate"
        },
        {
          "diagnostics": {
            "chisq": 1.3888218736588902e-06,
            "covariance": {
              "matrix": [
                [
                  0.0008449942741903316,
                  0.00015247491371722936,
                  -0.010949723368673276
                ],
                [
                  0.00015247491371722936,
                  0.004558956806118528,
                  -0.013267086472977195
                ],
                [
                  -0.010949723368673276,
                  -0.013267086472977195,
                  0.20083428269916603
                ]
              ],
              "params": [
                "log_kappa",
                "log_kdeg",
                "log_fmod_0"
              ]
            },
            "ndata": 7,
            "nfree": 4,
            "r2": 0.9967301824741431,
            "reduced_chisq": 3.4720546841472255e-07,
            "status": "completed",
            "success": true,
            "time_max": 300.0,
            "time_min": 0.0
          },
          "nt_id": 103,
          "params": {
            "fmod0": 0.0012687486724347035,
            "kdeg": 0.028593717350059073,
            "kobs": 0.022545851823960166,
            "log_fmod0": -6.669724161531608,
            "log_fmod0_err": 0.44814538120923,
            "log_kdeg": -3.5545682583628517,
            "log_kdeg_err": 0.06752004743865726,
            "log_kobs": -3.792204184546738,
            "log_kobs_err": 0.029068785220410082,
            "metadata": {
              "base": "C",
              "fmod_run_ids": [
                671,
                672,
                673,
                674,
                675,
                676,
                677
              ],
              "site": 24,
              "valtype": "modrate"
            }
          },
          "valtype": "modrate"
        },
        {
          "diagnostics": {
            "chisq": 4.2440079146482023e-08,
            "covariance": {
              "matrix": [
                [
                  0.03778174362488846,
                  0.004024665487933801,
                  -0.013849733546027441
                ],
                [
                  0.004024665487933801,
                  0.23833025124142884,
                  -0.01255702155284225
                ],
                [
                  -0.013849733546027441,
                  -0.01255702155284225,
                  0.006540236413833481
                ]
              ],
              "params": [
                "log_kappa",
                "log_kdeg",
                "log_fmod_0"
              ]
            },
            "ndata": 7,
            "nfree": 4,
            "r2": 0.8689796351541368,
            "reduced_chisq": 1.0610019786620506e-08,
            "status": "completed",
            "success": true,
            "time_max": 300.0,
            "time_min": 0.0
          },
          "nt_id": 104,
          "params": {
            "fmod0": 0.0012650128402519507,
            "kdeg": 0.04914068460125664,
            "kobs": 0.0005835174370754205,
            "log_fmod0": -6.672673006457369,
            "log_fmod0_err": 0.0808717281491714,
            "log_kdeg": -3.0130679803366442,
            "log_kdeg_err": 0.4881907938925404,
            "log_kobs": -7.446436223093046,
            "log_kobs_err": 0.194375264951301,
            "metadata": {
              "base": "U",
              "fmod_run_ids": [
                671,
                672,
                673,
                674,
                675,
                676,
                677
              ],
              "site": 25,
              "valtype": "modrate"
            }
          },
          "valtype": "modrate"
        },
        {
          "diagnostics": {
            "chisq": 3.405379185566336e-08,
            "covariance": {
              "matrix": [
                [
                  0.04073242872563138,
                  0.00681788522962845,
                  -0.041908261501431975
                ],
                [
                  0.00681788522962845,
                  0.23201794588405958,
                  -0.04457815335558334
                ],
                [
                  -0.041908261501431975,
                  -0.04457815335558334,
                  0.05778895317552966
                ]
              ],
              "params": [
                "log_kappa",
                "log_kdeg",
                "log_fmod_0"
              ]
            },
            "ndata": 7,
            "nfree": 4,
            "r2": 0.8605448511827103,
            "reduced_chisq": 8.51344796391584e-09,
            "status": "completed",
            "success": true,
            "time_max": 300.0,
            "time_min": 0.0
          },
          "nt_id": 105,
          "params": {
            "fmod0": 0.00037692951534600277,
            "kdeg": 0.037472164488744665,
            "kobs": 0.0005009451697396492,
            "log_fmod0": -7.883452349942769,
            "log_fmod0_err": 0.24039333013943973,
            "log_kdeg": -3.2841569019323393,
            "log_kdeg_err": 0.48168241184836674,
            "log_kobs": -7.599013904506009,
            "log_kobs_err": 0.20182276562774423,
            "metadata": {
              "base": "G",
              "fmod_run_ids": [
                671,
                672,
                673,
                674,
                675,
                676,
                677
              ],
              "site": 26,
              "valtype": "modrate"
            }
          },
          "valtype": "modrate"
        },
        {
          "diagnostics": {
            "chisq": 3.54395047953477e-07,
            "covariance": {
              "matrix": [
                [
                  0.0003124990201284816,
                  5.420660511139039e-05,
                  -0.020240224978322563
                ],
                [
                  5.420660511139039e-05,
                  0.0017117403215295476,
                  -0.02669167186911325
                ],
                [
                  -0.020240224978322563,
                  -0.02669167186911325,
                  1.929499065137393
                ]
              ],
              "params": [
                "log_kappa",
                "log_kdeg",
                "log_fmod_0"
              ]
            },
            "ndata": 7,
            "nfree": 4,
            "r2": 0.9987825993784868,
            "reduced_chisq": 8.859876198836925e-08,
            "status": "completed",
            "success": true,
            "time_max": 300.0,
            "time_min": 0.0
          },
          "nt_id": 106,
          "params": {
            "fmod0": 0.00020439382982507463,
            "kdeg": 0.025016609981254156,
            "kobs": 0.018561100809668284,
            "log_fmod0": -8.495461886856134,
            "log_fmod0_err": 1.3890640968426882,
            "log_kdeg": -3.6882152754792394,
            "log_kdeg_err": 0.041373183603990976,
            "log_kobs": -3.9866872425171542,
            "log_kobs_err": 0.01767764181469015,
            "metadata": {
              "base": "A",
              "fmod_run_ids": [
                671,
                672,
                673,
                674,
                675,
                676,
                677
              ],
              "site": 27,
              "valtype": "modrate"
            }
          },
          "valtype": "modrate"
        },
        {
          "diagnostics": {
            "chisq": 4.085637078819611e-08,
            "covariance": {
              "matrix": [
                [
                  0.04079962751013355,
                  0.002706483742051305,
                  -0.062148401338688396
                ],
                [
                  0.002706483742051305,
                  0.2762424084840654,
                  -0.05170899548855647
                ],
                [
                  -0.062148401338688396,
                  -0.05170899548855647,
                  0.12017084378230047
                ]
              ],
              "params": [
                "log_kappa",
                "log_kdeg",
                "log_fmod_0"
              ]
            },
            "ndata": 7,
            "nfree": 4,
            "r2": 0.8598359777863406,
            "reduced_chisq": 1.0214092697049028e-08,
            "status": "completed",
            "success": true,
            "time_max": 300.0,
            "time_min": 0.0
          },
          "nt_id": 107,
          "params": {
            "fmod0": 0.0002904114813274188,
            "kdeg": 0.0557449874786672,
            "kobs": 0.0005515410312447426,
            "log_fmod0": -8.144211739543728,
            "log_fmod0_err": 0.34665666556738883,
            "log_kdeg": -2.8869677833806704,
            "log_kdeg_err": 0.5255876791593058,
            "log_kobs": -7.5027943226823774,
            "log_kobs_err": 0.20198917671532193,
            "metadata": {
              "base": "G",
              "fmod_run_ids": [
                671,
                672,
                673,
                674,
                675,
                676,
                677
              ],
              "site": 28,
              "valtype": "modrate"
            }
          },
          "valtype": "modrate"
        },
        {
          "diagnostics": {
            "chisq": 1.7166800345280545e-06,
            "covariance": {
              "matrix": [
                [
                  0.0009560510985716838,
                  0.00015805905172562064,
                  -0.01187750609053704
                ],
                [
                  0.00015805905172562064,
                  0.005251358335282558,
                  -0.015978477796336984
                ],
                [
                  -0.01187750609053704,
                  -0.015978477796336984,
                  0.2198838699039774
                ]
              ],
              "params": [
                "log_kappa",
                "log_kdeg",
                "log_fmod_0"
              ]
            },
            "ndata": 7,
            "nfree": 4,
            "r2": 0.9963021883053222,
            "reduced_chisq": 4.2917000863201363e-07,
            "status": "completed",
            "success": true,
            "time_max": 300.0,
            "time_min": 0.0
          },
          "nt_id": 108,
          "params": {
            "fmod0": 0.0013285421796149297,
            "kdeg": 0.024118286560363883,
            "kobs": 0.023443460023065854,
            "log_fmod0": -6.623673043464183,
            "log_fmod0_err": 0.46891776454297124,
            "log_kdeg": -3.7247849477740136,
            "log_kdeg_err": 0.0724662565286945,
            "log_kobs": -3.7531637132613507,
            "log_kobs_err": 0.030920075979397006,
            "metadata": {
              "base": "C",
              "fmod_run_ids": [
                671,
                672,
                673,
                674,
                675,
                676,
                677
              ],
              "site": 29,
              "valtype": "modrate"
            }
          },
          "valtype": "modrate"
        },
        {
          "diagnostics": {
            "chisq": 5.997679970535067e-08,
            "covariance": {
              "matrix": [
                [
                  0.1298977832114106,
                  -0.01271037828906234,
                  -0.012994447406919634
                ],
                [
                  -0.01271037828906234,
                  0.884417195670864,
                  -0.02540783565706199
                ],
                [
                  -0.012994447406919634,
                  -0.02540783565706199,
                  0.0025455581061918408
                ]
              ],
              "params": [
                "log_kappa",
                "log_kdeg",
                "log_fmod_0"
              ]
            },
            "ndata": 7,
            "nfree": 4,
            "r2": 0.6584575852254605,
            "reduced_chisq": 1.4994199926337667e-08,
            "status": "completed",
            "success": true,
            "time_max": 300.0,
            "time_min": 0.0
          },
          "nt_id": 109,
          "params": {
            "fmod0": 0.0022070911947065777,
            "kdeg": 0.016064195570606097,
            "kobs": 0.0003641605638891982,
            "log_fmod0": -6.116079831896701,
            "log_fmod0_err": 0.050453524219739504,
            "log_kdeg": -4.1311623610819055,
            "log_kdeg_err": 0.9404345780918861,
            "log_kobs": -7.917915678002057,
            "log_kobs_err": 0.3604133504899764,
            "metadata": {
              "base": "U",
              "fmod_run_ids": [
                671,
                672,
                673,
                674,
                675,
                676,
                677
              ],
              "site": 30,
              "valtype": "modrate"
            }
          },
          "valtype": "modrate"
        },
        {
          "diagnostics": {
            "chisq": 4.854274407156363e-08,
            "covariance": {
              "matrix": [
                [
                  0.032729195551174886,
                  0.006210845774422294,
                  -0.014026365013866697
                ],
                [
                  0.006210845774422294,
                  0.18016413877713497,
                  -0.017737749067508746
                ],
                [
                  -0.014026365013866697,
                  -0.017737749067508746,
                  0.008614011624969291
                ]
              ],
              "params": [
                "log_kappa",
                "log_kdeg",
                "log_fmod_0"
              ]
            },
            "ndata": 7,
            "nfree": 4,
            "r2": 0.8849725265477983,
            "reduced_chisq": 1.2135686017890907e-08,
            "status": "completed",
            "success": true,
            "time_max": 300.0,
            "time_min": 0.0
          },
          "nt_id": 110,
          "params": {
            "fmod0": 0.0011403645834494863,
            "kdeg": 0.027428213974627764,
            "kobs": 0.0006610171853194885,
            "log_fmod0": -6.776407257660655,
            "log_fmod0_err": 0.0928116998280351,
            "log_kdeg": -3.5961830882696177,
            "log_kdeg_err": 0.42445746403748746,
            "log_kobs": -7.321730719480073,
            "log_kobs_err": 0.18091212107311905,
            "metadata": {
              "base": "U",
              "fmod_run_ids": [
                671,
                672,
                673,
                674,
                675,
                676,
                677
              ],
              "site": 31,
              "valtype": "modrate"
            }
          },
          "valtype": "modrate"
        },
        {
          "diagnostics": {
            "chisq": 4.781818960993308e-08,
            "covariance": {
              "matrix": [
                [
                  0.05976378697654878,
                  -0.001132815327852484,
                  -0.04130414961388872
                ],
                [
                  -0.001132815327852484,
                  0.47594124040666064,
                  -0.029267277668290372
                ],
                [
                  -0.04130414961388872,
                  -0.029267277668290372,
                  0.035532520223834366
                ]
              ],
              "params": [
                "log_kappa",
                "log_kdeg",
                "log_fmod_0"
              ]
            },
            "ndata": 7,
            "nfree": 4,
            "r2": 0.8071393926282607,
            "reduced_chisq": 1.195454740248327e-08,
            "status": "completed",
            "success": true,
            "time_max": 300.0,
            "time_min": 0.0
          },
          "nt_id": 111,
          "params": {
            "fmod0": 0.0005792893507114184,
            "kdeg": 0.06856495923501844,
            "kobs": 0.0004932077970233415,
            "log_fmod0": -7.453708463059462,
            "log_fmod0_err": 0.1885007167727337,
            "log_kdeg": -2.6799736730755495,
            "log_kdeg_err": 0.6898849472242895,
            "log_kobs": -7.614579977749287,
            "log_kobs_err": 0.24446633096716772,
            "metadata": {
              "base": "G",
              "fmod_run_ids": [
                671,
                672,
                673,
                674,
                675,
                676,
                677
              ],
              "site": 32,
              "valtype": "modrate"
            }
          },
          "valtype": "modrate"
        },
        {
          "diagnostics": {
            "chisq": 4.894419097373159e-08,
            "covariance": {
              "matrix": [
                [
                  0.07299120813653133,
                  0.005484475629263972,
                  -0.03982560175051542
                ],
                [
                  0.005484475629263972,
                  0.4865496602382463,
                  -0.03374170088879434
                ],
                [
                  -0.03982560175051542,
                  -0.03374170088879434,
                  0.027660721802652877
                ]
              ],
              "params": [
                "log_kappa",
                "log_kdeg",
                "log_fmod_0"
              ]
            },
            "ndata": 7,
            "nfree": 4,
            "r2": 0.7742298675227239,
            "reduced_chisq": 1.2236047743432898e-08,
            "status": "completed",
            "success": true,
            "time_max": 300.0,
            "time_min": 0.0
          },
          "nt_id": 112,
          "params": {
            "fmod0": 0.0006621881690059871,
            "kdeg": 0.0543582793157522,
            "kobs": 0.00045120320750180573,
            "log_fmod0": -7.319960799205253,
            "log_fmod0_err": 0.1663151280029958,
            "log_kdeg": -2.9121583436999523,
            "log_kdeg_err": 0.6975311177562233,
            "log_kobs": -7.7035927489807685,
            "log_kobs_err": 0.2701688511589212,
            "metadata": {
              "base": "G",
              "fmod_run_ids": [
                671,
                672,
                673,
                674,
                675,
                676,
                677
              ],
              "site": 33,
              "valtype": "modrate"
            }
          },
          "valtype": "modrate"
        },
        {
          "diagnostics": {
            "chisq": 1.8958235530676278e-08,
            "covariance": {
              "matrix": [
                [
                  0.016993289184236565,
                  0.0014986013257253517,
                  -0.012586081361781925
                ],
                [
                  0.0014986013257253517,
                  0.11066932598958067,
                  -0.010961185721946707
                ],
                [
                  -0.012586081361781925,
                  -0.010961185721946707,
                  0.011920684093542286
                ]
              ],
              "params": [
                "log_kappa",
                "log_kdeg",
                "log_fmod_0"
              ]
            },
            "ndata": 7,
            "nfree": 4,
            "r2": 0.936455539773698,
            "reduced_chisq": 4.7395588826690696e-09,
            "status": "completed",
            "success": true,
            "time_max": 300.0,
            "time_min": 0.0
          },
          "nt_id": 113,
          "params": {
            "fmod0": 0.0006272414763192646,
            "kdeg": 0.05221613887162775,
            "kobs": 0.0005818838233598992,
            "log_fmod0": -7.374178961778962,
            "log_fmod0_err": 0.10918188537272236,
            "log_kdeg": -2.952363658091938,
            "log_kdeg_err": 0.33266999562566607,
            "log_kobs": -7.44923974637891,
            "log_kobs_err": 0.13035831076013743,
            "metadata": {
              "base": "G",
              "fmod_run_ids": [
                671,
                672,
                673,
                674,
                675,
                676,
                677
              ],
              "site": 34,
              "valtype": "modrate"
            }
          },
          "valtype": "modrate"
        },
        {
          "diagnostics": {
            "chisq": 1.2924733801975445e-06,
            "covariance": {
              "matrix": [
                [
                  0.0009903572461904423,
                  0.00017794038937276105,
                  -0.006403333912102857
                ],
                [
                  0.00017794038937276105,
                  0.005370446741877322,
                  -0.008078403295796259
                ],
                [
                  -0.006403333912102857,
                  -0.008078403295796259,
                  0.059641522642215734
                ]
              ],
              "params": [
                "log_kappa",
                "log_kdeg",
                "log_fmod_0"
              ]
            },
            "ndata": 7,
            "nfree": 4,
            "r2": 0.9961594517995425,
            "reduced_chisq": 3.231183450493861e-07,
            "status": "completed",
            "success": true,
            "time_max": 300.0,
            "time_min": 0.0
          },
          "nt_id": 114,
          "params": {
            "fmod0": 0.002233942428510279,
            "kdeg": 0.026804068403700008,
            "kobs": 0.019991529085852115,
            "log_fmod0": -6.103987349253463,
            "log_fmod0_err": 0.24421613919275634,
            "log_kdeg": -3.619201596878498,
            "log_kdeg_err": 0.07328333195125152,
            "log_kobs": -3.9124466408563583,
            "log_kobs_err": 0.031469941947681476,
            "metadata": {
              "base": "A",
              "fmod_run_ids": [
                671,
                672,
                673,
                674,
                675,
                676,
                677
              ],
              "site": 35,
              "valtype": "modrate"
            }
          },
          "valtype": "modrate"
        },
        {
          "diagnostics": {
            "chisq": 8.982993650659136e-08,
            "covariance": {
              "matrix": [
                [
                  0.07307118733972699,
                  0.011890548892973314,
                  -0.052925412065385494
                ],
                [
                  0.011890548892973314,
                  0.4193157101042083,
                  -0.05545073918012185
                ],
                [
                  -0.052925412065385494,
                  -0.05545073918012185,
                  0.05114268718299163
                ]
              ],
              "params": [
                "log_kappa",
                "log_kdeg",
                "log_fmod_0"
              ]
            },
            "ndata": 7,
            "nfree": 4,
            "r2": 0.7747313312337215,
            "reduced_chisq": 2.245748412664784e-08,
            "status": "completed",
            "success": true,
            "time_max": 300.0,
            "time_min": 0.0
          },
          "nt_id": 115,
          "params": {
            "fmod0": 0.0006517377671574971,
            "kdeg": 0.038505416140643525,
            "kobs": 0.0006079092097689001,
            "log_fmod0": -7.3358682745519745,
            "log_fmod0_err": 0.22614748988877065,
            "log_kdeg": -3.256956368605004,
            "log_kdeg_err": 0.6475459135105466,
            "log_kobs": -7.405485013186343,
            "log_kobs_err": 0.27031682770358006,
            "metadata": {
              "base": "G",
              "fmod_run_ids": [
                671,
                672,
                673,
                674,
                675,
                676,
                677
              ],
              "site": 36,
              "valtype": "modrate"
            }
          },
          "valtype": "modrate"
        },
        {
          "diagnostics": {
            "chisq": 1.7108590625232977e-06,
            "covariance": {
              "matrix": [
                [
                  0.0007647084212472958,
                  0.00012348812015653237,
                  -0.016173901858636736
                ],
                [
                  0.00012348812015653237,
                  0.004202492079138212,
                  -0.021903350001210582
                ],
                [
                  -0.016173901858636736,
                  -0.021903350001210582,
                  0.5121423483627068
                ]
              ],
              "params": [
                "log_kappa",
                "log_kdeg",
                "log_fmod_0"
              ]
            },
            "ndata": 7,
            "nfree": 4,
            "r2": 0.9970481424523645,
            "reduced_chisq": 4.2771476563082444e-07,
            "status": "completed",
            "success": true,
            "time_max": 300.0,
            "time_min": 0.0
          },
          "nt_id": 116,
          "params": {
            "fmod0": 0.0008680847370995376,
            "kdeg": 0.02379873808822005,
            "kobs": 0.02623212117954688,
            "log_fmod0": -7.049221224682213,
            "log_fmod0_err": 0.7156412148295449,
            "log_kdeg": -3.738122721213757,
            "log_kdeg_err": 0.06482663094082718,
            "log_kobs": -3.6407706199190906,
            "log_kobs_err": 0.027653361843495556,
            "metadata": {
              "base": "C",
              "fmod_run_ids": [
                671,
                672,
                673,
                674,
                675,
                676,
                677
              ],
              "site": 37,
              "valtype": "modrate"
            }
          },
          "valtype": "modrate"
        },
        {
          "diagnostics": {
            "chisq": 1.1326794167166406e-08,
            "covariance": {
              "matrix": [
                [
                  0.006497987485598424,
                  0.0009221189842089259,
