{
  "artifacts": {},
  "engine": "python_baseline",
  "engine_version": "0.1.0",
  "metadata": {
    "buffer_pH": 6.4,
    "done_by": [
      "EKC"
    ],
    "experiment_id": "ekc.01.0xx",
    "fmod_run_id": 584,
    "initial_kdeg": 0.019705462789320123,
    "initial_kdeg_source": "arrhenius:nmr:deg:dms:Schwalbe_bistris",
    "initial_log_kdeg": -3.926859382728182,
    "notes": "Baseline python engine demo using examples/nerd.sqlite",
    "rg_id": 117,
    "rg_label": "70_1_12",
    "rounds_requested": [
      "round1_free",
      "round2_global",
      "round3_constrained"
    ],
    "rt_protocol": [
      "MRT"
    ],
    "selected_site_bases": [
      "17_G",
      "18_G",
      "19_C",
      "1_U",
      "20_A",
      "21_G",
      "22_A",
      "23_U",
      "24_C",
      "25_U",
      "26_G",
      "27_A",
      "28_G",
      "29_C",
      "2_A",
      "30_U",
      "31_U",
      "32_G",
      "33_G",
      "34_G",
      "35_A",
      "36_G",
      "37_C",
      "38_U",
      "39_C",
      "3_A",
      "40_U",
      "41_C",
      "42_U",
      "43_G",
      "44_C",
      "45_C",
      "61_A",
      "62_A",
      "63_U",
      "64_C"
    ],
    "temperature_c": 70.0,
    "valtypes": [
      "modrate",
      "GAmodrate"
    ]
  },
  "rounds": [
    {
      "global_params": {},
      "notes": null,
      "per_nt": [
        {
          "diagnostics": {
            "reason": "Non-zero fmod values are required for a fit.",
            "status": "failed"
          },
          "nt_id": 93,
          "params": {},
          "valtype": "modrate"
        },
        {
          "diagnostics": {
            "reason": "Non-zero fmod values are required for a fit.",
            "status": "failed"
          },
          "nt_id": 94,
          "params": {},
          "valtype": "modrate"
        },
        {
          "diagnostics": {
            "reason": "Non-zero fmod values are required for a fit.",
            "status": "failed"
          },
          "nt_id": 95,
          "params": {},
          "valtype": "modrate"
        },
        {
          "diagnostics": {
            "reason": "Non-zero fmod values are required for a fit.",
            "status": "failed"
          },
          "nt_id": 96,
          "params": {},
          "valtype": "modrate"
        },
        {
          "diagnostics": {
            "chisq": 5.293436647970575e-08,
            "covariance": {
              "matrix": [
                [
                  0.06738480431643411,
                  0.0126288306075418,
                  -0.052937632742140944
                ],
                [
                  0.0126288306075418,
                  0.37224546761632143,
                  -0.06856321623984304
                ],
                [
                  -0.052937632742140944,
                  -0.06856321623984304,
                  0.06027650238713628
                ]
              ],
              "params": [
                "log_kappa",
                "log_kdeg",
                "log_fmod_0"
              ]
            },
            "ndata": 7,
            "nfree": 4,
            "r2": 0.7888241411936825,
            "reduced_chisq": 1.3233591619926437e-08,
            "status": "completed",
            "success": true,
            "time_max": 300.0,
            "time_min": 0.0
          },
          "nt_id": 97,
          "params": {
            "fmod0": 0.0004486489467364519,
            "kdeg": 0.026369468919158794,
            "kobs": 0.00048028266554654686,
            "log_fmod0": -7.709269831851511,
            "log_fmod0_err": 0.2455127336557847,
            "log_kdeg": -3.6355484184041678,
            "log_kdeg_err": 0.6101192240999471,
            "log_kobs": -7.641135740832676,
            "log_kobs_err": 0.2595858322721679,
            "metadata": {
              "base": "G",
              "fmod_run_ids": [
                580,
                581,
                582,
                583,
                584,
                585,
                586
              ],
              "site": 18,
              "valtype": "modrate"
            }
          },
          "valtype": "modrate"
        },
        {
          "diagnostics": {
            "chisq": 4.549408045863513e-07,
            "covariance": {
              "matrix": [
                [
                  0.00011930684642100555,
                  1.352599017489448e-05,
                  -0.002475470034765244
                ],
                [
                  1.352599017489448e-05,
                  0.0006804824432547671,
                  -0.0036840843547353967
                ],
                [
                  -0.002475470034765244,
                  -0.0036840843547353967,
                  0.08170102110731535
                ]
              ],
              "params": [
                "log_kappa",
                "log_kdeg",
                "log_fmod_0"
              ]
            },
            "ndata": 7,
            "nfree": 4,
            "r2": 0.9995411385007931,
            "reduced_chisq": 1.1373520114658782e-07,
            "status": "completed",
            "success": true,
            "time_max": 300.0,
            "time_min": 0.0
          },
          "nt_id": 98,
          "params": {
            "fmod0": 0.0011061869404785309,
            "kdeg": 0.020731208257673016,
            "kobs": 0.03437553061541944,
            "log_fmod0": -6.806836366224125,
            "log_fmod0_err": 0.2858339047546938,
            "log_kdeg": -3.8761150687687733,
            "log_kdeg_err": 0.026086058407792604,
            "log_kobs": -3.3704102870296078,
            "log_kobs_err": 0.010922767342619981,
            "metadata": {
              "base": "C",
              "fmod_run_ids": [
                580,
                581,
                582,
                583,
                584,
                585,
                586
              ],
              "site": 19,
              "valtype": "modrate"
            }
          },
          "valtype": "modrate"
        },
        {
          "diagnostics": {
            "chisq": 7.258242368783132e-08,
            "covariance": {
              "matrix": [
                [
                  3.4526644801342475e-05,
                  4.595382086350429e-06,
                  -0.0010485953589814225
                ],
                [
                  4.595382086350429e-06,
                  0.00019563991891278633,
                  -0.0015259752874894218
                ],
                [
                  -0.0010485953589814225,
                  -0.0015259752874894218,
                  0.04972914657042177
                ]
              ],
              "params": [
                "log_kappa",
                "log_kdeg",
                "log_fmod_0"
              ]
            },
            "ndata": 7,
            "nfree": 4,
            "r2": 0.9998659952639881,
            "reduced_chisq": 1.814560592195783e-08,
            "status": "completed",
            "success": true,
            "time_max": 300.0,
            "time_min": 0.0
          },
          "nt_id": 99,
          "params": {
            "fmod0": 0.0005682560100570596,
            "kdeg": 0.021548256847362612,
            "kobs": 0.025312986504038598,
            "log_fmod0": -7.4729385188562985,
            "log_fmod0_err": 0.22300032863299052,
            "log_kdeg": -3.837460354457527,
            "log_kdeg_err": 0.013987134049289238,
            "log_kobs": -3.6764377143874434,
            "log_kobs_err": 0.0058759377805880884,
            "metadata": {
              "base": "A",
              "fmod_run_ids": [
                580,
                581,
                582,
                583,
                584,
                585,
                586
              ],
              "site": 20,
              "valtype": "modrate"
            }
          },
          "valtype": "modrate"
        },
        {
          "diagnostics": {
            "chisq": 4.26712418331739e-08,
            "covariance": {
              "matrix": [
                [
                  0.023020658360362718,
                  0.0017356744223530458,
                  -0.025127414773465494
                ],
                [
                  0.0017356744223530458,
                  0.14113616902110307,
                  -0.04133501352280465
                ],
                [
                  -0.025127414773465494,
                  -0.04133501352280465,
                  0.04612417716979801
                ]
              ],
              "params": [
                "log_kappa",
                "log_kdeg",
                "log_fmod_0"
              ]
            },
            "ndata": 7,
            "nfree": 4,
            "r2": 0.9158078220337511,
            "reduced_chisq": 1.0667810458293475e-08,
            "status": "completed",
            "success": true,
            "time_max": 300.0,
            "time_min": 0.0
          },
          "nt_id": 100,
          "params": {
            "fmod0": 0.00044587580292914714,
            "kdeg": 0.01903469530672145,
            "kobs": 0.0007297506742473443,
            "log_fmod0": -7.715470113492565,
            "log_fmod0_err": 0.21476540030879743,
            "log_kdeg": -3.9614918962775523,
            "log_kdeg_err": 0.3756809404549332,
            "log_kobs": -7.222807624287559,
            "log_kobs_err": 0.1517256021914651,
            "metadata": {
              "base": "G",
              "fmod_run_ids": [
                580,
                581,
                582,
                583,
                584,
                585,
                586
              ],
              "site": 21,
              "valtype": "modrate"
            }
          },
          "valtype": "modrate"
        },
        {
          "diagnostics": {
            "chisq": 3.1172567285620046e-07,
            "covariance": {
              "matrix": [
                [
                  0.00019462007368363512,
                  2.991232522053582e-05,
                  -0.005782110786902235
                ],
                [
                  2.991232522053582e-05,
                  0.001084864519684046,
                  -0.008078499670830666
                ],
                [
                  -0.005782110786902235,
                  -0.008078499670830666,
                  0.26134694030684325
                ]
              ],
              "params": [
                "log_kappa",
                "log_kdeg",
                "log_fmod_0"
              ]
            },
            "ndata": 7,
            "nfree": 4,
            "r2": 0.9992433182736884,
            "reduced_chisq": 7.793141821405012e-08,
            "status": "completed",
            "success": true,
            "time_max": 300.0,
            "time_min": 0.0
          },
          "nt_id": 101,
          "params": {
            "fmod0": 0.000516589565633063,
            "kdeg": 0.02286527734576749,
            "kobs": 0.022066183477467617,
            "log_fmod0": -7.568261875661643,
            "log_fmod0_err": 0.5112210288190845,
            "log_kdeg": -3.778135792237942,
            "log_kdeg_err": 0.032937281607382934,
            "log_kobs": -3.8137090017385202,
            "log_kobs_err": 0.013950629866914078,
            "metadata": {
              "base": "A",
              "fmod_run_ids": [
                580,
                581,
                582,
                583,
                584,
                585,
                586
              ],
              "site": 22,
              "valtype": "modrate"
            }
          },
          "valtype": "modrate"
        },
        {
          "diagnostics": {
            "chisq": 3.712166607679107e-08,
            "covariance": {
              "matrix": [
                [
                  0.04413186138127713,
                  0.005988139830235146,
                  -0.01080851768608653
                ],
                [
                  0.005988139830235146,
                  0.25759330198168834,
                  -0.0162710315668191
                ],
                [
                  -0.01080851768608653,
                  -0.0162710315668191,
                  0.004179749007797804
                ]
              ],
              "params": [
                "log_kappa",
                "log_kdeg",
                "log_fmod_0"
              ]
            },
            "ndata": 7,
            "nfree": 4,
            "r2": 0.8504194316276763,
            "reduced_chisq": 9.280416519197768e-09,
            "status": "completed",
            "success": true,
            "time_max": 300.0,
            "time_min": 0.0
          },
          "nt_id": 102,
          "params": {
            "fmod0": 0.0013972245159997489,
            "kdeg": 0.021182099630534742,
            "kobs": 0.0004929701522152791,
            "log_fmod0": -6.573267498664101,
            "log_fmod0_err": 0.06465097839783868,
            "log_kdeg": -3.854598811024618,
            "log_kdeg_err": 0.5075365031026717,
            "log_kobs": -7.615061928928272,
            "log_kobs_err": 0.2100758467346428,
            "metadata": {
              "base": "U",
              "fmod_run_ids": [
                580,
                581,
                582,
                583,
                584,
                585,
                586
              ],
              "site": 23,
              "valtype": "modrate"
            }
          },
          "valtype": "modrate"
        },
        {
          "diagnostics": {
            "chisq": 1.2672795727570079e-06,
            "covariance": {
              "matrix": [
                [
                  0.0004171986846161388,
                  6.067978098956198e-05,
                  -0.006123398977813023
                ],
                [
                  6.067978098956198e-05,
                  0.0023187677665780547,
                  -0.008594916237552059
                ],
                [
                  -0.006123398977813023,
                  -0.008594916237552059,
                  0.13757757884566058
                ]
              ],
              "params": [
                "log_kappa",
                "log_kdeg",
                "log_fmod_0"
              ]
            },
            "ndata": 7,
            "nfree": 4,
            "r2": 0.9983932912120326,
            "reduced_chisq": 3.1681989318925197e-07,
            "status": "completed",
            "success": true,
            "time_max": 300.0,
            "time_min": 0.0
          },
          "nt_id": 103,
          "params": {
            "fmod0": 0.0014340602128511386,
            "kdeg": 0.022490794932993455,
            "kobs": 0.03064490931958883,
            "log_fmod0": -6.5472455482503,
            "log_fmod0_err": 0.3709145168979782,
            "log_kdeg": -3.7946491675709435,
            "log_kdeg_err": 0.04815358518924686,
            "log_kobs": -3.48528872110939,
            "log_kobs_err": 0.020425442091081866,
            "metadata": {
              "base": "C",
              "fmod_run_ids": [
                580,
                581,
                582,
                583,
                584,
                585,
                586
              ],
              "site": 24,
              "valtype": "modrate"
            }
          },
          "valtype": "modrate"
        },
        {
          "diagnostics": {
            "chisq": 1.4112901718879649e-08,
            "covariance": {
              "matrix": [
                [
                  0.006357287113285421,
                  0.0011040686392584328,
                  -0.0030177895611762156
                ],
                [
                  0.0011040686392584328,
                  0.035694319298516235,
                  -0.0041571598140077584
                ],
                [
                  -0.0030177895611762156,
                  -0.0041571598140077584,
                  0.002144327181575913
                ]
              ],
              "params": [
                "log_kappa",
                "log_kdeg",
                "log_fmod_0"
              ]
            },
            "ndata": 7,
            "nfree": 4,
            "r2": 0.9753503655310028,
            "reduced_chisq": 3.528225429719912e-09,
            "status": "completed",
            "success": true,
            "time_max": 300.0,
            "time_min": 0.0
          },
          "nt_id": 104,
          "params": {
            "fmod0": 0.001217494525455733,
            "kdeg": 0.023943043459693503,
            "kobs": 0.000804725137123537,
            "log_fmod0": -6.710960199563238,
            "log_fmod0_err": 0.04630688049929419,
            "log_kdeg": -3.732077458290303,
            "log_kdeg_err": 0.1889294029486047,
            "log_kobs": -7.125009783418214,
            "log_kobs_err": 0.07973259755762019,
            "metadata": {
              "base": "U",
              "fmod_run_ids": [
                580,
                581,
                582,
                583,
                584,
                585,
                586
              ],
              "site": 25,
              "valtype": "modrate"
            }
          },
          "valtype": "modrate"
        },
        {
          "diagnostics": {
            "chisq": 5.021017776487452e-08,
            "covariance": {
              "matrix": [
                [
                  0.033506859516437594,
                  0.0024014317367782746,
                  -0.03999986517128361
                ],
                [
                  0.0024014317367782746,
                  0.2060086138635011,
                  -0.06611258807133935
                ],
                [
                  -0.03999986517128361,
                  -0.06611258807133935,
                  0.08059327897988715
                ]
              ],
              "params": [
                "log_kappa",
                "log_kdeg",
                "log_fmod_0"
              ]
            },
            "ndata": 7,
            "nfree": 4,
            "r2": 0.8819654497017086,
            "reduced_chisq": 1.255254444121863e-08,
            "status": "completed",
            "success": true,
            "time_max": 300.0,
            "time_min": 0.0
          },
          "nt_id": 105,
          "params": {
            "fmod0": 0.0003656888463351085,
            "kdeg": 0.018935346788245513,
            "kobs": 0.0006560143375124803,
            "log_fmod0": -7.913727732767882,
            "log_fmod0_err": 0.28388955419297685,
            "log_kdeg": -3.9667249031277243,
            "log_kdeg_err": 0.4538817179216421,
            "log_kobs": -7.329327913294876,
            "log_kobs_err": 0.18304878998900154,
            "metadata": {
              "base": "G",
              "fmod_run_ids": [
                580,
                581,
                582,
                583,
                584,
                585,
                586
              ],
              "site": 26,
              "valtype": "modrate"
            }
          },
          "valtype": "modrate"
        },
        {
          "diagnostics": {
            "chisq": 1.9660471201483326e-06,
            "covariance": {
              "matrix": [
                [
                  0.0009901367952723245,
                  0.00010908390187379025,
                  -0.04298774117110435
                ],
                [
                  0.00010908390187379025,
                  0.005734378464520171,
                  -0.06524780156031044
                ],
                [
                  -0.04298774117110435,
                  -0.06524780156031044,
                  2.9949809769906386
                ]
              ],
              "params": [
                "log_kappa",
                "log_kdeg",
                "log_fmod_0"
              ]
            },
            "ndata": 7,
            "nfree": 4,
            "r2": 0.9961641208255102,
            "reduced_chisq": 4.915117800370831e-07,
            "status": "completed",
            "success": true,
            "time_max": 300.0,
            "time_min": 0.0
          },
          "nt_id": 106,
          "params": {
            "fmod0": 0.0003790096707636633,
            "kdeg": 0.020438889164023057,
            "kobs": 0.02453903081033759,
            "log_fmod0": -7.877948836680573,
            "log_fmod0_err": 1.73060133392721,
            "log_kdeg": -3.8903158613062656,
            "log_kdeg_err": 0.07572567902977279,
            "log_kobs": -3.707490334760563,
            "log_kobs_err": 0.03146643918959253,
            "metadata": {
              "base": "A",
              "fmod_run_ids": [
                580,
                581,
                582,
                583,
                584,
                585,
                586
              ],
              "site": 27,
              "valtype": "modrate"
            }
          },
          "valtype": "modrate"
        },
        {
          "diagnostics": {
            "chisq": 2.4359956561999022e-08,
            "covariance": {
              "matrix": [
                [
                  0.024072494175439812,
                  0.0036385731268406664,
                  -0.025383771036475194
                ],
                [
                  0.0036385731268406664,
                  0.1384529297383815,
                  -0.037074897616974765
                ],
                [
                  -0.025383771036475194,
                  -0.037074897616974765,
                  0.04145874048193568
                ]
              ],
              "params": [
                "log_kappa",
                "log_kdeg",
                "log_fmod_0"
              ]
            },
            "ndata": 7,
            "nfree": 4,
            "r2": 0.9125257411707407,
            "reduced_chisq": 6.0899891404997555e-09,
            "status": "completed",
            "success": true,
            "time_max": 300.0,
            "time_min": 0.0
          },
          "nt_id": 107,
          "params": {
            "fmod0": 0.00036084697000000415,
            "kdeg": 0.022041055249273533,
            "kobs": 0.000541489672928977,
            "log_fmod0": -7.927056595322027,
            "log_fmod0_err": 0.20361419518770218,
            "log_kdeg": -3.8148484170199146,
            "log_kdeg_err": 0.37209263596365555,
            "log_kobs": -7.521186562935046,
            "log_kobs_err": 0.15515313137490913,
            "metadata": {
              "base": "G",
              "fmod_run_ids": [
                580,
                581,
                582,
                583,
                584,
                585,
                586
              ],
              "site": 28,
              "valtype": "modrate"
            }
          },
          "valtype": "modrate"
        },
        {
          "diagnostics": {
            "chisq": 3.629999309245293e-07,
            "covariance": {
              "matrix": [
                [
                  0.00010910462462803273,
                  9.442205016333229e-06,
                  -0.002159406632224981
                ],
                [
                  9.442205016333229e-06,
                  0.0006385554538869422,
                  -0.0033628961254760733
                ],
                [
                  -0.002159406632224981,
                  -0.0033628961254760733,
                  0.07007294962189607
                ]
              ],
              "params": [
                "log_kappa",
                "log_kdeg",
                "log_fmod_0"
              ]
            },
            "ndata": 7,
            "nfree": 4,
            "r2": 0.9995788825420783,
            "reduced_chisq": 9.074998273113232e-08,
            "status": "completed",
            "success": true,
            "time_max": 300.0,
            "time_min": 0.0
          },
          "nt_id": 108,
          "params": {
            "fmod0": 0.001060937235003144,
            "kdeg": 0.01966768831108413,
            "kobs": 0.0319804213246039,
            "log_fmod0": -6.848602577553313,
            "log_fmod0_err": 0.26471295703439995,
            "log_kdeg": -3.928778177072552,
            "log_kdeg_err": 0.025269654803478068,
            "log_kobs": -3.442631397035099,
            "log_kobs_err": 0.010445315918057852,
            "metadata": {
              "base": "C",
              "fmod_run_ids": [
                580,
                581,
                582,
                583,
                584,
                585,
                586
              ],
              "site": 29,
              "valtype": "modrate"
            }
          },
          "valtype": "modrate"
        },
        {
          "diagnostics": {
            "chisq": 1.4274548587743076e-06,
            "ndata": 7,
            "nfree": 4,
            "r2": -1.1429088786485408e-09,
            "reduced_chisq": 3.568637146935769e-07,
            "status": "completed",
            "success": true,
            "time_max": 300.0,
            "time_min": 0.0
          },
          "nt_id": 109,
          "params": {
            "fmod0": 0.003000857155164094,
            "kdeg": 3147.251259563081,
            "kobs": 1.982653476295819e-11,
            "log_fmod0": -5.8088573127357215,
            "log_kdeg": 8.054284734856974,
            "log_kobs": -24.643999935870234,
            "metadata": {
              "base": "U",
              "fmod_run_ids": [
                580,
                581,
                582,
                583,
                584,
                585,
                586
              ],
              "site": 30,
              "valtype": "modrate"
            }
          },
          "valtype": "modrate"
        },
        {
          "diagnostics": {
            "chisq": 1.4460834199875178e-08,
            "covariance": {
              "matrix": [
                [
                  0.009390793188987287,
                  0.0017854863264183125,
                  -0.0036827874300292465
                ],
                [
                  0.0017854863264183125,
                  0.05166420156975744,
                  -0.004629836808774487
                ],
                [
                  -0.0036827874300292465,
                  -0.004629836808774487,
                  0.002064024836739933
                ]
              ],
              "params": [
                "log_kappa",
                "log_kdeg",
                "log_fmod_0"
              ]
            },
            "ndata": 7,
            "nfree": 4,
            "r2": 0.9640481151391515,
            "reduced_chisq": 3.6152085499687945e-09,
            "status": "completed",
            "success": true,
            "time_max": 300.0,
            "time_min": 0.0
          },
          "nt_id": 110,
          "params": {
            "fmod0": 0.0012725915966632882,
            "kdeg": 0.027701205912783623,
            "kobs": 0.0006737899977968552,
            "log_fmod0": -6.6666998304694145,
            "log_fmod0_err": 0.04543154010970719,
            "log_kdeg": -3.586279331978923,
            "log_kdeg_err": 0.2272976057281674,
            "log_kobs": -7.302592071570902,
            "log_kobs_err": 0.09690610501401492,
            "metadata": {
              "base": "U",
              "fmod_run_ids": [
                580,
                581,
                582,
                583,
                584,
                585,
                586
              ],
              "site": 31,
              "valtype": "modrate"
            }
          },
          "valtype": "modrate"
        },
        {
          "diagnostics": {
            "chisq": 1.3765473802335873e-07,
            "covariance": {
              "matrix": [
                [
                  0.10354688862435488,
                  0.019683229169777546,
                  -0.07813007632943579
                ],
                [
                  0.019683229169777546,
                  0.5697501023634997,
                  -0.09833559733507442
                ],
                [
                  -0.07813007632943579,
                  -0.09833559733507442,
                  0.08429246753519255
                ]
              ],
              "params": [
                "log_kappa",
                "log_kdeg",
                "log_fmod_0"
              ]
            },
            "ndata": 7,
            "nfree": 4,
            "r2": 0.708602730471714,
            "reduced_chisq": 3.4413684505839683e-08,
            "status": "completed",
            "success": true,
            "time_max": 300.0,
            "time_min": 0.0
          },
          "nt_id": 111,
          "params": {
            "fmod0": 0.0006142905830547252,
            "kdeg": 0.027650389933162996,
            "kobs": 0.0006259729319937031,
            "log_fmod0": -7.395042479466302,
            "log_fmod0_err": 0.290331650935947,
            "log_kdeg": -3.5881154486480242,
            "log_kdeg_err": 0.7548179266309853,
            "log_kobs": -7.376203427425708,
            "log_kobs_err": 0.32178702370411844,
            "metadata": {
              "base": "G",
              "fmod_run_ids": [
                580,
                581,
                582,
                583,
                584,
                585,
                586
              ],
              "site": 32,
              "valtype": "modrate"
            }
          },
          "valtype": "modrate"
        },
        {
          "diagnostics": {
            "chisq": 3.109817605722971e-08,
            "covariance": {
              "matrix": [
                [
                  0.04696714356228438,
                  0.006530874510149688,
                  -0.02012500069851597
                ],
                [
                  0.006530874510149688,
                  0.27331272452900035,
                  -0.030112687224403592
                ],
                [
                  -0.02012500069851597,
                  -0.030112687224403592,
                  0.013561951273863728
                ]
              ],
              "params": [
                "log_kappa",
                "log_kdeg",
                "log_fmod_0"
              ]
            },
            "ndata": 7,
            "nfree": 4,
            "r2": 0.842337202055887,
            "reduced_chisq": 7.774544014307427e-09,
            "status": "completed",
            "success": true,
            "time_max": 300.0,
            "time_min": 0.0
          },
          "nt_id": 112,
          "params": {
            "fmod0": 0.0007105289549991554,
            "kdeg": 0.02135096926355556,
            "kobs": 0.00043746610520431706,
            "log_fmod0": -7.249500858267837,
            "log_fmod0_err": 0.1164557910705334,
            "log_kdeg": -3.8466581415766115,
            "log_kdeg_err": 0.5227931947998179,
            "log_kobs": -7.73451132898656,
            "log_kobs_err": 0.21671904291567085,
            "metadata": {
              "base": "G",
              "fmod_run_ids": [
                580,
                581,
                582,
                583,
                584,
                585,
                586
              ],
              "site": 33,
              "valtype": "modrate"
            }
          },
          "valtype": "modrate"
        },
        {
          "diagnostics": {
            "chisq": 1.1325499248551324e-07,
            "covariance": {
              "matrix": [
                [
                  0.06176545703767701,
                  0.007212417786142568,
                  -0.04903951404375877
                ],
                [
                  0.007212417786142568,
                  0.3664700848085381,
                  -0.07616652409543459
                ],
                [
                  -0.04903951404375877,
                  -0.07616652409543459,
                  0.06279167855959196
                ]
              ],
              "params": [
                "log_kappa",
                "log_kdeg",
                "log_fmod_0"
              ]
            },
            "ndata": 7,
            "nfree": 4,
            "r2": 0.8023631741858189,
            "reduced_chisq": 2.831374812137831e-08,
            "status": "completed",
            "success": true,
            "time_max": 300.0,
            "time_min": 0.0
          },
          "nt_id": 113,
          "params": {
            "fmod0": 0.000627093658198357,
            "kdeg": 0.02035772780289763,
            "kobs": 0.0007270931160757704,
            "log_fmod0": -7.374414653369708,
            "log_fmod0_err": 0.2505826780916669,
            "log_kdeg": -3.8942946945641363,
            "log_kdeg_err": 0.6053677269301182,
            "log_kobs": -7.226456005997463,
            "log_kobs_err": 0.24852657209577614,
            "metadata": {
              "base": "G",
              "fmod_run_ids": [
                580,
                581,
                582,
                583,
                584,
                585,
                586
              ],
              "site": 34,
              "valtype": "modrate"
            }
          },
          "valtype": "modrate"
        },
        {
          "diagnostics": {
            "chisq": 1.547406798283586e-06,
            "covariance": {
              "matrix": [
                [
                  0.0006834146231049917,
                  0.00010599147342473847,
                  -0.005755889252658712
                ],
                [
                  0.00010599147342473847,
                  0.003781692806937542,
                  -0.007944289713872336
                ],
                [
                  -0.005755889252658712,
                  -0.007944289713872336,
                  0.07335831059768685
                ]
              ],
              "params": [
                "log_kappa",
                "log_kdeg",
                "log_fmod_0"
              ]
            },
            "ndata": 7,
            "nfree": 4,
            "r2": 0.9973602971212251,
            "reduced_chisq": 3.868516995708965e-07,
            "status": "completed",
            "success": true,
            "time_max": 300.0,
            "time_min": 0.0
          },
          "nt_id": 114,
          "params": {
            "fmod0": 0.0021756622700765033,
            "kdeg": 0.023146976029805012,
            "kobs": 0.02636648486872313,
            "log_fmod0": -6.13042216880057,
            "log_fmod0_err": 0.27084739355896864,
            "log_kdeg": -3.765891132044509,
            "log_kdeg_err": 0.06149546980825126,
            "log_kobs": -3.6356615878919465,
            "log_kobs_err": 0.0261422000433206,
            "metadata": {
              "base": "A",
              "fmod_run_ids": [
                580,
                581,
                582,
                583,
                584,
                585,
                586
              ],
              "site": 35,
              "valtype": "modrate"
            }
          },
          "valtype": "modrate"
        },
        {
          "diagnostics": {
            "chisq": 5.330008838349548e-08,
            "covariance": {
              "matrix": [
                [
                  0.03297967669086931,
                  0.0041221967865404385,
                  -0.021347132530455847
                ],
                [
                  0.0041221967865404385,
                  0.19430469277772855,
                  -0.03272388895026176
                ],
                [
                  -0.021347132530455847,
                  -0.03272388895026176,
                  0.0220841909945632
                ]
              ],
              "params": [
                "log_kappa",
                "log_kdeg",
                "log_fmod_0"
              ]
            },
            "ndata": 7,
            "nfree": 4,
            "r2": 0.8837962832673565,
            "reduced_chisq": 1.332502209587387e-08,
            "status": "completed",
            "success": true,
            "time_max": 300.0,
            "time_min": 0.0
          },
          "nt_id": 115,
          "params": {
            "fmod0": 0.0007266351451785596,
            "kdeg": 0.02069202608434179,
            "kobs": 0.0006829300159898348,
            "log_fmod0": -7.227086069984753,
            "log_fmod0_err": 0.1486075065215859,
            "log_kdeg": -3.8780068662413445,
            "log_kdeg_err": 0.4408000598658405,
            "log_kobs": -7.2891181692512985,
            "log_kobs_err": 0.18160307456337108,
            "metadata": {
              "base": "G",
              "fmod_run_ids": [
                580,
                581,
                582,
                583,
                584,
                585,
                586
              ],
              "site": 36,
              "valtype": "modrate"
            }
          },
          "valtype": "modrate"
        },
        {
          "diagnostics": {
            "chisq": 4.88407728243944e-07,
            "covariance": {
              "matrix": [
                [
                  0.0001284562750097903,
                  1.550592421323967e-05,
                  -0.003995813499666332
                ],
                [
                  1.550592421323967e-05,
                  0.0007278264149404029,
                  -0.005869830607782283
                ],
                [
                  -0.003995813499666332,
                  -0.005869830607782283,
                  0.1960264231005674
                ]
              ],
              "params": [
                "log_kappa",
                "log_kdeg",
                "log_fmod_0"
              ]
            },
            "ndata": 7,
            "nfree": 4,
            "r2": 0.9995061150818044,
            "reduced_chisq": 1.22101932060986e-07,
            "status": "completed",
            "success": true,
            "time_max": 300.0,
            "time_min": 0.0
          },
          "nt_id": 116,
          "params": {
            "fmod0": 0.0007411933571818589,
            "kdeg": 0.021077480044204167,
            "kobs": 0.0343424967417395,
            "log_fmod0": -7.2072490258411275,
            "log_fmod0_err": 0.4427487132681103,
            "log_kdeg": -3.8595501049498075,
            "log_kdeg_err": 0.02697825818952,
            "log_kobs": -3.3713717196403787,
            "log_kobs_err": 0.011333855258021884,
            "metadata": {
              "base": "C",
              "fmod_run_ids": [
                580,
                581,
                582,
                583,
                584,
                585,
                586
              ],
              "site": 37,
              "valtype": "modrate"
            }
          },
          "valtype": "modrate"
        },
        {
          "diagnostics": {
            "chisq": 1.5734375131549756e-08,
            "covariance": {
              "matrix": [
                [
                  0.012329290464355012,
                  0.002158056472486777,
                  -0.006134391590134055
                ],
                [
                  0.002158056472486777,
                  0.06913645523554972,
                  -0.008415772224485052
                ],
                [
                  -0.006134391590134055,
                  -0.008415772224485052,
                  0.004557997692446342
                ]
              ],
              "params": [
                "log_kappa",
                "log_kdeg",
                "log_fmod_0"
              ]
            },
            "ndata": 7,
            "nfree": 4,
            "r2": 0.9532709210842034,
            "reduced_chisq": 3.933593782887439e-09,
            "status": "completed",
            "success": true,
            "time_max": 300.0,
            "time_min": 0.0
          },
          "nt_id": 117,
