{
  "artifacts": {},
  "engine": "python_baseline",
  "engine_version": "0.1.0",
  "metadata": {
    "buffer_pH": 6.5,
    "done_by": [
      "EKC"
    ],
    "experiment_id": "ekc.01.0xx",
    "fmod_run_id": 471,
    "initial_kdeg": 0.001805285054109061,
    "initial_kdeg_source": "arrhenius:nmr:deg:dms:Schwalbe_bistris",
    "initial_log_kdeg": -6.3170367749519265,
    "notes": "Baseline python engine demo using examples/nerd.sqlite",
    "rg_id": 11,
    "rg_label": "45_2",
    "rounds_requested": [
      "round1_free",
      "round2_global",
      "round3_constrained"
    ],
    "rt_protocol": [
      "MRT"
    ],
    "selected_site_bases": [
      "10_U",
      "11_U",
      "12_U",
      "13_U",
      "14_G",
      "15_A",
      "16_A",
      "17_U",
      "18_A",
      "19_G",
      "1_A",
      "20_U",
      "21_G",
      "22_A",
      "23_U",
      "24_U",
      "25_C",
      "26_A",
      "27_G",
      "28_G",
      "29_A",
      "2_G",
      "30_G",
      "31_G",
      "32_U",
      "33_U",
      "34_A",
      "35_A",
      "36_U",
      "3_G",
      "4_U",
      "5_U",
      "61_G",
      "62_G",
      "6_G",
      "7_A",
      "8_A",
      "9_C"
    ],
    "temperature_c": 45.0,
    "valtypes": [
      "modrate",
      "GAmodrate"
    ]
  },
  "rounds": [
    {
      "global_params": {},
      "notes": null,
      "per_nt": [
        {
          "diagnostics": {
            "reason": "Non-zero fmod values are required for a fit.",
            "status": "failed"
          },
          "nt_id": 390,
          "params": {},
          "valtype": "modrate"
        },
        {
          "diagnostics": {
            "reason": "Non-zero fmod values are required for a fit.",
            "status": "failed"
          },
          "nt_id": 391,
          "params": {},
          "valtype": "modrate"
        },
        {
          "diagnostics": {
            "reason": "Non-zero fmod values are required for a fit.",
            "status": "failed"
          },
          "nt_id": 392,
          "params": {},
          "valtype": "modrate"
        },
        {
          "diagnostics": {
            "reason": "Non-zero fmod values are required for a fit.",
            "status": "failed"
          },
          "nt_id": 393,
          "params": {},
          "valtype": "modrate"
        },
        {
          "diagnostics": {
            "chisq": 6.157580386004956e-08,
            "covariance": {
              "matrix": [
                [
                  0.014577680814621978,
                  -0.019297317455304705,
                  -0.0022740037313430457
                ],
                [
                  -0.019297317455304705,
                  0.13514084130816678,
                  -0.003923611591404299
                ],
                [
                  -0.0022740037313430457,
                  -0.003923611591404299,
                  0.0016250567139739257
                ]
              ],
              "params": [
                "log_kappa",
                "log_kdeg",
                "log_fmod_0"
              ]
            },
            "ndata": 12,
            "nfree": 9,
            "r2": 0.9038693673023519,
            "reduced_chisq": 6.841755984449952e-09,
            "status": "completed",
            "success": true,
            "time_max": 2700.0,
            "time_min": 0.0
          },
          "nt_id": 394,
          "params": {
            "fmod0": 0.0008279578063114884,
            "kdeg": 0.002173231721816436,
            "kobs": 0.0005256228471498158,
            "log_fmod0": -7.09654836343845,
            "log_fmod0_err": 0.04031199218562543,
            "log_kdeg": -6.13153994657012,
            "log_kdeg_err": 0.36761507219939554,
            "log_kobs": -7.550926623036525,
            "log_kobs_err": 0.12073806696573362,
            "metadata": {
              "base": "U",
              "fmod_run_ids": [
                455,
                456,
                458,
                459,
                461,
                462,
                464,
                465,
                467,
                468,
                470,
                471
              ],
              "site": 5,
              "valtype": "modrate"
            }
          },
          "valtype": "modrate"
        },
        {
          "diagnostics": {
            "chisq": 7.931098312255495e-08,
            "covariance": {
              "matrix": [
                [
                  0.026051181834676015,
                  -0.03356048345802932,
                  -0.006340303358754084
                ],
                [
                  -0.03356048345802932,
                  0.24226040830614978,
                  -0.010494648312683985
                ],
                [
                  -0.006340303358754084,
                  -0.010494648312683985,
                  0.006735501086994514
                ]
              ],
              "params": [
                "log_kappa",
                "log_kdeg",
                "log_fmod_0"
              ]
            },
            "ndata": 12,
            "nfree": 9,
            "r2": 0.8385372308846124,
            "reduced_chisq": 8.812331458061661e-09,
            "status": "completed",
            "success": true,
            "time_max": 2700.0,
            "time_min": 0.0
          },
          "nt_id": 395,
          "params": {
            "fmod0": 0.0004618529052849848,
            "kdeg": 0.002257743267248072,
            "kobs": 0.0004409531418616696,
            "log_fmod0": -7.68026410440742,
            "log_fmod0_err": 0.08207009861694156,
            "log_kdeg": -6.093389518900453,
            "log_kdeg_err": 0.4921995614648085,
            "log_kobs": -7.7265719424447425,
            "log_kobs_err": 0.16140378506923564,
            "metadata": {
              "base": "G",
              "fmod_run_ids": [
                455,
                456,
                458,
                459,
                461,
                462,
                464,
                465,
                467,
                468,
                470,
                471
              ],
              "site": 6,
              "valtype": "modrate"
            }
          },
          "valtype": "modrate"
        },
        {
          "diagnostics": {
            "chisq": 1.0215488150548973e-06,
            "covariance": {
              "matrix": [
                [
                  3.923470866070114e-05,
                  -4.553543122557707e-05,
                  -0.0012211517525057987
                ],
                [
                  -4.553543122557707e-05,
                  0.0003684297270897852,
                  -0.00158177465936319
                ],
                [
                  -0.0012211517525057987,
                  -0.00158177465936319,
                  0.1349633856803339
                ]
              ],
              "params": [
                "log_kappa",
                "log_kdeg",
                "log_fmod_0"
              ]
            },
            "ndata": 12,
            "nfree": 9,
            "r2": 0.9997089081851175,
            "reduced_chisq": 1.1350542389498859e-07,
            "status": "completed",
            "success": true,
            "time_max": 2700.0,
            "time_min": 0.0
          },
          "nt_id": 396,
          "params": {
            "fmod0": 0.0003717029567383921,
            "kdeg": 0.0028299946985300708,
            "kobs": 0.040277884661466035,
            "log_fmod0": -7.897415526056192,
            "log_fmod0_err": 0.3673736322605828,
            "log_kdeg": -5.8674804406396746,
            "log_kdeg_err": 0.019194523361880732,
            "log_kobs": -3.2119527283631637,
            "log_kobs_err": 0.006263761542452039,
            "metadata": {
              "base": "A",
              "fmod_run_ids": [
                455,
                456,
                458,
                459,
                461,
                462,
                464,
                465,
                467,
                468,
                470,
                471
              ],
              "site": 7,
              "valtype": "modrate"
            }
          },
          "valtype": "modrate"
        },
        {
          "diagnostics": {
            "chisq": 1.0531309609370164e-05,
            "covariance": {
              "matrix": [
                [
                  0.0004948254556291817,
                  -0.0005745031101523511,
                  -0.0015797859429128164
                ],
                [
                  -0.0005745031101523511,
                  0.0046568265209301395,
                  -0.0020560985399124417
                ],
                [
                  -0.0015797859429128164,
                  -0.0020560985399124417,
                  0.017934431362327852
                ]
              ],
              "params": [
                "log_kappa",
                "log_kdeg",
                "log_fmod_0"
              ]
            },
            "ndata": 12,
            "nfree": 9,
            "r2": 0.9963264151456344,
            "reduced_chisq": 1.1701455121522406e-06,
            "status": "completed",
            "success": true,
            "time_max": 2700.0,
            "time_min": 0.0
          },
          "nt_id": 397,
          "params": {
            "fmod0": 0.0032737121971267184,
            "kdeg": 0.002825652742064396,
            "kobs": 0.03628111577107217,
            "log_fmod0": -5.721830709478448,
            "log_fmod0_err": 0.1339194958261412,
            "log_kdeg": -5.869015881935945,
            "log_kdeg_err": 0.06824094460754584,
            "log_kobs": -3.3164578997684133,
            "log_kobs_err": 0.022244672522408183,
            "metadata": {
              "base": "A",
              "fmod_run_ids": [
                455,
                456,
                458,
                459,
                461,
                462,
                464,
                465,
                467,
                468,
                470,
                471
              ],
              "site": 8,
              "valtype": "modrate"
            }
          },
          "valtype": "modrate"
        },
        {
          "diagnostics": {
            "chisq": 3.056622398836045e-06,
            "covariance": {
              "matrix": [
                [
                  0.00012728672365338556,
                  -0.00014696501170571776,
                  -0.0012960570547688002
                ],
                [
                  -0.00014696501170571776,
                  0.0012068802104016972,
                  -0.0016424762280994553
                ],
                [
                  -0.0012960570547688002,
                  -0.0016424762280994553,
                  0.046020872999062476
                ]
              ],
              "params": [
                "log_kappa",
                "log_kdeg",
                "log_fmod_0"
              ]
            },
            "ndata": 12,
            "nfree": 9,
            "r2": 0.9990514607305855,
            "reduced_chisq": 3.3962471098178277e-07,
            "status": "completed",
            "success": true,
            "time_max": 2700.0,
            "time_min": 0.0
          },
          "nt_id": 398,
          "params": {
            "fmod0": 0.001101498078261398,
            "kdeg": 0.0029149114310686357,
            "kobs": 0.038414402398446415,
            "log_fmod0": -6.811084136379415,
            "log_fmod0_err": 0.2145247608064451,
            "log_kdeg": -5.837915843494235,
            "log_kdeg_err": 0.03474018149638394,
            "log_kobs": -3.259322827247256,
            "log_kobs_err": 0.011282141802573906,
            "metadata": {
              "base": "C",
              "fmod_run_ids": [
                455,
                456,
                458,
                459,
                461,
                462,
                464,
                465,
                467,
                468,
                470,
                471
              ],
              "site": 9,
              "valtype": "modrate"
            }
          },
          "valtype": "modrate"
        },
        {
          "diagnostics": {
            "chisq": 4.1650000003270466e-08,
            "covariance": {
              "matrix": [
                [
                  1.2603247850192096e+16,
                  -1.1184534957024098e+16,
                  2.4466389159627207e-10
                ],
                [
                  -1.1184534957024098e+16,
                  1.417931809458004e+16,
                  -696436.2129394374
                ],
                [
                  2.4466389159627207e-10,
                  -696436.2129394374,
                  0.000513095970615282
                ]
              ],
              "params": [
                "log_kappa",
                "log_kdeg",
                "log_fmod_0"
              ]
            },
            "ndata": 12,
            "nfree": 9,
            "r2": -7.85231879518733e-11,
            "reduced_chisq": 4.627777778141163e-09,
            "status": "completed",
            "success": true,
            "time_max": 2700.0,
            "time_min": 0.0
          },
          "nt_id": 399,
          "params": {
            "fmod0": 0.0009830000003262596,
            "kdeg": 5.784543502430637e-12,
            "kobs": 2.243627406065706e-06,
            "log_fmod0": -6.924901437485206,
            "log_fmod0_err": 0.02265162180982373,
            "log_kdeg": -25.875831668953012,
            "log_kdeg_err": 119076941.90975867,
            "log_kobs": -13.007416624167675,
            "log_kobs_err": 112264187.74565688,
            "metadata": {
              "base": "U",
              "fmod_run_ids": [
                455,
                456,
                458,
                459,
                461,
                462,
                464,
                465,
                467,
                468,
                470,
                471
              ],
              "site": 10,
              "valtype": "modrate"
            }
          },
          "valtype": "modrate"
        },
        {
          "diagnostics": {
            "chisq": 3.1799454042305615e-08,
            "covariance": {
              "matrix": [
                [
                  0.04962874688698263,
                  -0.06742214796103463,
                  -0.002382419572436979
                ],
                [
                  -0.06742214796103463,
                  0.45903839081080544,
                  -0.004273313494163619
                ],
                [
                  -0.002382419572436979,
                  -0.004273313494163619,
                  0.0005493240266514852
                ]
              ],
              "params": [
                "log_kappa",
                "log_kdeg",
                "log_fmod_0"
              ]
            },
            "ndata": 12,
            "nfree": 9,
            "r2": 0.7366510293576567,
            "reduced_chisq": 3.5332726713672905e-09,
            "status": "completed",
            "success": true,
            "time_max": 2700.0,
            "time_min": 0.0
          },
          "nt_id": 400,
          "params": {
            "fmod0": 0.001022748639465164,
            "kdeg": 0.0021012161443084614,
            "kobs": 0.00020700312494404945,
            "log_fmod0": -6.885261531426818,
            "log_fmod0_err": 0.023437662568001214,
            "log_kdeg": -6.165238985538551,
            "log_kdeg_err": 0.6775237197403537,
            "log_kobs": -8.482776668464789,
            "log_kobs_err": 0.22277510383115665,
            "metadata": {
              "base": "U",
              "fmod_run_ids": [
                455,
                456,
                458,
                459,
                461,
                462,
                464,
                465,
                467,
                468,
                470,
                471
              ],
              "site": 11,
              "valtype": "modrate"
            }
          },
          "valtype": "modrate"
        },
        {
          "diagnostics": {
            "chisq": 7.006085475452301e-08,
            "covariance": {
              "matrix": [
                [
                  1.1139852885892525,
                  -1.7432265678633823,
                  0.006424371665681505
                ],
                [
                  -1.7432265678633823,
                  2.8325421487396625,
                  -0.015110823808309677
                ],
                [
                  0.006424371665681505,
                  -0.015110823808309677,
                  0.000640680209993846
                ]
              ],
              "params": [
                "log_kappa",
                "log_kdeg",
                "log_fmod_0"
              ]
            },
            "ndata": 12,
            "nfree": 9,
            "r2": 0.7297683918328912,
            "reduced_chisq": 7.784539417169222e-09,
            "status": "completed",
            "success": true,
            "time_max": 2700.0,
            "time_min": 0.0
          },
          "nt_id": 401,
          "params": {
            "fmod0": 0.0013438533047089502,
            "kdeg": 0.0004118505591086737,
            "kobs": 0.0005408276761262995,
            "log_fmod0": -6.612214191120318,
            "log_fmod0_err": 0.025311661541547327,
            "log_kdeg": -7.794849995023795,
            "log_kdeg_err": 1.6830157898069948,
            "log_kobs": -7.522409858275935,
            "log_kobs_err": 1.0554550149529123,
            "metadata": {
              "base": "U",
              "fmod_run_ids": [
                455,
                456,
                458,
                459,
                461,
                462,
                464,
                465,
                467,
                468,
                470,
                471
              ],
              "site": 12,
              "valtype": "modrate"
            }
          },
          "valtype": "modrate"
        },
        {
          "diagnostics": {
            "chisq": 4.4621593663208395e-08,
            "covariance": {
              "matrix": [
                [
                  0.00947934781248046,
                  -0.014874440657193006,
                  -0.0014277344325928682
                ],
                [
                  -0.014874440657193006,
                  0.08619724453221919,
                  -0.0031890726844446956
                ],
                [
                  -0.0014277344325928682,
                  -0.0031890726844446956,
                  0.001412793756658199
                ]
              ],
              "params": [
                "log_kappa",
                "log_kdeg",
                "log_fmod_0"
              ]
            },
            "ndata": 12,
            "nfree": 9,
            "r2": 0.9414573750414776,
            "reduced_chisq": 4.9579548514676e-09,
            "status": "completed",
            "success": true,
            "time_max": 2700.0,
            "time_min": 0.0
          },
          "nt_id": 402,
          "params": {
            "fmod0": 0.0007529152657935785,
            "kdeg": 0.0017760133525843835,
            "kobs": 0.0006039851217686009,
            "log_fmod0": -7.191557865322813,
            "log_fmod0_err": 0.03758714882321083,
            "log_kdeg": -6.333384116093359,
            "log_kdeg_err": 0.2935936725003098,
            "log_kobs": -7.411960993166295,
            "log_kobs_err": 0.0973619423208086,
            "metadata": {
              "base": "U",
              "fmod_run_ids": [
                455,
                456,
                458,
                459,
                461,
                462,
                464,
                465,
                467,
                468,
                470,
                471
              ],
              "site": 13,
              "valtype": "modrate"
            }
          },
          "valtype": "modrate"
        },
        {
          "diagnostics": {
            "chisq": 3.6690804515552213e-07,
            "covariance": {
              "matrix": [
                [
                  0.6864505444714492,
                  -1.1907774812244514,
                  -0.04639890391082252
                ],
                [
                  -1.1907774812244514,
                  6.088431937007374,
                  -0.12500512780796402
                ],
                [
                  -0.04639890391082252,
                  -0.12500512780796402,
                  0.028323470094520995
                ]
              ],
              "params": [
                "log_kappa",
                "log_kdeg",
                "log_fmod_0"
              ]
            },
            "ndata": 12,
            "nfree": 9,
            "r2": 0.19680382400665009,
            "reduced_chisq": 4.076756057283579e-08,
            "status": "completed",
            "success": true,
            "time_max": 2700.0,
            "time_min": 0.0
          },
          "nt_id": 403,
          "params": {
            "fmod0": 0.00048087822520326095,
            "kdeg": 0.0015806087650753638,
            "kobs": 0.0002183618392313593,
            "log_fmod0": -7.639896489967052,
            "log_fmod0_err": 0.16829578157078387,
            "log_kdeg": -6.449945211798574,
            "log_kdeg_err": 2.4674748098019914,
            "log_kobs": -8.42935705815452,
            "log_kobs_err": 0.8285231104027511,
            "metadata": {
              "base": "G",
              "fmod_run_ids": [
                455,
                456,
                458,
                459,
                461,
                462,
                464,
                465,
                467,
                468,
                470,
                471
              ],
              "site": 14,
              "valtype": "modrate"
            }
          },
          "valtype": "modrate"
        },
        {
          "diagnostics": {
            "chisq": 9.625528727988591e-08,
            "covariance": {
              "matrix": [
                [
                  4.2997451781233965e-06,
                  -5.017667213214767e-06,
                  -8.169013667574101e-05
                ],
                [
                  -5.017667213214767e-06,
                  4.020795750649593e-05,
                  -0.00010815393173550915
                ],
                [
                  -8.169013667574101e-05,
                  -0.00010815393173550915,
                  0.005599404015506741
                ]
              ],
              "params": [
                "log_kappa",
                "log_kdeg",
                "log_fmod_0"
              ]
            },
            "ndata": 12,
            "nfree": 9,
            "r2": 0.9999680847781881,
            "reduced_chisq": 1.0695031919987323e-08,
            "status": "completed",
            "success": true,
            "time_max": 2700.0,
            "time_min": 0.0
          },
          "nt_id": 404,
          "params": {
            "fmod0": 0.0005599630200059103,
            "kdeg": 0.0027640612829905047,
            "kobs": 0.03740029298759571,
            "log_fmod0": -7.487639812119264,
            "log_fmod0_err": 0.07482916554062821,
            "log_kdeg": -5.891054201473553,
            "log_kdeg_err": 0.0063409744918660515,
            "log_kobs": -3.2860767406994023,
            "log_kobs_err": 0.002073582691411991,
            "metadata": {
              "base": "A",
              "fmod_run_ids": [
                455,
                456,
                458,
                459,
                461,
                462,
                464,
                465,
                467,
                468,
                470,
                471
              ],
              "site": 15,
              "valtype": "modrate"
            }
          },
          "valtype": "modrate"
        },
        {
          "diagnostics": {
            "chisq": 7.271820081020745e-07,
            "covariance": {
              "matrix": [
                [
                  4.7809634115152534e-05,
                  -5.5233035440709494e-05,
                  -0.0007622700790415732
                ],
                [
                  -5.5233035440709494e-05,
                  0.00045517425440866674,
                  -0.0009756903231265345
                ],
                [
                  -0.0007622700790415732,
                  -0.0009756903231265345,
                  0.042507091270198666
                ]
              ],
              "params": [
                "log_kappa",
                "log_kdeg",
                "log_fmod_0"
              ]
            },
            "ndata": 12,
            "nfree": 9,
            "r2": 0.9996406069005246,
            "reduced_chisq": 8.07980009002305e-08,
            "status": "completed",
            "success": true,
            "time_max": 2700.0,
            "time_min": 0.0
          },
          "nt_id": 405,
          "params": {
            "fmod0": 0.0005589545411438596,
            "kdeg": 0.0029042401477455087,
            "kobs": 0.030346730969149503,
            "log_fmod0": -7.4894424098621935,
            "log_fmod0_err": 0.20617247942002023,
            "log_kdeg": -5.84158348993402,
            "log_kdeg_err": 0.02133481320304133,
            "log_kobs": -3.4950664783437975,
            "log_kobs_err": 0.006914451107293516,
            "metadata": {
              "base": "A",
              "fmod_run_ids": [
                455,
                456,
                458,
                459,
                461,
                462,
                464,
                465,
                467,
                468,
                470,
                471
              ],
              "site": 16,
              "valtype": "modrate"
            }
          },
          "valtype": "modrate"
        },
        {
          "diagnostics": {
            "chisq": 4.810241360868761e-08,
            "covariance": {
              "matrix": [
                [
                  0.015325898694695193,
                  -0.01783715510546447,
                  -0.003107945752220548
                ],
                [
                  -0.01783715510546447,
                  0.14734917652227933,
                  -0.0042013208872790355
                ],
                [
                  -0.003107945752220548,
                  -0.0042013208872790355,
                  0.0022610520193532655
                ]
              ],
              "params": [
                "log_kappa",
                "log_kdeg",
                "log_fmod_0"
              ]
            },
            "ndata": 12,
            "nfree": 9,
            "r2": 0.8940853404540944,
            "reduced_chisq": 5.344712623187512e-09,
            "status": "completed",
            "success": true,
            "time_max": 2700.0,
            "time_min": 0.0
          },
          "nt_id": 406,
          "params": {
            "fmod0": 0.0006228803213242187,
            "kdeg": 0.002802623416014147,
            "kobs": 0.0004257851878433716,
            "log_fmod0": -7.3811561582336855,
            "log_fmod0_err": 0.04755052070538519,
            "log_kdeg": -5.877199366159176,
            "log_kdeg_err": 0.38386088172966953,
            "log_kobs": -7.76157559276245,
            "log_kobs_err": 0.12379781377187238,
            "metadata": {
              "base": "U",
              "fmod_run_ids": [
                455,
                456,
                458,
                459,
                461,
                462,
                464,
                465,
                467,
                468,
                470,
                471
              ],
              "site": 17,
              "valtype": "modrate"
            }
          },
          "valtype": "modrate"
        },
        {
          "diagnostics": {
            "chisq": 1.073714233168238e-07,
            "covariance": {
              "matrix": [
                [
                  5.450180847441897e-06,
                  -6.343050299680071e-06,
                  -8.431543959384457e-05
                ],
                [
                  -6.343050299680071e-06,
                  5.1192809333098275e-05,
                  -0.00011083865483120707
                ],
                [
                  -8.431543959384457e-05,
                  -0.00011083865483120707,
                  0.004671627516471879
                ]
              ],
              "params": [
                "log_kappa",
                "log_kdeg",
                "log_fmod_0"
              ]
            },
            "ndata": 12,
            "nfree": 9,
            "r2": 0.9999593836743897,
            "reduced_chisq": 1.1930158146313756e-08,
            "status": "completed",
            "success": true,
            "time_max": 2700.0,
            "time_min": 0.0
          },
          "nt_id": 407,
          "params": {
            "fmod0": 0.0006475814303875353,
            "kdeg": 0.0027953339081648117,
            "kobs": 0.034926886203354185,
            "log_fmod0": -7.342266011081589,
            "log_fmod0_err": 0.06834930516451414,
            "log_kdeg": -5.879803713262008,
            "log_kdeg_err": 0.007154915047231398,
            "log_kobs": -3.354498368043215,
            "log_kobs_err": 0.0023345622389308656,
            "metadata": {
              "base": "A",
              "fmod_run_ids": [
                455,
                456,
                458,
                459,
                461,
                462,
                464,
                465,
                467,
                468,
                470,
                471
              ],
              "site": 18,
              "valtype": "modrate"
            }
          },
          "valtype": "modrate"
        },
        {
          "diagnostics": {
            "chisq": 2.2406507549726873e-08,
            "covariance": {
              "matrix": [
                [
                  0.008349130256983351,
                  -0.009968008525057102,
                  -0.0015148625756641904
                ],
                [
                  -0.009968008525057102,
                  0.0789716376866641,
                  -0.0021903614033447713
                ],
                [
                  -0.0015148625756641904,
                  -0.0021903614033447713,
                  0.0010450411601197977
                ]
              ],
              "params": [
                "log_kappa",
                "log_kdeg",
                "log_fmod_0"
              ]
            },
            "ndata": 12,
            "nfree": 9,
            "r2": 0.9400268394297507,
            "reduced_chisq": 2.4896119499696527e-09,
            "status": "completed",
            "success": true,
            "time_max": 2700.0,
            "time_min": 0.0
          },
          "nt_id": 408,
          "params": {
            "fmod0": 0.0006246017460328335,
            "kdeg": 0.0025914345072295167,
            "kobs": 0.00039982650989191384,
            "log_fmod0": -7.378396317677587,
            "log_fmod0_err": 0.03232709637625683,
            "log_kdeg": -5.9555436928014505,
            "log_kdeg_err": 0.2810189276306208,
            "log_kobs": -7.8244798302125185,
            "log_kobs_err": 0.09137357526650335,
            "metadata": {
              "base": "G",
              "fmod_run_ids": [
                455,
                456,
                458,
                459,
                461,
                462,
                464,
                465,
                467,
                468,
                470,
                471
              ],
              "site": 19,
              "valtype": "modrate"
            }
          },
          "valtype": "modrate"
        },
        {
          "diagnostics": {
            "chisq": 5.1897287651742064e-08,
            "covariance": {
              "matrix": [
                [
                  0.014203322548168506,
                  -0.01792805593717655,
                  -0.0021236585490524897
                ],
                [
                  -0.01792805593717655,
                  0.1324567617352928,
                  -0.0034024938836197155
                ],
                [
                  -0.0021236585490524897,
                  -0.0034024938836197155,
                  0.0013371278961836792
                ]
              ],
              "params": [
                "log_kappa",
                "log_kdeg",
                "log_fmod_0"
              ]
            },
            "ndata": 12,
            "nfree": 9,
            "r2": 0.9041992176136044,
            "reduced_chisq": 5.766365294638007e-09,
            "status": "completed",
            "success": true,
            "time_max": 2700.0,
            "time_min": 0.0
          },
          "nt_id": 409,
          "params": {
            "fmod0": 0.0008389552513718176,
            "kdeg": 0.0023287210510195143,
            "kobs": 0.0004788376852784644,
            "log_fmod0": -7.08335318859072,
            "log_fmod0_err": 0.036566759443293295,
            "log_kdeg": -6.062436067249945,
            "log_kdeg_err": 0.36394609729366906,
            "log_kobs": -7.644148879611533,
            "log_kobs_err": 0.11917769316515782,
            "metadata": {
              "base": "U",
              "fmod_run_ids": [
                455,
                456,
                458,
                459,
                461,
                462,
                464,
                465,
                467,
                468,
                470,
                471
              ],
              "site": 20,
              "valtype": "modrate"
            }
          },
          "valtype": "modrate"
        },
        {
          "diagnostics": {
            "chisq": 5.123353341541426e-07,
            "covariance": {
              "matrix": [
                [
                  0.1680785408066366,
                  -0.31898639679811036,
                  -0.01316670786419624
                ],
                [
                  -0.31898639679811036,
                  1.4205989635668372,
                  -0.04524937893013243
                ],
                [
                  -0.01316670786419624,
                  -0.04524937893013243,
                  0.014818698639253886
                ]
              ],
              "params": [
                "log_kappa",
                "log_kdeg",
                "log_fmod_0"
              ]
            },
            "ndata": 12,
            "nfree": 9,
            "r2": 0.5354219007177725,
            "reduced_chisq": 5.692614823934918e-08,
            "status": "completed",
            "success": true,
            "time_max": 2700.0,
            "time_min": 0.0
          },
          "nt_id": 410,
          "params": {
            "fmod0": 0.0007830678061181114,
            "kdeg": 0.001397488649697784,
            "kobs": 0.0005743594264064971,
            "log_fmod0": -7.152291267870854,
            "log_fmod0_err": 0.12173207728143756,
            "log_kdeg": -6.573078474830053,
            "log_kdeg_err": 1.1918888218147015,
            "log_kobs": -7.462255179204073,
            "log_kobs_err": 0.40997382941675264,
            "metadata": {
              "base": "G",
              "fmod_run_ids": [
                455,
                456,
                458,
                459,
                461,
                462,
                464,
                465,
                467,
                468,
                470,
                471
              ],
              "site": 21,
              "valtype": "modrate"
            }
          },
          "valtype": "modrate"
        },
        {
          "diagnostics": {
            "chisq": 6.020590111372878e-07,
            "covariance": {
              "matrix": [
                [
                  2.6908995187573358e-05,
                  -3.0961562175826775e-05,
                  -0.00033156732441252945
                ],
                [
                  -3.0961562175826775e-05,
                  0.00025782022094192347,
                  -0.00041127472940532346
                ],
                [
                  -0.00033156732441252945,
                  -0.00041127472940532346,
                  0.014008935697614338
                ]
              ],
              "params": [
                "log_kappa",
                "log_kdeg",
                "log_fmod_0"
              ]
            },
            "ndata": 12,
            "nfree": 9,
            "r2": 0.9997984637270984,
            "reduced_chisq": 6.689544568192087e-08,
            "status": "completed",
            "success": true,
            "time_max": 2700.0,
            "time_min": 0.0
          },
          "nt_id": 411,
          "params": {
            "fmod0": 0.0008863732886037864,
            "kdeg": 0.0030026589038218855,
            "kobs": 0.03684431259526728,
            "log_fmod0": -7.028372377123208,
            "log_fmod0_err": 0.11835934985295558,
            "log_kdeg": -5.808257081573122,
            "log_kdeg_err": 0.01605678115133676,
            "log_kobs": -3.301054011599791,
            "log_kobs_err": 0.005187388089161381,
            "metadata": {
              "base": "A",
              "fmod_run_ids": [
                455,
                456,
                458,
                459,
                461,
                462,
                464,
                465,
                467,
                468,
                470,
                471
              ],
              "site": 22,
              "valtype": "modrate"
            }
          },
          "valtype": "modrate"
        },
        {
          "diagnostics": {
            "chisq": 9.297929856782201e-08,
            "covariance": {
              "matrix": [
                [
                  88464356606.71986,
                  -88457108873.47302,
                  -688.3037937086328
                ],
                [
                  -88457108873.47302,
                  88449861734.20932,
                  688.2416583277004
                ],
                [
                  -688.3037937086328,
                  688.2416583277004,
                  0.0005526399155048091
                ]
              ],
              "params": [
                "log_kappa",
                "log_kdeg",
                "log_fmod_0"
              ]
            },
            "ndata": 12,
            "nfree": 9,
            "r2": 0.3705408557958877,
            "reduced_chisq": 1.0331033174202446e-08,
            "status": "completed",
            "success": true,
            "time_max": 2700.0,
            "time_min": 0.0
          },
          "nt_id": 412,
          "params": {
            "fmod0": 0.0015202366107505898,
            "kdeg": 7.218550258542596e-11,
            "kobs": 1077.2153959583177,
            "log_fmod0": -6.488889291270993,
            "log_fmod0_err": 0.02350829461072855,
            "log_kdeg": -23.351781885407533,
            "log_kdeg_err": 297405.21470581065,
            "log_kobs": 6.9821346534070825,
            "log_kobs_err": 297429.5826018654,
            "metadata": {
              "base": "U",
              "fmod_run_ids": [
                455,
                456,
                458,
                459,
                461,
                462,
                464,
                465,
                467,
                468,
                470,
                471
              ],
              "site": 23,
              "valtype": "modrate"
            }
          },
