{
  "artifacts": {},
  "engine": "python_baseline",
  "engine_version": "0.1.0",
  "metadata": {
    "buffer_pH": 6.4,
    "done_by": [
      "EKC"
    ],
    "experiment_id": "ekc.01.0xx",
    "fmod_run_id": 938,
    "initial_kdeg": 0.048220111271698785,
    "initial_kdeg_source": "arrhenius:nmr:deg:dms:Schwalbe_bistris",
    "initial_log_kdeg": -3.0319790986478097,
    "notes": "Baseline python engine demo using examples/nerd.sqlite",
    "rg_id": 98,
    "rg_label": "80_2_14",
    "rounds_requested": [
      "round1_free",
      "round2_global",
      "round3_constrained"
    ],
    "rt_protocol": [
      "MRT"
    ],
    "selected_site_bases": [
      "17_G",
      "18_G",
      "19_C",
      "1_U",
      "20_A",
      "21_G",
      "22_A",
      "23_U",
      "24_C",
      "25_U",
      "26_G",
      "27_A",
      "28_G",
      "29_C",
      "2_A",
      "31_U",
      "32_U",
      "33_C",
      "34_G",
      "36_G",
      "37_C",
      "38_U",
      "39_C",
      "3_A",
      "40_U",
      "41_C",
      "42_U",
      "43_G",
      "44_C",
      "45_C",
      "61_A",
      "62_A",
      "63_U",
      "64_C",
      "65_C"
    ],
    "temperature_c": 80.0,
    "valtypes": [
      "modrate",
      "GAmodrate"
    ]
  },
  "rounds": [
    {
      "global_params": {},
      "notes": null,
      "per_nt": [
        {
          "diagnostics": {
            "reason": "Non-zero fmod values are required for a fit.",
            "status": "failed"
          },
          "nt_id": 243,
          "params": {},
          "valtype": "modrate"
        },
        {
          "diagnostics": {
            "reason": "Non-zero fmod values are required for a fit.",
            "status": "failed"
          },
          "nt_id": 244,
          "params": {},
          "valtype": "modrate"
        },
        {
          "diagnostics": {
            "reason": "Non-zero fmod values are required for a fit.",
            "status": "failed"
          },
          "nt_id": 245,
          "params": {},
          "valtype": "modrate"
        },
        {
          "diagnostics": {
            "reason": "Non-zero fmod values are required for a fit.",
            "status": "failed"
          },
          "nt_id": 246,
          "params": {},
          "valtype": "modrate"
        },
        {
          "diagnostics": {
            "chisq": 2.8690884113686623e-08,
            "covariance": {
              "matrix": [
                [
                  0.016279688349684376,
                  0.003834497828851113,
                  -0.025054380544959867
                ],
                [
                  0.003834497828851113,
                  0.09014854848537451,
                  -0.025706213031298157
                ],
                [
                  -0.025054380544959867,
                  -0.025706213031298157,
                  0.050306992704328896
                ]
              ],
              "params": [
                "log_kappa",
                "log_kdeg",
                "log_fmod_0"
              ]
            },
            "ndata": 7,
            "nfree": 4,
            "r2": 0.9394770564160823,
            "reduced_chisq": 7.172721028421656e-09,
            "status": "completed",
            "success": true,
            "time_max": 135.0,
            "time_min": 0.0
          },
          "nt_id": 247,
          "params": {
            "fmod0": 0.00037327766923403487,
            "kdeg": 0.08126425719550057,
            "kobs": 0.0007293198067105899,
            "log_fmod0": -7.893187993725771,
            "log_fmod0_err": 0.22429220384206155,
            "log_kdeg": -2.5100489999905156,
            "log_kdeg_err": 0.30024747873275226,
            "log_kobs": -7.2233982298201935,
            "log_kobs_err": 0.1275918819897425,
            "metadata": {
              "base": "G",
              "fmod_run_ids": [
                933,
                934,
                935,
                936,
                937,
                938,
                939
              ],
              "site": 18,
              "valtype": "modrate"
            }
          },
          "valtype": "modrate"
        },
        {
          "diagnostics": {
            "chisq": 8.911033341762924e-06,
            "covariance": {
              "matrix": [
                [
                  0.002641424300896565,
                  0.0006844308766102911,
                  -0.1523818899259802
                ],
                [
                  0.0006844308766102911,
                  0.015006791192416791,
                  -0.19476096433520793
                ],
                [
                  -0.1523818899259802,
                  -0.19476096433520793,
                  12.26597124825321
                ]
              ],
              "params": [
                "log_kappa",
                "log_kdeg",
                "log_fmod_0"
              ]
            },
            "ndata": 7,
            "nfree": 4,
            "r2": 0.9900169137095084,
            "reduced_chisq": 2.227758335440731e-06,
            "status": "completed",
            "success": true,
            "time_max": 135.0,
            "time_min": 0.0
          },
          "nt_id": 248,
          "params": {
            "fmod0": 0.00041482533281334515,
            "kdeg": 0.05901018309255102,
            "kobs": 0.03254135926457982,
            "log_fmod0": -7.787653011117558,
            "log_fmod0_err": 3.5022808637019978,
            "log_kdeg": -2.8300452551801842,
            "log_kdeg_err": 0.12250220892872418,
            "log_kobs": -3.425243405949975,
            "log_kobs_err": 0.05139478865504327,
            "metadata": {
              "base": "C",
              "fmod_run_ids": [
                933,
                934,
                935,
                936,
                937,
                938,
                939
              ],
              "site": 19,
              "valtype": "modrate"
            }
          },
          "valtype": "modrate"
        },
        {
          "diagnostics": {
            "chisq": 2.487266733705348e-06,
            "covariance": {
              "matrix": [
                [
                  0.004297813421402009,
                  0.0011574776148851745,
                  -0.11942007508663113
                ],
                [
                  0.0011574776148851745,
                  0.0248987823134031,
                  -0.15572930265089105
                ],
                [
                  -0.11942007508663113,
                  -0.15572930265089105,
                  4.640066302195596
                ]
              ],
              "params": [
                "log_kappa",
                "log_kdeg",
                "log_fmod_0"
              ]
            },
            "ndata": 7,
            "nfree": 4,
            "r2": 0.9835370180883272,
            "reduced_chisq": 6.21816683426337e-07,
            "status": "completed",
            "success": true,
            "time_max": 135.0,
            "time_min": 0.0
          },
          "nt_id": 249,
          "params": {
            "fmod0": 0.00035599788361746786,
            "kdeg": 0.05881721612077307,
            "kobs": 0.013206208475021979,
            "log_fmod0": -7.940585772024668,
            "log_fmod0_err": 2.1540813128096152,
            "log_kdeg": -2.8333206757629155,
            "log_kdeg_err": 0.15779347994579213,
            "log_kobs": -4.32706822094772,
            "log_kobs_err": 0.06555771061745529,
            "metadata": {
              "base": "A",
              "fmod_run_ids": [
                933,
                934,
                935,
                936,
                937,
                938,
                939
              ],
              "site": 20,
              "valtype": "modrate"
            }
          },
          "valtype": "modrate"
        },
        {
          "diagnostics": {
            "chisq": 3.103847872522375e-08,
            "covariance": {
              "matrix": [
                [
                  0.04133995693503406,
                  0.011574019894051824,
                  -0.05146348635227664
                ],
                [
                  0.011574019894051824,
                  0.2371549897592387,
                  -0.06444426946211135
                ],
                [
                  -0.05146348635227664,
                  -0.06444426946211135,
                  0.08794342413885106
                ]
              ],
              "params": [
                "log_kappa",
                "log_kdeg",
                "log_fmod_0"
              ]
            },
            "ndata": 7,
            "nfree": 4,
            "r2": 0.8598226076307993,
            "reduced_chisq": 7.759619681305937e-09,
            "status": "completed",
            "success": true,
            "time_max": 135.0,
            "time_min": 0.0
          },
          "nt_id": 250,
          "params": {
            "fmod0": 0.0002900666333191254,
            "kdeg": 0.06288726268261037,
            "kobs": 0.00047104102517342373,
            "log_fmod0": -8.145399891310904,
            "log_fmod0_err": 0.2965525655576951,
            "log_kdeg": -2.76641163685323,
            "log_kdeg_err": 0.4869856155568034,
            "log_kobs": -7.660565365462008,
            "log_kobs_err": 0.20332229817468142,
            "metadata": {
              "base": "G",
              "fmod_run_ids": [
                933,
                934,
                935,
                936,
                937,
                938,
                939
              ],
              "site": 21,
              "valtype": "modrate"
            }
          },
          "valtype": "modrate"
        },
        {
          "diagnostics": {
            "chisq": 8.090086792564111e-07,
            "covariance": {
              "matrix": [
                [
                  0.001440861750433025,
                  0.0003870369786904978,
                  -0.04133836717663716
                ],
                [
                  0.0003870369786904978,
                  0.00836975385119356,
                  -0.05420881947201491
                ],
                [
                  -0.04133836717663716,
                  -0.05420881947201491,
                  1.66207048864708
                ]
              ],
              "params": [
                "log_kappa",
                "log_kdeg",
                "log_fmod_0"
              ]
            },
            "ndata": 7,
            "nfree": 4,
            "r2": 0.9944177641808478,
            "reduced_chisq": 2.0225216981410278e-07,
            "status": "completed",
            "success": true,
            "time_max": 135.0,
            "time_min": 0.0
          },
          "nt_id": 251,
          "params": {
            "fmod0": 0.00033908633858691675,
            "kdeg": 0.0584102693106103,
            "kobs": 0.013000167431095168,
            "log_fmod0": -7.989255796913723,
            "log_fmod0_err": 1.2892131277050665,
            "log_kdeg": -2.8402635602469974,
            "log_kdeg_err": 0.09148635882574822,
            "log_kobs": -4.342793042288525,
            "log_kobs_err": 0.03795868478270849,
            "metadata": {
              "base": "A",
              "fmod_run_ids": [
                933,
                934,
                935,
                936,
                937,
                938,
                939
              ],
              "site": 22,
              "valtype": "modrate"
            }
          },
          "valtype": "modrate"
        },
        {
          "diagnostics": {
            "chisq": 8.720477256796278e-07,
            "covariance": {
              "matrix": [
                [
                  0.03284700231923793,
                  -0.0060302322661730775,
                  -0.04924779924020905
                ],
                [
                  -0.0060302322661730775,
                  0.3361468426021747,
                  -0.027624522921349395
                ],
                [
                  -0.04924779924020905,
                  -0.027624522921349395,
                  0.09083685224042018
                ]
              ],
              "params": [
                "log_kappa",
                "log_kdeg",
                "log_fmod_0"
              ]
            },
            "ndata": 7,
            "nfree": 4,
            "r2": 0.884492054934771,
            "reduced_chisq": 2.1801193141990694e-07,
            "status": "completed",
            "success": true,
            "time_max": 135.0,
            "time_min": 0.0
          },
          "nt_id": 252,
          "params": {
            "fmod0": 0.0015485577422910183,
            "kdeg": 0.17357163599436737,
            "kobs": 0.002851383653742581,
            "log_fmod0": -6.470431270068961,
            "log_fmod0_err": 0.3013915264907429,
            "log_kdeg": -1.7511648772342385,
            "log_kdeg_err": 0.57978171978959,
            "log_kobs": -5.859950909973695,
            "log_kobs_err": 0.18123741975441476,
            "metadata": {
              "base": "U",
              "fmod_run_ids": [
                933,
                934,
                935,
                936,
                937,
                938,
                939
              ],
              "site": 23,
              "valtype": "modrate"
            }
          },
          "valtype": "modrate"
        },
        {
          "diagnostics": {
            "chisq": 2.6338816903517814e-06,
            "covariance": {
              "matrix": [
                [
                  0.0016081236075323221,
                  0.0004201153801654015,
                  -0.02355835703486038
                ],
                [
                  0.0004201153801654015,
                  0.009314309354471107,
                  -0.03103318266112313
                ],
                [
                  -0.02355835703486038,
                  -0.03103318266112313,
                  0.4859683070012852
                ]
              ],
              "params": [
                "log_kappa",
                "log_kdeg",
                "log_fmod_0"
              ]
            },
            "ndata": 7,
            "nfree": 4,
            "r2": 0.993831855137116,
            "reduced_chisq": 6.584704225879454e-07,
            "status": "completed",
            "success": true,
            "time_max": 135.0,
            "time_min": 0.0
          },
          "nt_id": 253,
          "params": {
            "fmod0": 0.0011304286445792126,
            "kdeg": 0.05744441943361159,
            "kobs": 0.022402641205753263,
            "log_fmod0": -6.785158386699858,
            "log_fmod0_err": 0.6971142711215179,
            "log_kdeg": -2.8569374172016966,
            "log_kdeg_err": 0.09651066964056931,
            "log_kobs": -3.798576416100967,
            "log_kobs_err": 0.04010141652775276,
            "metadata": {
              "base": "C",
              "fmod_run_ids": [
                933,
                934,
                935,
                936,
                937,
                938,
                939
              ],
              "site": 24,
              "valtype": "modrate"
            }
          },
          "valtype": "modrate"
        },
        {
          "diagnostics": {
            "chisq": 5.405543887061048e-07,
            "covariance": {
              "matrix": [
                [
                  0.040551736657783166,
                  0.005388897019288302,
                  -0.051333082554031684
                ],
                [
                  0.005388897019288302,
                  0.2404148691995792,
                  -0.043270507289020675
                ],
                [
                  -0.051333082554031684,
                  -0.043270507289020675,
                  0.08241253685130176
                ]
              ],
              "params": [
                "log_kappa",
                "log_kdeg",
                "log_fmod_0"
              ]
            },
            "ndata": 7,
            "nfree": 4,
            "r2": 0.8610312146459378,
            "reduced_chisq": 1.351385971765262e-07,
            "status": "completed",
            "success": true,
            "time_max": 135.0,
            "time_min": 0.0
          },
          "nt_id": 254,
          "params": {
            "fmod0": 0.0012742408212992053,
            "kdeg": 0.10462144590411064,
            "kobs": 0.0020182260167599902,
            "log_fmod0": -6.665404711988269,
            "log_fmod0_err": 0.28707583815309456,
            "log_kdeg": -2.25740672060267,
            "log_kdeg_err": 0.4903211898333369,
            "log_kobs": -6.205536362945688,
            "log_kobs_err": 0.20137461770983742,
            "metadata": {
              "base": "U",
              "fmod_run_ids": [
                933,
                934,
                935,
                936,
                937,
                938,
                939
              ],
              "site": 25,
              "valtype": "modrate"
            }
          },
          "valtype": "modrate"
        },
        {
          "diagnostics": {
            "chisq": 1.2848157702647095e-08,
            "covariance": {
              "matrix": [
                [
                  0.012171337388903398,
                  0.002691074092086287,
                  -0.012872091820327917
                ],
                [
                  0.002691074092086287,
                  0.07699285931122592,
                  -0.019527165932943413
                ],
                [
                  -0.012872091820327917,
                  -0.019527165932943413,
                  0.020441720846309935
                ]
              ],
              "params": [
                "log_kappa",
                "log_kdeg",
                "log_fmod_0"
              ]
            },
            "ndata": 7,
            "nfree": 4,
            "r2": 0.9539396331038283,
            "reduced_chisq": 3.2120394256617737e-09,
            "status": "completed",
            "success": true,
            "time_max": 135.0,
            "time_min": 0.0
          },
          "nt_id": 255,
          "params": {
            "fmod0": 0.00037947253696467346,
            "kdeg": 0.049223296942011475,
            "kobs": 0.0005509787599532486,
            "log_fmod0": -7.876728330111658,
            "log_fmod0_err": 0.1429745461482915,
            "log_kdeg": -3.0113882524752293,
            "log_kdeg_err": 0.27747587158386566,
            "log_kobs": -7.503814297733582,
            "log_kobs_err": 0.11032378433005005,
            "metadata": {
              "base": "G",
              "fmod_run_ids": [
                933,
                934,
                935,
                936,
                937,
                938,
                939
              ],
              "site": 26,
              "valtype": "modrate"
            }
          },
          "valtype": "modrate"
        },
        {
          "diagnostics": {
            "chisq": 4.952008484746862e-07,
            "covariance": {
              "matrix": [
                [
                  0.0003298362232014295,
                  7.90404941237383e-05,
                  -0.012512654232186978
                ],
                [
                  7.90404941237383e-05,
                  0.001983627144608831,
                  -0.01770396327522895
                ],
                [
                  -0.012512654232186978,
                  -0.01770396327522895,
                  0.6909450877594745
                ]
              ],
              "params": [
                "log_kappa",
                "log_kdeg",
                "log_fmod_0"
              ]
            },
            "ndata": 7,
            "nfree": 4,
            "r2": 0.9987242996702136,
            "reduced_chisq": 1.2380021211867155e-07,
            "status": "completed",
            "success": true,
            "time_max": 135.0,
            "time_min": 0.0
          },
          "nt_id": 256,
          "params": {
            "fmod0": 0.0004080748432750457,
            "kdeg": 0.05250524443131871,
            "kobs": 0.021316919741956878,
            "log_fmod0": -7.80405996098344,
            "log_fmod0_err": 0.8312310676096476,
            "log_kdeg": -2.946842220443745,
            "log_kdeg_err": 0.0445379292806573,
            "log_kobs": -3.8482541675165,
            "log_kobs_err": 0.018161393757127494,
            "metadata": {
              "base": "A",
              "fmod_run_ids": [
                933,
                934,
                935,
                936,
                937,
                938,
                939
              ],
              "site": 27,
              "valtype": "modrate"
            }
          },
          "valtype": "modrate"
        },
        {
          "diagnostics": {
            "chisq": 5.0434322170204576e-09,
            "covariance": {
              "matrix": [
                [
                  0.003483811902600762,
                  0.0009327576147310045,
                  -0.004866833363026416
                ],
                [
                  0.0009327576147310045,
                  0.01942289516387545,
                  -0.005520883143276527
                ],
                [
                  -0.004866833363026416,
                  -0.005520883143276527,
                  0.009066017859215703
                ]
              ],
              "params": [
                "log_kappa",
                "log_kdeg",
                "log_fmod_0"
              ]
            },
            "ndata": 7,
            "nfree": 4,
            "r2": 0.9864389493807404,
            "reduced_chisq": 1.2608580542551144e-09,
            "status": "completed",
            "success": true,
            "time_max": 135.0,
            "time_min": 0.0
          },
          "nt_id": 257,
          "params": {
            "fmod0": 0.00036672142741305344,
            "kdeg": 0.0714140347491632,
            "kobs": 0.0006580139559738222,
            "log_fmod0": -7.910908051507002,
            "log_fmod0_err": 0.09521563873238316,
            "log_kdeg": -2.6392608638386585,
            "log_kdeg_err": 0.13936604738556466,
            "log_kobs": -7.326284417177219,
            "log_kobs_err": 0.059023824872679695,
            "metadata": {
              "base": "G",
              "fmod_run_ids": [
                933,
                934,
                935,
                936,
                937,
                938,
                939
              ],
              "site": 28,
              "valtype": "modrate"
            }
          },
          "valtype": "modrate"
        },
        {
          "diagnostics": {
            "chisq": 3.975115563213222e-06,
            "covariance": {
              "matrix": [
                [
                  0.001742662587588346,
                  0.0004328889904917219,
                  -0.01841197001445539
                ],
                [
                  0.0004328889904917219,
                  0.010262075173807133,
                  -0.025175873219335815
                ],
                [
                  -0.01841197001445539,
                  -0.025175873219335815,
                  0.27890596189612565
                ]
              ],
              "params": [
                "log_kappa",
                "log_kdeg",
                "log_fmod_0"
              ]
            },
            "ndata": 7,
            "nfree": 4,
            "r2": 0.9933395180616978,
            "reduced_chisq": 9.937788908033055e-07,
            "status": "completed",
            "success": true,
            "time_max": 135.0,
            "time_min": 0.0
          },
          "nt_id": 258,
          "params": {
            "fmod0": 0.0018259837834716862,
            "kdeg": 0.0545129000534884,
            "kobs": 0.026474236085910745,
            "log_fmod0": -6.305636377751487,
            "log_fmod0_err": 0.5281154815910301,
            "log_kdeg": -2.9093179070924,
            "log_kdeg_err": 0.10130190113619356,
            "log_kobs": -3.6315832420786336,
            "log_kobs_err": 0.041745210355061645,
            "metadata": {
              "base": "C",
              "fmod_run_ids": [
                933,
                934,
                935,
                936,
                937,
                938,
                939
              ],
              "site": 29,
              "valtype": "modrate"
            }
          },
          "valtype": "modrate"
        },
        {
          "diagnostics": {
            "chisq": 2.2100644250069237e-07,
            "covariance": {
              "matrix": [
                [
                  0.006369282807737549,
                  -0.013770286454150989,
                  -0.01112712918252647
                ],
                [
                  -0.013770286454150989,
                  1.2210909854274066,
                  -0.0027702812879979713
                ],
                [
                  -0.01112712918252647,
                  -0.0027702812879979713,
                  0.023383720381366366
                ]
              ],
              "params": [
                "log_kappa",
                "log_kdeg",
                "log_fmod_0"
              ]
            },
            "ndata": 7,
            "nfree": 4,
            "r2": 0.9758218888529959,
            "reduced_chisq": 5.5251610625173094e-08,
            "status": "completed",
            "success": true,
            "time_max": 135.0,
            "time_min": 0.0
          },
          "nt_id": 259,
          "params": {
            "fmod0": 0.0015370972969861868,
            "kdeg": 0.4016669224365212,
            "kobs": 0.003240503190792985,
            "log_fmod0": -6.477859513250198,
            "log_fmod0_err": 0.15291736455146737,
            "log_kdeg": -0.9121320849542721,
            "log_kdeg_err": 1.1050298572560864,
            "log_kobs": -5.732026655436292,
            "log_kobs_err": 0.07980778663600156,
            "metadata": {
              "base": "U",
              "fmod_run_ids": [
                933,
                934,
                935,
                936,
                937,
                938,
                939
              ],
              "site": 31,
              "valtype": "modrate"
            }
          },
          "valtype": "modrate"
        },
        {
          "diagnostics": {
            "chisq": 5.287258659085098e-07,
            "covariance": {
              "matrix": [
                [
                  0.029424073042428184,
                  -0.007629289438744685,
                  -0.04347960768166148
                ],
                [
                  -0.007629289438744685,
                  0.3552824764645741,
                  -0.02254198293356528
                ],
                [
                  -0.04347960768166148,
                  -0.02254198293356528,
                  0.07873887269926041
                ]
              ],
              "params": [
                "log_kappa",
                "log_kdeg",
                "log_fmod_0"
              ]
            },
            "ndata": 7,
            "nfree": 4,
            "r2": 0.8954345521267099,
            "reduced_chisq": 1.3218146647712745e-07,
            "status": "completed",
            "success": true,
            "time_max": 135.0,
            "time_min": 0.0
          },
          "nt_id": 260,
          "params": {
            "fmod0": 0.0012953417665594596,
            "kdeg": 0.18991342852348894,
            "kobs": 0.0023431529341461925,
            "log_fmod0": -6.648980706248261,
            "log_fmod0_err": 0.28060447733288296,
            "log_kdeg": -1.66118695000686,
            "log_kdeg_err": 0.5960557662371652,
            "log_kobs": -6.056257848796986,
            "log_kobs_err": 0.17153446604816242,
            "metadata": {
              "base": "U",
              "fmod_run_ids": [
                933,
                934,
                935,
                936,
                937,
                938,
                939
              ],
              "site": 32,
              "valtype": "modrate"
            }
          },
          "valtype": "modrate"
        },
        {
          "diagnostics": {
            "chisq": 5.465773552432683e-06,
            "covariance": {
              "matrix": [
                [
                  0.002101906756098135,
                  0.0005311545388092644,
                  -0.03788827629721893
                ],
                [
                  0.0005311545388092644,
                  0.012243437616515803,
                  -0.05081422883409252
                ],
                [
                  -0.03788827629721893,
                  -0.05081422883409252,
                  0.9710982633288884
                ]
              ],
              "params": [
                "log_kappa",
                "log_kdeg",
                "log_fmod_0"
              ]
            },
            "ndata": 7,
            "nfree": 4,
            "r2": 0.9919969965017932,
            "reduced_chisq": 1.3664433881081708e-06,
            "status": "completed",
            "success": true,
            "time_max": 135.0,
            "time_min": 0.0
          },
          "nt_id": 261,
          "params": {
            "fmod0": 0.0011496246737263509,
            "kdeg": 0.055754187897220094,
            "kobs": 0.028358072268209952,
            "log_fmod0": -6.768319760550216,
            "log_fmod0_err": 0.9854431811773261,
            "log_kdeg": -2.8868027522305697,
            "log_kdeg_err": 0.11065006830777739,
            "log_kobs": -3.562843553245942,
            "log_kobs_err": 0.04584655664385423,
            "metadata": {
              "base": "C",
              "fmod_run_ids": [
                933,
                934,
                935,
                936,
                937,
                938,
                939
              ],
              "site": 33,
              "valtype": "modrate"
            }
          },
          "valtype": "modrate"
        },
        {
          "diagnostics": {
            "chisq": 2.1492963310497566e-08,
            "covariance": {
              "matrix": [
                [
                  0.039353438171972524,
                  -0.07782365793060575,
                  -0.0013069408448196278
                ],
                [
                  -0.07782365793060575,
                  0.2980089893662004,
                  -0.03145250073358846
                ],
                [
                  -0.0013069408448196278,
                  -0.03145250073358846,
                  0.010157491921834547
                ]
              ],
              "params": [
                "log_kappa",
                "log_kdeg",
                "log_fmod_0"
              ]
            },
            "ndata": 7,
            "nfree": 4,
            "r2": 0.9292970705900374,
            "reduced_chisq": 5.373240827624392e-09,
            "status": "completed",
            "success": true,
            "time_max": 135.0,
            "time_min": 0.0
          },
          "nt_id": 262,
          "params": {
            "fmod0": 0.0006082214108852296,
            "kdeg": 0.017136505047823075,
            "kobs": 0.0006206980447674915,
            "log_fmod0": -7.404971579649048,
            "log_fmod0_err": 0.10078438332318429,
            "log_kdeg": -4.066544292798884,
            "log_kdeg_err": 0.5459019961185344,
            "log_kobs": -7.384665834593947,
            "log_kobs_err": 0.1983770101901239,
            "metadata": {
              "base": "G",
              "fmod_run_ids": [
                933,
                934,
                935,
                936,
                937,
                938,
                939
              ],
              "site": 34,
              "valtype": "modrate"
            }
          },
          "valtype": "modrate"
        },
        {
          "diagnostics": {
            "chisq": 1.4949012653866036e-08,
            "covariance": {
              "matrix": [
                [
                  0.029737303590641553,
                  0.006816372728512189,
                  -0.016200940854166127
                ],
                [
                  0.006816372728512189,
                  0.18671929643003424,
                  -0.02427101244333153
                ],
                [
                  -0.016200940854166127,
                  -0.02427101244333153,
                  0.013152474538636718
                ]
              ],
              "params": [
                "log_kappa",
                "log_kdeg",
                "log_fmod_0"
              ]
            },
            "ndata": 7,
            "nfree": 4,
            "r2": 0.8945230103427072,
            "reduced_chisq": 3.737253163466509e-09,
            "status": "completed",
            "success": true,
            "time_max": 135.0,
            "time_min": 0.0
          },
          "nt_id": 263,
          "params": {
            "fmod0": 0.0005110957590711743,
            "kdeg": 0.050005484841556286,
            "kobs": 0.0003804906481708371,
            "log_fmod0": -7.578953589874291,
            "log_fmod0_err": 0.114684238405444,
            "log_kdeg": -2.9956225827391227,
            "log_kdeg_err": 0.4321102827173108,
            "log_kobs": -7.874048958702187,
            "log_kobs_err": 0.17244507412692758,
            "metadata": {
              "base": "G",
              "fmod_run_ids": [
                933,
                934,
                935,
                936,
                937,
                938,
                939
              ],
              "site": 36,
              "valtype": "modrate"
            }
          },
          "valtype": "modrate"
        },
        {
          "diagnostics": {
            "chisq": 4.970000109305872e-06,
            "covariance": {
              "matrix": [
                [
                  0.0026721315631250252,
                  0.0005553914546720422,
                  -0.06066657656751285
                ],
                [
                  0.0005553914546720422,
                  0.0165636561753323,
                  -0.09061741155005866
                ],
                [
                  -0.06066657656751285,
                  -0.09061741155005866,
                  2.069529161548987
                ]
              ],
              "params": [
                "log_kappa",
                "log_kdeg",
                "log_fmod_0"
              ]
            },
            "ndata": 7,
            "nfree": 4,
            "r2": 0.9897576712031773,
            "reduced_chisq": 1.242500027326468e-06,
            "status": "completed",
            "success": true,
            "time_max": 135.0,
            "time_min": 0.0
          },
          "nt_id": 264,
          "params": {
            "fmod0": 0.0007421700481760271,
            "kdeg": 0.04892408082034976,
            "kobs": 0.023692928606238877,
            "log_fmod0": -7.2059321656141835,
            "log_fmod0_err": 1.438585820015263,
            "log_kdeg": -3.0174855534012726,
            "log_kdeg_err": 0.1286998685909675,
            "log_kobs": -3.742578646407321,
            "log_kobs_err": 0.05169266450014959,
            "metadata": {
              "base": "C",
              "fmod_run_ids": [
                933,
                934,
                935,
                936,
                937,
                938,
                939
              ],
              "site": 37,
              "valtype": "modrate"
            }
          },
          "valtype": "modrate"
        },
        {
          "diagnostics": {
            "chisq": 1.8070639211795375e-07,
            "covariance": {
              "matrix": [
                [
                  0.02119134784253889,
                  -0.0033215622250642217,
                  -0.029415718971540075
                ],
                [
                  -0.0033215622250642217,
                  0.20517758629515567,
                  -0.017006182139235337
                ],
                [
                  -0.029415718971540075,
                  -0.017006182139235337,
                  0.050309136226424044
                ]
              ],
              "params": [
                "log_kappa",
                "log_kdeg",
                "log_fmod_0"
              ]
            },
            "ndata": 7,
            "nfree": 4,
            "r2": 0.9221522546353018,
            "reduced_chisq": 4.517659802948844e-08,
            "status": "completed",
            "success": true,
            "time_max": 135.0,
            "time_min": 0.0
          },
          "nt_id": 265,
          "params": {
            "fmod0": 0.0009471386510556567,
            "kdeg": 0.16780226569773773,
            "kobs": 0.0016143220365040165,
            "log_fmod0": -6.962065064665588,
            "log_fmod0_err": 0.2242969822053432,
            "log_kdeg": -1.7849689826698791,
            "log_kdeg_err": 0.4529653257095466,
            "log_kobs": -6.428840202083074,
            "log_kobs_err": 0.14557248312280344,
            "metadata": {
              "base": "U",
              "fmod_run_ids": [
                933,
                934,
                935,
                936,
                937,
                938,
                939
              ],
              "site": 38,
              "valtype": "modrate"
            }
          },
          "valtype": "modrate"
        },
        {
          "diagnostics": {
            "chisq": 5.8773884502573744e-06,
            "covariance": {
              "matrix": [
                [
                  0.0030394757701849703,
                  0.0007860106175540461,
                  -0.2592397646361215
                ],
                [
                  0.0007860106175540461,
                  0.017636263263584803,
                  -0.343515595604619
                ],
                [
                  -0.2592397646361215,
                  -0.343515595604619,
                  31.23225191168695
                ]
              ],
              "params": [
                "log_kappa",
                "log_kdeg",
                "log_fmod_0"
              ]
            },
            "ndata": 7,
            "nfree": 4,
            "r2": 0.9884270911309049,
            "reduced_chisq": 1.4693471125643436e-06,
            "status": "completed",
            "success": true,
            "time_max": 135.0,
            "time_min": 0.0
          },
          "nt_id": 266,
          "params": {
            "fmod0": 0.00021049084534127723,
            "kdeg": 0.05688123435887481,
            "kobs": 0.024379131580441964,
            "log_fmod0": -8.46606839585275,
            "log_fmod0_err": 5.588582281016086,
            "log_kdeg": -2.866789792617223,
            "log_kdeg_err": 0.13280159360333293,
            "log_kobs": -3.7140277757257723,
            "log_kobs_err": 0.05513144084989046,
            "metadata": {
              "base": "C",
              "fmod_run_ids": [
                933,
                934,
                935,
                936,
                937,
                938,
                939
              ],
              "site": 39,
              "valtype": "modrate"
            }
          },
          "valtype": "modrate"
        },
        {
          "diagnostics": {
            "chisq": 5.579484623195325e-07,
            "covariance": {
              "matrix": [
                [
                  0.03828003107618833,
                  -0.01935877950256035,
                  -0.05325226936138115
                ],
                [
