{
  "artifacts": {},
  "engine": "python_baseline",
  "engine_version": "0.1.0",
  "metadata": {
    "buffer_pH": 6.4,
    "done_by": [
      "EKC"
    ],
    "experiment_id": "ekc.01.0xx",
    "fmod_run_id": 882,
    "initial_kdeg": 0.048220111271698785,
    "initial_kdeg_source": "arrhenius:nmr:deg:dms:Schwalbe_bistris",
    "initial_log_kdeg": -3.0319790986478097,
    "notes": "Baseline python engine demo using examples/nerd.sqlite",
    "rg_id": 97,
    "rg_label": "80_1_14",
    "rounds_requested": [
      "round1_free",
      "round2_global",
      "round3_constrained"
    ],
    "rt_protocol": [
      "MRT"
    ],
    "selected_site_bases": [
      "17_G",
      "18_G",
      "19_C",
      "1_U",
      "20_A",
      "21_G",
      "22_A",
      "23_U",
      "24_C",
      "25_U",
      "26_G",
      "27_A",
      "28_G",
      "29_C",
      "2_A",
      "31_U",
      "32_U",
      "33_C",
      "34_G",
      "36_G",
      "37_C",
      "38_U",
      "39_C",
      "3_A",
      "40_U",
      "41_C",
      "42_U",
      "43_G",
      "44_C",
      "45_C",
      "61_A",
      "62_A",
      "63_U",
      "64_C",
      "65_C"
    ],
    "temperature_c": 80.0,
    "valtypes": [
      "modrate",
      "GAmodrate"
    ]
  },
  "rounds": [
    {
      "global_params": {},
      "notes": null,
      "per_nt": [
        {
          "diagnostics": {
            "reason": "Non-zero fmod values are required for a fit.",
            "status": "failed"
          },
          "nt_id": 243,
          "params": {},
          "valtype": "modrate"
        },
        {
          "diagnostics": {
            "reason": "Non-zero fmod values are required for a fit.",
            "status": "failed"
          },
          "nt_id": 244,
          "params": {},
          "valtype": "modrate"
        },
        {
          "diagnostics": {
            "reason": "Non-zero fmod values are required for a fit.",
            "status": "failed"
          },
          "nt_id": 245,
          "params": {},
          "valtype": "modrate"
        },
        {
          "diagnostics": {
            "reason": "Non-zero fmod values are required for a fit.",
            "status": "failed"
          },
          "nt_id": 246,
          "params": {},
          "valtype": "modrate"
        },
        {
          "diagnostics": {
            "chisq": 1.7762061422219732e-08,
            "covariance": {
              "matrix": [
                [
                  0.027001309524057392,
                  0.005986728674191522,
                  -0.015532258395934882
                ],
                [
                  0.005986728674191522,
                  0.1707346541416808,
                  -0.023544695750929764
                ],
                [
                  -0.015532258395934882,
                  -0.023544695750929764,
                  0.013409583251075115
                ]
              ],
              "params": [
                "log_kappa",
                "log_kdeg",
                "log_fmod_0"
              ]
            },
            "ndata": 7,
            "nfree": 4,
            "r2": 0.9032407851625555,
            "reduced_chisq": 4.440515355554933e-09,
            "status": "completed",
            "success": true,
            "time_max": 135.0,
            "time_min": 0.0
          },
          "nt_id": 247,
          "params": {
            "fmod0": 0.0005509387566031051,
            "kdeg": 0.04927700001735209,
            "kobs": 0.00043492088788049996,
            "log_fmod0": -7.503886904529572,
            "log_fmod0_err": 0.11579975496984056,
            "log_kdeg": -3.0102978378811724,
            "log_kdeg_err": 0.41320050113919365,
            "log_kobs": -7.740346410356767,
            "log_kobs_err": 0.16432075195804513,
            "metadata": {
              "base": "G",
              "fmod_run_ids": [
                877,
                878,
                879,
                880,
                881,
                882,
                883
              ],
              "site": 18,
              "valtype": "modrate"
            }
          },
          "valtype": "modrate"
        },
        {
          "diagnostics": {
            "chisq": 1.1653348953424802e-05,
            "covariance": {
              "matrix": [
                [
                  0.005197094604956308,
                  0.0012565072180679053,
                  -0.13921894642865285
                ],
                [
                  0.0012565072180679053,
                  0.030919377625650606,
                  -0.19400025930418793
                ],
                [
                  -0.13921894642865285,
                  -0.19400025930418793,
                  5.396173169516961
                ]
              ],
              "params": [
                "log_kappa",
                "log_kdeg",
                "log_fmod_0"
              ]
            },
            "ndata": 7,
            "nfree": 4,
            "r2": 0.9803780458959152,
            "reduced_chisq": 2.9133372383562005e-06,
            "status": "completed",
            "success": true,
            "time_max": 135.0,
            "time_min": 0.0
          },
          "nt_id": 248,
          "params": {
            "fmod0": 0.0007093419495544505,
            "kdeg": 0.05323314246310436,
            "kobs": 0.02620590919523925,
            "log_fmod0": -7.251172849316355,
            "log_fmod0_err": 2.3229664589737324,
            "log_kdeg": -2.933074097975388,
            "log_kdeg_err": 0.1758390674044042,
            "log_kobs": -3.6417703518427897,
            "log_kobs_err": 0.07209087740453925,
            "metadata": {
              "base": "C",
              "fmod_run_ids": [
                877,
                878,
                879,
                880,
                881,
                882,
                883
              ],
              "site": 19,
              "valtype": "modrate"
            }
          },
          "valtype": "modrate"
        },
        {
          "diagnostics": {
            "chisq": 2.671415082585393e-06,
            "covariance": {
              "matrix": [
                [
                  0.006708663574622361,
                  0.001712391886835426,
                  -0.1056426988345526
                ],
                [
                  0.001712391886835426,
                  0.04017984053073523,
                  -0.14694544548823707
                ],
                [
                  -0.1056426988345526,
                  -0.14694544548823707,
                  2.391580881101691
                ]
              ],
              "params": [
                "log_kappa",
                "log_kdeg",
                "log_fmod_0"
              ]
            },
            "ndata": 7,
            "nfree": 4,
            "r2": 0.9744343171347185,
            "reduced_chisq": 6.678537706463483e-07,
            "status": "completed",
            "success": true,
            "time_max": 135.0,
            "time_min": 0.0
          },
          "nt_id": 249,
          "params": {
            "fmod0": 0.0005106768105477656,
            "kdeg": 0.05429485599810286,
            "kobs": 0.010879124067117545,
            "log_fmod0": -7.579773632532204,
            "log_fmod0_err": 1.5464736923406395,
            "log_kdeg": -2.9133257895296487,
            "log_kdeg_err": 0.20044909710631084,
            "log_kobs": -4.520909549332317,
            "log_kobs_err": 0.08190643182694728,
            "metadata": {
              "base": "A",
              "fmod_run_ids": [
                877,
                878,
                879,
                880,
                881,
                882,
                883
              ],
              "site": 20,
              "valtype": "modrate"
            }
          },
          "valtype": "modrate"
        },
        {
          "diagnostics": {
            "chisq": 1.7683519570819798e-08,
            "covariance": {
              "matrix": [
                [
                  0.04030060035465439,
                  -0.009079254891683078,
                  -0.02103691456927274
                ],
                [
                  -0.009079254891683078,
                  0.31294914428289383,
                  -0.04525633214972275
                ],
                [
                  -0.02103691456927274,
                  -0.04525633214972275,
                  0.022941350777215024
                ]
              ],
              "params": [
                "log_kappa",
                "log_kdeg",
                "log_fmod_0"
              ]
            },
            "ndata": 7,
            "nfree": 4,
            "r2": 0.8619938268624354,
            "reduced_chisq": 4.4208798927049495e-09,
            "status": "completed",
            "success": true,
            "time_max": 135.0,
            "time_min": 0.0
          },
          "nt_id": 250,
          "params": {
            "fmod0": 0.0004013438713804505,
            "kdeg": 0.033829075758633725,
            "kobs": 0.00035396108195718694,
            "log_fmod0": -7.820691963515857,
            "log_fmod0_err": 0.15146402469634504,
            "log_kdeg": -3.386434616733171,
            "log_kdeg_err": 0.559418576991231,
            "log_kobs": -7.94632358884817,
            "log_kobs_err": 0.2007500942830523,
            "metadata": {
              "base": "G",
              "fmod_run_ids": [
                877,
                878,
                879,
                880,
                881,
                882,
                883
              ],
              "site": 21,
              "valtype": "modrate"
            }
          },
          "valtype": "modrate"
        },
        {
          "diagnostics": {
            "chisq": 2.0437953352437887e-06,
            "covariance": {
              "matrix": [
                [
                  0.005076057151720883,
                  0.0013614338495232762,
                  -0.10879670841545228
                ],
                [
                  0.0013614338495232762,
                  0.029662919568876605,
                  -0.14416820730212937
                ],
                [
                  -0.10879670841545228,
                  -0.14416820730212937,
                  3.2799555164708467
                ]
              ],
              "params": [
                "log_kappa",
                "log_kdeg",
                "log_fmod_0"
              ]
            },
            "ndata": 7,
            "nfree": 4,
            "r2": 0.9805643503732971,
            "reduced_chisq": 5.109488338109472e-07,
            "status": "completed",
            "success": true,
            "time_max": 135.0,
            "time_min": 0.0
          },
          "nt_id": 251,
          "params": {
            "fmod0": 0.0003832714701703338,
            "kdeg": 0.0577677434452715,
            "kobs": 0.010978855428857223,
            "log_fmod0": -7.866767020462937,
            "log_fmod0_err": 1.8110647466258203,
            "log_kdeg": -2.851324730964994,
            "log_kdeg_err": 0.17222926455418835,
            "log_kobs": -4.511784089786254,
            "log_kobs_err": 0.07124645360802798,
            "metadata": {
              "base": "A",
              "fmod_run_ids": [
                877,
                878,
                879,
                880,
                881,
                882,
                883
              ],
              "site": 22,
              "valtype": "modrate"
            }
          },
          "valtype": "modrate"
        },
        {
          "diagnostics": {
            "chisq": 6.084052106782631e-07,
            "covariance": {
              "matrix": [
                [
                  0.029036491613850846,
                  -0.003555923124495357,
                  -0.0401377065378423
                ],
                [
                  -0.003555923124495357,
                  0.26158334328618293,
                  -0.024112401480361475
                ],
                [
                  -0.0401377065378423,
                  -0.024112401480361475,
                  0.06850923034806751
                ]
              ],
              "params": [
                "log_kappa",
                "log_kdeg",
                "log_fmod_0"
              ]
            },
            "ndata": 7,
            "nfree": 4,
            "r2": 0.8963242940239107,
            "reduced_chisq": 1.5210130266956578e-07,
            "status": "completed",
            "success": true,
            "time_max": 135.0,
            "time_min": 0.0
          },
          "nt_id": 252,
          "params": {
            "fmod0": 0.001489006065352741,
            "kdeg": 0.16023212745169715,
            "kobs": 0.0025334640785936915,
            "log_fmod0": -6.509646451848171,
            "log_fmod0_err": 0.26174267964561587,
            "log_kdeg": -1.8311317185637734,
            "log_kdeg_err": 0.5114521906162716,
            "log_kobs": -5.978167711718516,
            "log_kobs_err": 0.17040097304255877,
            "metadata": {
              "base": "U",
              "fmod_run_ids": [
                877,
                878,
                879,
                880,
                881,
                882,
                883
              ],
              "site": 23,
              "valtype": "modrate"
            }
          },
          "valtype": "modrate"
        },
        {
          "diagnostics": {
            "chisq": 3.7207630013154346e-06,
            "covariance": {
              "matrix": [
                [
                  0.003330380749689115,
                  0.000824349175288422,
                  -0.03541306511850122
                ],
                [
                  0.000824349175288422,
                  0.019916060258076632,
                  -0.049461085054061715
                ],
                [
                  -0.03541306511850122,
                  -0.049461085054061715,
                  0.5439074307141432
                ]
              ],
              "params": [
                "log_kappa",
                "log_kdeg",
                "log_fmod_0"
              ]
            },
            "ndata": 7,
            "nfree": 4,
            "r2": 0.9872366064253904,
            "reduced_chisq": 9.301907503288587e-07,
            "status": "completed",
            "success": true,
            "time_max": 135.0,
            "time_min": 0.0
          },
          "nt_id": 253,
          "params": {
            "fmod0": 0.001262707809000355,
            "kdeg": 0.053555049735847446,
            "kobs": 0.018352004772002592,
            "log_fmod0": -6.674496809171648,
            "log_fmod0_err": 0.7375008004837305,
            "log_kdeg": -2.927045187078692,
            "log_kdeg_err": 0.1411242723916642,
            "log_kobs": -3.9980164585688596,
            "log_kobs_err": 0.057709451129681656,
            "metadata": {
              "base": "C",
              "fmod_run_ids": [
                877,
                878,
                879,
                880,
                881,
                882,
                883
              ],
              "site": 24,
              "valtype": "modrate"
            }
          },
          "valtype": "modrate"
        },
        {
          "diagnostics": {
            "chisq": 3.049015490685703e-07,
            "covariance": {
              "matrix": [
                [
                  0.038757515691709404,
                  -0.00028988049875790977,
                  -0.03623014808414279
                ],
                [
                  -0.00028988049875790977,
                  0.2810769564031584,
                  -0.025039873415072435
                ],
                [
                  -0.03623014808414279,
                  -0.025039873415072435,
                  0.04219433966219603
                ]
              ],
              "params": [
                "log_kappa",
                "log_kdeg",
                "log_fmod_0"
              ]
            },
            "ndata": 7,
            "nfree": 4,
            "r2": 0.8659520045245606,
            "reduced_chisq": 7.622538726714258e-08,
            "status": "completed",
            "success": true,
            "time_max": 135.0,
            "time_min": 0.0
          },
          "nt_id": 254,
          "params": {
            "fmod0": 0.0013418270458041527,
            "kdeg": 0.13508476135091577,
            "kobs": 0.0015515642475517875,
            "log_fmod0": -6.613723126678396,
            "log_fmod0_err": 0.20541260833307198,
            "log_kdeg": -2.0018528357078647,
            "log_kdeg_err": 0.5301669137197816,
            "log_kobs": -6.468491664973951,
            "log_kobs_err": 0.19686928580078053,
            "metadata": {
              "base": "U",
              "fmod_run_ids": [
                877,
                878,
                879,
                880,
                881,
                882,
                883
              ],
              "site": 25,
              "valtype": "modrate"
            }
          },
          "valtype": "modrate"
        },
        {
          "diagnostics": {
            "chisq": 2.7953540589405973e-08,
            "covariance": {
              "matrix": [
                [
                  0.03574486454420192,
                  0.0025696019418849493,
                  -0.027992426032212768
                ],
                [
                  0.0025696019418849493,
                  0.24893057449219158,
                  -0.04955787730669543
                ],
                [
                  -0.027992426032212768,
                  -0.04955787730669543,
                  0.03702227674904389
                ]
              ],
              "params": [
                "log_kappa",
                "log_kdeg",
                "log_fmod_0"
              ]
            },
            "ndata": 7,
            "nfree": 4,
            "r2": 0.8750344647082751,
            "reduced_chisq": 6.988385147351493e-09,
            "status": "completed",
            "success": true,
            "time_max": 135.0,
            "time_min": 0.0
          },
          "nt_id": 255,
          "params": {
            "fmod0": 0.0004074573378017985,
            "kdeg": 0.040986631070475434,
            "kobs": 0.0004704889237522825,
            "log_fmod0": -7.805574323274924,
            "log_fmod0_err": 0.19241173755528504,
            "log_kdeg": -3.194509336902503,
            "log_kdeg_err": 0.49892942836857357,
            "log_kobs": -7.661738140656364,
            "log_kobs_err": 0.18906312317372184,
            "metadata": {
              "base": "G",
              "fmod_run_ids": [
                877,
                878,
                879,
                880,
                881,
                882,
                883
              ],
              "site": 26,
              "valtype": "modrate"
            }
          },
          "valtype": "modrate"
        },
        {
          "diagnostics": {
            "chisq": 3.844647745220319e-06,
            "covariance": {
              "matrix": [
                [
                  0.003787407124507505,
                  0.00047006225445535407,
                  -1.239647230405354
                ],
                [
                  0.00047006225445535407,
                  0.025148461490450268,
                  -2.0595555931393297
                ],
                [
                  -1.239647230405354,
                  -2.0595555931393297,
                  655.2849331432128
                ]
              ],
              "params": [
                "log_kappa",
                "log_kdeg",
                "log_fmod_0"
              ]
            },
            "ndata": 7,
            "nfree": 4,
            "r2": 0.9853796082332233,
            "reduced_chisq": 9.611619363050797e-07,
            "status": "completed",
            "success": true,
            "time_max": 135.0,
            "time_min": 0.0
          },
          "nt_id": 256,
          "params": {
            "fmod0": 3.616425069330562e-05,
            "kdeg": 0.04333394372688175,
            "kobs": 0.017285967247602223,
            "log_fmod0": -10.22743947698992,
            "log_fmod0_err": 25.5985338084667,
            "log_kdeg": -3.1388190312889077,
            "log_kdeg_err": 0.15858266453320258,
            "log_kobs": -4.057860248388981,
            "log_kobs_err": 0.06154191355903312,
            "metadata": {
              "base": "A",
              "fmod_run_ids": [
                877,
                878,
                879,
                880,
                881,
                882,
                883
              ],
              "site": 27,
              "valtype": "modrate"
            }
          },
          "valtype": "modrate"
        },
        {
          "diagnostics": {
            "chisq": 1.7728865754133268e-08,
            "covariance": {
              "matrix": [
                [
                  0.08607274718255808,
                  -0.17852317737302595,
                  0.0029244329471550395
                ],
                [
                  -0.17852317737302595,
                  0.553338702348505,
                  -0.05079606585972527
                ],
                [
                  0.0029244329471550395,
                  -0.05079606585972527,
                  0.01397452870963563
                ]
              ],
              "params": [
                "log_kappa",
                "log_kdeg",
                "log_fmod_0"
              ]
            },
            "ndata": 7,
            "nfree": 4,
            "r2": 0.8977755974559373,
            "reduced_chisq": 4.432216438533317e-09,
            "status": "completed",
            "success": true,
            "time_max": 135.0,
            "time_min": 0.0
          },
          "nt_id": 257,
          "params": {
            "fmod0": 0.00046361701919150623,
            "kdeg": 0.014768425411563072,
            "kobs": 0.0004812132453146692,
            "log_fmod0": -7.676451736233107,
            "log_fmod0_err": 0.11821391081271117,
            "log_kdeg": -4.2152637953280925,
            "log_kdeg_err": 0.743867395675133,
            "log_kobs": -7.639200048650991,
            "log_kobs_err": 0.2933815726704015,
            "metadata": {
              "base": "G",
              "fmod_run_ids": [
                877,
                878,
                879,
                880,
                881,
                882,
                883
              ],
              "site": 28,
              "valtype": "modrate"
            }
          },
          "valtype": "modrate"
        },
        {
          "diagnostics": {
            "chisq": 3.7988522486743676e-06,
            "covariance": {
              "matrix": [
                [
                  0.0025716624825241623,
                  0.0005696976347398299,
                  -0.02570213746226089
                ],
                [
                  0.0005696976347398299,
                  0.01579054061152697,
                  -0.03770298794138119
                ],
                [
                  -0.02570213746226089,
                  -0.03770298794138119,
                  0.3813923355237157
                ]
              ],
              "params": [
                "log_kappa",
                "log_kdeg",
                "log_fmod_0"
              ]
            },
            "ndata": 7,
            "nfree": 4,
            "r2": 0.9901223004749651,
            "reduced_chisq": 9.497130621685919e-07,
            "status": "completed",
            "success": true,
            "time_max": 135.0,
            "time_min": 0.0
          },
          "nt_id": 258,
          "params": {
            "fmod0": 0.0015150245659015303,
            "kdeg": 0.0501833178684137,
            "kobs": 0.021086069972349585,
            "log_fmod0": -6.492323625035747,
            "log_fmod0_err": 0.61756970094372,
            "log_kdeg": -2.992072620890993,
            "log_kdeg_err": 0.12566041783921844,
            "log_kobs": -3.8591426474059864,
            "log_kobs_err": 0.05071156162576895,
            "metadata": {
              "base": "C",
              "fmod_run_ids": [
                877,
                878,
                879,
                880,
                881,
                882,
                883
              ],
              "site": 29,
              "valtype": "modrate"
            }
          },
          "valtype": "modrate"
        },
        {
          "diagnostics": {
            "chisq": 4.0369420074589666e-07,
            "covariance": {
              "matrix": [
                [
                  0.01700096046043693,
                  -0.006647617334016577,
                  -0.02423033756128193
                ],
                [
                  -0.006647617334016577,
                  0.274716761396295,
                  -0.011119351482558115
                ],
                [
                  -0.02423033756128193,
                  -0.011119351482558115,
                  0.0421088061707159
                ]
              ],
              "params": [
                "log_kappa",
                "log_kdeg",
                "log_fmod_0"
              ]
            },
            "ndata": 7,
            "nfree": 4,
            "r2": 0.9370447372814512,
            "reduced_chisq": 1.0092355018647416e-07,
            "status": "completed",
            "success": true,
            "time_max": 135.0,
            "time_min": 0.0
          },
          "nt_id": 259,
          "params": {
            "fmod0": 0.0015479773566636809,
            "kdeg": 0.21677326567317448,
            "kobs": 0.0026915695195929273,
            "log_fmod0": -6.470806131399827,
            "log_fmod0_err": 0.20520430348975602,
            "log_kdeg": -1.5289033303359738,
            "log_kdeg_err": 0.5241342970997939,
            "log_kobs": -5.917630790984952,
            "log_kobs_err": 0.13038773124967293,
            "metadata": {
              "base": "U",
              "fmod_run_ids": [
                877,
                878,
                879,
                880,
                881,
                882,
                883
              ],
              "site": 31,
              "valtype": "modrate"
            }
          },
          "valtype": "modrate"
        },
        {
          "diagnostics": {
            "chisq": 1.967792950304991e-07,
            "covariance": {
              "matrix": [
                [
                  0.012608519119678686,
                  -0.001851422133574744,
                  -0.016925886693639532
                ],
                [
                  -0.001851422133574744,
                  0.11949201929726844,
                  -0.009891547582824548
                ],
                [
                  -0.016925886693639532,
                  -0.009891547582824548,
                  0.028012452284967012
                ]
              ],
              "params": [
                "log_kappa",
                "log_kdeg",
                "log_fmod_0"
              ]
            },
            "ndata": 7,
            "nfree": 4,
            "r2": 0.9521877361546962,
            "reduced_chisq": 4.919482375762477e-08,
            "status": "completed",
            "success": true,
            "time_max": 135.0,
            "time_min": 0.0
          },
          "nt_id": 260,
          "params": {
            "fmod0": 0.0013244672705093193,
            "kdeg": 0.1656086928531789,
            "kobs": 0.002185352291801055,
            "log_fmod0": -6.626744960384708,
            "log_fmod0_err": 0.16736920948898282,
            "log_kdeg": -1.7981275453339391,
            "log_kdeg_err": 0.3456761769304741,
            "log_kobs": -6.125978231485494,
            "log_kobs_err": 0.1122876623662577,
            "metadata": {
              "base": "U",
              "fmod_run_ids": [
                877,
                878,
                879,
                880,
                881,
                882,
                883
              ],
              "site": 32,
              "valtype": "modrate"
            }
          },
          "valtype": "modrate"
        },
        {
          "diagnostics": {
            "chisq": 3.7896909776958906e-06,
            "covariance": {
              "matrix": [
                [
                  0.0021591425058360967,
                  0.0003058418659209559,
                  -0.03214241481294213
                ],
                [
                  0.0003058418659209559,
                  0.014086129211036542,
                  -0.05213780075430083
                ],
                [
                  -0.03214241481294213,
                  -0.05213780075430083,
                  0.7606875280556699
                ]
              ],
              "params": [
                "log_kappa",
                "log_kdeg",
                "log_fmod_0"
              ]
            },
            "ndata": 7,
            "nfree": 4,
            "r2": 0.9916679563613795,
            "reduced_chisq": 9.474227444239727e-07,
            "status": "completed",
            "success": true,
            "time_max": 135.0,
            "time_min": 0.0
          },
          "nt_id": 261,
          "params": {
            "fmod0": 0.0010578021508622307,
            "kdeg": 0.044310569059101836,
            "kobs": 0.02288562474213432,
            "log_fmod0": -6.85156196599902,
            "log_fmod0_err": 0.872174023951453,
            "log_kdeg": -3.1165320511743104,
            "log_kdeg_err": 0.11868499994117429,
            "log_kobs": -3.7772463060516683,
            "log_kobs_err": 0.04646657407035833,
            "metadata": {
              "base": "C",
              "fmod_run_ids": [
                877,
                878,
                879,
                880,
                881,
                882,
                883
              ],
              "site": 33,
              "valtype": "modrate"
            }
          },
          "valtype": "modrate"
        },
        {
          "diagnostics": {
            "chisq": 3.338414543977657e-08,
            "covariance": {
              "matrix": [
                [
                  1042271034315486.4,
                  -1042200738840821.1,
                  -1923581.5187846005
                ],
                [
                  -1042200738840821.1,
                  1042130448107201.0,
                  1923451.7591837149
                ],
                [
                  -1923581.5187846005,
                  1923451.7591837149,
                  0.008927938169816296
                ]
              ],
              "params": [
                "log_kappa",
                "log_kdeg",
                "log_fmod_0"
              ]
            },
            "ndata": 7,
            "nfree": 4,
            "r2": 0.5619732596598416,
            "reduced_chisq": 8.346036359944142e-09,
            "status": "completed",
            "success": true,
            "time_max": 135.0,
            "time_min": 0.0
          },
          "nt_id": 262,
          "params": {
            "fmod0": 0.0007227600564603908,
            "kdeg": 1.4578522431268725e-09,
            "kobs": 1121.6252622413003,
            "log_fmod0": -7.232433263002889,
            "log_fmod0_err": 0.09448776730252598,
            "log_kdeg": -20.346301550658048,
            "log_kdeg_err": 32282045.290024623,
            "log_kobs": 7.022534039422987,
            "log_kobs_err": 32284222.684083417,
            "metadata": {
              "base": "G",
              "fmod_run_ids": [
                877,
                878,
                879,
                880,
                881,
                882,
                883
              ],
              "site": 34,
              "valtype": "modrate"
            }
          },
          "valtype": "modrate"
        },
        {
          "diagnostics": {
            "chisq": 6.967719450200347e-09,
            "covariance": {
              "matrix": [
                [
                  4.066843160080822,
                  -5.359821571369411,
                  0.05606541887021075
                ],
                [
                  -5.359821571369411,
                  7.127486322961479,
                  -0.08258289637159143
                ],
                [
                  0.05606541887021075,
                  -0.08258289637159143,
                  0.0026015119708186966
                ]
              ],
              "params": [
                "log_kappa",
                "log_kdeg",
                "log_fmod_0"
              ]
            },
            "ndata": 7,
            "nfree": 4,
            "r2": 0.8732470292014407,
            "reduced_chisq": 1.7419298625500868e-09,
            "status": "completed",
            "success": true,
            "time_max": 135.0,
            "time_min": 0.0
          },
          "nt_id": 263,
          "params": {
            "fmod0": 0.0006231961222207381,
            "kdeg": 0.004111782157518923,
            "kobs": 0.0005464232494668203,
            "log_fmod0": -7.380649285794331,
            "log_fmod0_err": 0.05100501907478024,
            "log_kdeg": -5.493898729489689,
            "log_kdeg_err": 2.669735253346571,
            "log_kobs": -7.512116700344226,
            "log_kobs_err": 2.0166415546846252,
            "metadata": {
              "base": "G",
              "fmod_run_ids": [
                877,
                878,
                879,
                880,
                881,
                882,
                883
              ],
              "site": 36,
              "valtype": "modrate"
            }
          },
          "valtype": "modrate"
        },
        {
          "diagnostics": {
            "chisq": 4.283365685022371e-06,
            "covariance": {
              "matrix": [
                [
                  0.003729150793741601,
                  0.0005069069411344887,
                  -0.0977564905213485
                ],
                [
                  0.0005069069411344887,
                  0.024550799685415268,
                  -0.16034848990893755
                ],
                [
                  -0.0977564905213485,
                  -0.16034848990893755,
                  4.0993942886553265
                ]
              ],
              "params": [
                "log_kappa",
                "log_kdeg",
                "log_fmod_0"
              ]
            },
            "ndata": 7,
            "nfree": 4,
            "r2": 0.9856252362103082,
            "reduced_chisq": 1.0708414212555928e-06,
            "status": "completed",
            "success": true,
            "time_max": 135.0,
            "time_min": 0.0
          },
          "nt_id": 264,
          "params": {
            "fmod0": 0.00048384093779861207,
            "kdeg": 0.04393435124149884,
            "kobs": 0.018419525669989736,
            "log_fmod0": -7.63375434617386,
            "log_fmod0_err": 2.024696097851558,
            "log_kdeg": -3.1250587764686335,
            "log_kdeg_err": 0.15668694803784797,
            "log_kobs": -3.9943439993014236,
            "log_kobs_err": 0.06106677323832987,
            "metadata": {
              "base": "C",
              "fmod_run_ids": [
                877,
                878,
                879,
                880,
                881,
                882,
                883
              ],
              "site": 37,
              "valtype": "modrate"
            }
          },
          "valtype": "modrate"
        },
        {
          "diagnostics": {
            "chisq": 6.586764521928579e-08,
            "covariance": {
              "matrix": [
                [
                  0.010917278270604324,
                  -0.029630505234201084,
                  -0.012070935657471405
                ],
                [
                  -0.029630505234201084,
                  3.193421705895959,
                  -0.002813747840722403
                ],
                [
                  -0.012070935657471405,
                  -0.002813747840722403,
                  0.016045235081458064
                ]
              ],
              "params": [
                "log_kappa",
                "log_kdeg",
                "log_fmod_0"
              ]
            },
            "ndata": 7,
            "nfree": 4,
            "r2": 0.959218853652727,
            "reduced_chisq": 1.6466911304821448e-08,
            "status": "completed",
            "success": true,
            "time_max": 135.0,
            "time_min": 0.0
          },
          "nt_id": 265,
          "params": {
            "fmod0": 0.0010130199179688925,
            "kdeg": 0.42953742221373914,
            "kobs": 0.0013483195342975016,
            "log_fmod0": -6.894819391550657,
            "log_fmod0_err": 0.12666978756379937,
            "log_kdeg": -0.8450464116357307,
            "log_kdeg_err": 1.787014746972156,
            "log_kobs": -6.6088962513349285,
            "log_kobs_err": 0.10448578023159096,
            "metadata": {
              "base": "U",
              "fmod_run_ids": [
                877,
                878,
                879,
                880,
                881,
                882,
                883
              ],
              "site": 38,
              "valtype": "modrate"
            }
          },
          "valtype": "modrate"
        },
        {
          "diagnostics": {
            "chisq": 2.9639495421915197e-06,
            "covariance": {
              "matrix": [
                [
                  0.0021909122748855064,
                  0.0003507325575535459,
                  -0.09415043383233775
                ],
                [
                  0.0003507325575535459,
                  0.014169263468656806,
                  -0.15028308215210345
                ],
                [
                  -0.09415043383233775,
                  -0.15028308215210345,
                  6.345715470694569
                ]
              ],
              "params": [
                "log_kappa",
                "log_kdeg",
                "log_fmod_0"
              ]
            },
            "ndata": 7,
            "nfree": 4,
            "r2": 0.9915286309447736,
            "reduced_chisq": 7.409873855478799e-07,
            "status": "completed",
            "success": true,
            "time_max": 135.0,
            "time_min": 0.0
          },
          "nt_id": 266,
          "params": {
            "fmod0": 0.0003246306636599613,
            "kdeg": 0.0452977147350268,
            "kobs": 0.020051003655973208,
            "log_fmod0": -8.032822441356624,
            "log_fmod0_err": 2.5190703584248237,
            "log_kdeg": -3.094498695116061,
            "log_kdeg_err": 0.11903471539285002,
            "log_kobs": -3.9094760688278773,
            "log_kobs_err": 0.04680718187292957,
            "metadata": {
              "base": "C",
              "fmod_run_ids": [
                877,
                878,
                879,
                880,
                881,
                882,
                883
              ],
              "site": 39,
              "valtype": "modrate"
            }
          },
          "valtype": "modrate"
        },
        {
          "diagnostics": {
            "chisq": 2.493894999999998e-07,
            "ndata": 7,
            "nfree": 4,
            "r2": 0.9279301083347976,
            "reduced_chisq": 6.234737499999995e-08,
            "status": "completed",
            "success": true,
            "time_max": 135.0,
            "time_min": 0.0
          },
