{
  "artifacts": {},
  "engine": "python_baseline",
  "engine_version": "0.1.0",
  "metadata": {
    "buffer_pH": 6.4,
    "done_by": [
      "EKC"
    ],
    "experiment_id": "ekc.01.0xx",
    "fmod_run_id": 725,
    "initial_kdeg": 0.031225834801437893,
    "initial_kdeg_source": "arrhenius:nmr:deg:dms:Schwalbe_bistris",
    "initial_log_kdeg": -3.4665094882938305,
    "notes": "Baseline python engine demo using examples/nerd.sqlite",
    "rg_id": 95,
    "rg_label": "75_1_14",
    "rounds_requested": [
      "round1_free",
      "round2_global",
      "round3_constrained"
    ],
    "rt_protocol": [
      "MRT"
    ],
    "selected_site_bases": [
      "17_G",
      "18_G",
      "19_C",
      "1_U",
      "20_A",
      "21_G",
      "22_A",
      "23_U",
      "24_C",
      "25_U",
      "26_G",
      "27_A",
      "28_G",
      "29_C",
      "2_A",
      "31_U",
      "32_U",
      "33_C",
      "34_G",
      "36_G",
      "37_C",
      "38_U",
      "39_C",
      "3_A",
      "40_U",
      "41_C",
      "42_U",
      "43_G",
      "44_C",
      "45_C",
      "61_A",
      "62_A",
      "63_U",
      "64_C",
      "65_C"
    ],
    "temperature_c": 75.0,
    "valtypes": [
      "modrate",
      "GAmodrate"
    ]
  },
  "rounds": [
    {
      "global_params": {},
      "notes": null,
      "per_nt": [
        {
          "diagnostics": {
            "reason": "Non-zero fmod values are required for a fit.",
            "status": "failed"
          },
          "nt_id": 243,
          "params": {},
          "valtype": "modrate"
        },
        {
          "diagnostics": {
            "reason": "Non-zero fmod values are required for a fit.",
            "status": "failed"
          },
          "nt_id": 244,
          "params": {},
          "valtype": "modrate"
        },
        {
          "diagnostics": {
            "reason": "Non-zero fmod values are required for a fit.",
            "status": "failed"
          },
          "nt_id": 245,
          "params": {},
          "valtype": "modrate"
        },
        {
          "diagnostics": {
            "reason": "Non-zero fmod values are required for a fit.",
            "status": "failed"
          },
          "nt_id": 246,
          "params": {},
          "valtype": "modrate"
        },
        {
          "diagnostics": {
            "chisq": 1.4926137569794312e-07,
            "covariance": {
              "matrix": [
                [
                  0.07595588200452971,
                  0.008280806330446183,
                  -0.08832863642472515
                ],
                [
                  0.008280806330446183,
                  0.44966586747955994,
                  -0.0781280952112436
                ],
                [
                  -0.08832863642472515,
                  -0.0781280952112436,
                  0.13230242371462772
                ]
              ],
              "params": [
                "log_kappa",
                "log_kdeg",
                "log_fmod_0"
              ]
            },
            "ndata": 7,
            "nfree": 4,
            "r2": 0.7674639399310152,
            "reduced_chisq": 3.731534392448578e-08,
            "status": "completed",
            "success": true,
            "time_max": 200.0,
            "time_min": 0.0
          },
          "nt_id": 247,
          "params": {
            "fmod0": 0.0005278702388475063,
            "kdeg": 0.06646326553847666,
            "kobs": 0.0007743249956357246,
            "log_fmod0": -7.546660064220402,
            "log_fmod0_err": 0.3637340013177593,
            "log_kdeg": -2.7111058818659126,
            "log_kdeg_err": 0.6705712993258509,
            "log_kobs": -7.163518881501877,
            "log_kobs_err": 0.27560094703126425,
            "metadata": {
              "base": "G",
              "fmod_run_ids": [
                720,
                721,
                722,
                723,
                724,
                725,
                726
              ],
              "site": 18,
              "valtype": "modrate"
            }
          },
          "valtype": "modrate"
        },
        {
          "diagnostics": {
            "chisq": 2.079537046895492e-06,
            "covariance": {
              "matrix": [
                [
                  0.0011220324124814054,
                  0.00016087546505581067,
                  -0.01789397747865196
                ],
                [
                  0.00016087546505581067,
                  0.006382710040341993,
                  -0.023181525175296633
                ],
                [
                  -0.01789397747865196,
                  -0.023181525175296633,
                  0.41529132089176135
                ]
              ],
              "params": [
                "log_kappa",
                "log_kdeg",
                "log_fmod_0"
              ]
            },
            "ndata": 7,
            "nfree": 4,
            "r2": 0.9956594715634138,
            "reduced_chisq": 5.19884261723873e-07,
            "status": "completed",
            "success": true,
            "time_max": 200.0,
            "time_min": 0.0
          },
          "nt_id": 248,
          "params": {
            "fmod0": 0.00108490888963505,
            "kdeg": 0.03884303806378801,
            "kobs": 0.024027971124937406,
            "log_fmod0": -6.826259268202207,
            "log_fmod0_err": 0.6444310055326027,
            "log_kdeg": -3.248226418644091,
            "log_kdeg_err": 0.07989186466932659,
            "log_kobs": -3.728536663720539,
            "log_kobs_err": 0.03349675226766627,
            "metadata": {
              "base": "C",
              "fmod_run_ids": [
                720,
                721,
                722,
                723,
                724,
                725,
                726
              ],
              "site": 19,
              "valtype": "modrate"
            }
          },
          "valtype": "modrate"
        },
        {
          "diagnostics": {
            "chisq": 1.0743710989078794e-06,
            "covariance": {
              "matrix": [
                [
                  0.0018387401957155128,
                  0.00024587754840344525,
                  -0.03509459874205572
                ],
                [
                  0.00024587754840344525,
                  0.010683638938485923,
                  -0.04749957660222733
                ],
                [
                  -0.03509459874205572,
                  -0.04749957660222733,
                  0.99421208774567
                ]
              ],
              "params": [
                "log_kappa",
                "log_kdeg",
                "log_fmod_0"
              ]
            },
            "ndata": 7,
            "nfree": 4,
            "r2": 0.9928221523701785,
            "reduced_chisq": 2.6859277472696984e-07,
            "status": "completed",
            "success": true,
            "time_max": 200.0,
            "time_min": 0.0
          },
          "nt_id": 249,
          "params": {
            "fmod0": 0.0005018450701266535,
            "kdeg": 0.0370668662702086,
            "kobs": 0.013320471098541717,
            "log_fmod0": -7.597219111152827,
            "log_fmod0_err": 0.9971018442193706,
            "log_kdeg": -3.2950318008606216,
            "log_kdeg_err": 0.10336168989759176,
            "log_kobs": -4.318453246736931,
            "log_kobs_err": 0.04288053399522344,
            "metadata": {
              "base": "A",
              "fmod_run_ids": [
                720,
                721,
                722,
                723,
                724,
                725,
                726
              ],
              "site": 20,
              "valtype": "modrate"
            }
          },
          "valtype": "modrate"
        },
        {
          "diagnostics": {
            "chisq": 7.376781586056068e-08,
            "covariance": {
              "matrix": [
                [
                  0.044778341546730764,
                  0.0074127402425702045,
                  -0.08658357151071111
                ],
                [
                  0.0074127402425702045,
                  0.2573563571810028,
                  -0.11034987643621452
                ],
                [
                  -0.08658357151071111,
                  -0.11034987643621452,
                  0.2395935553400757
                ]
              ],
              "params": [
                "log_kappa",
                "log_kdeg",
                "log_fmod_0"
              ]
            },
            "ndata": 7,
            "nfree": 4,
            "r2": 0.8487974028938605,
            "reduced_chisq": 1.844195396514017e-08,
            "status": "completed",
            "success": true,
            "time_max": 200.0,
            "time_min": 0.0
          },
          "nt_id": 250,
          "params": {
            "fmod0": 0.00026982262832071216,
            "kdeg": 0.04087091458073935,
            "kobs": 0.0007003162092843988,
            "log_fmod0": -8.21774574698588,
            "log_fmod0_err": 0.48948294693490163,
            "log_kdeg": -3.197336603855025,
            "log_kdeg_err": 0.5073030230355451,
            "log_kobs": -7.263978597369902,
            "log_kobs_err": 0.21160893541325415,
            "metadata": {
              "base": "G",
              "fmod_run_ids": [
                720,
                721,
                722,
                723,
                724,
                725,
                726
              ],
              "site": 21,
              "valtype": "modrate"
            }
          },
          "valtype": "modrate"
        },
        {
          "diagnostics": {
            "chisq": 7.517573502163019e-07,
            "covariance": {
              "matrix": [
                [
                  0.0011514304085154115,
                  0.00018929888370323078,
                  -0.02422742727212983
                ],
                [
                  0.00018929888370323078,
                  0.006499229310556772,
                  -0.029779957774239644
                ],
                [
                  -0.02422742727212983,
                  -0.029779957774239644,
                  0.7209192578888913
                ]
              ],
              "params": [
                "log_kappa",
                "log_kdeg",
                "log_fmod_0"
              ]
            },
            "ndata": 7,
            "nfree": 4,
            "r2": 0.9955043080643912,
            "reduced_chisq": 1.8793933755407546e-07,
            "status": "completed",
            "success": true,
            "time_max": 200.0,
            "time_min": 0.0
          },
          "nt_id": 251,
          "params": {
            "fmod0": 0.0004979772608728283,
            "kdeg": 0.04224189838849004,
            "kobs": 0.01415478529657302,
            "log_fmod0": -7.604956142880047,
            "log_fmod0_err": 0.8490696425434673,
            "log_kdeg": -3.1643426976847047,
            "log_kdeg_err": 0.0806177977282732,
            "log_kobs": -4.257702528560649,
            "log_kobs_err": 0.03393273358448169,
            "metadata": {
              "base": "A",
              "fmod_run_ids": [
                720,
                721,
                722,
                723,
                724,
                725,
                726
              ],
              "site": 22,
              "valtype": "modrate"
            }
          },
          "valtype": "modrate"
        },
        {
          "diagnostics": {
            "chisq": 4.3280619945832947e-07,
            "covariance": {
              "matrix": [
                [
                  0.00471626592673982,
                  -0.005436815692407757,
                  -0.01720073082123338
                ],
                [
                  -0.005436815692407757,
                  0.3017876893719266,
                  -0.005281006732826528
                ],
                [
                  -0.01720073082123338,
                  -0.005281006732826528,
                  0.07567752475854533
                ]
              ],
              "params": [
                "log_kappa",
                "log_kdeg",
                "log_fmod_0"
              ]
            },
            "ndata": 7,
            "nfree": 4,
            "r2": 0.9819543401060196,
            "reduced_chisq": 1.0820154986458237e-07,
            "status": "completed",
            "success": true,
            "time_max": 200.0,
            "time_min": 0.0
          },
          "nt_id": 252,
          "params": {
            "fmod0": 0.0011956883988956063,
            "kdeg": 0.21706880864257572,
            "kobs": 0.0052870720033988015,
            "log_fmod0": -6.72903319343957,
            "log_fmod0_err": 0.2750954829846272,
            "log_kdeg": -1.527540885185469,
            "log_kdeg_err": 0.54935206322715,
            "log_kobs": -5.242490682869641,
            "log_kobs_err": 0.06867507500352527,
            "metadata": {
              "base": "U",
              "fmod_run_ids": [
                720,
                721,
                722,
                723,
                724,
                725,
                726
              ],
              "site": 23,
              "valtype": "modrate"
            }
          },
          "valtype": "modrate"
        },
        {
          "diagnostics": {
            "chisq": 5.051812106546783e-07,
            "covariance": {
              "matrix": [
                [
                  0.00031176357952622004,
                  4.8973756077448344e-05,
                  -0.004209150935767077
                ],
                [
                  4.8973756077448344e-05,
                  0.0017537341517913749,
                  -0.0052207980134180276
                ],
                [
                  -0.004209150935767077,
                  -0.0052207980134180276,
                  0.08091760534420916
                ]
              ],
              "params": [
                "log_kappa",
                "log_kdeg",
                "log_fmod_0"
              ]
            },
            "ndata": 7,
            "nfree": 4,
            "r2": 0.998788935416911,
            "reduced_chisq": 1.2629530266366957e-07,
            "status": "completed",
            "success": true,
            "time_max": 200.0,
            "time_min": 0.0
          },
          "nt_id": 253,
          "params": {
            "fmod0": 0.0012169173065676464,
            "kdeg": 0.041299607244765224,
            "kobs": 0.022476661268665776,
            "log_fmod0": -6.711434415873979,
            "log_fmod0_err": 0.2844601999299887,
            "log_kdeg": -3.1869022888723486,
            "log_kdeg_err": 0.04187760919383263,
            "log_kobs": -3.7952777850639907,
            "log_kobs_err": 0.01765682812756074,
            "metadata": {
              "base": "C",
              "fmod_run_ids": [
                720,
                721,
                722,
                723,
                724,
                725,
                726
              ],
              "site": 24,
              "valtype": "modrate"
            }
          },
          "valtype": "modrate"
        },
        {
          "diagnostics": {
            "chisq": 7.677274677915834e-08,
            "covariance": {
              "matrix": [
                [
                  0.0020675994229999765,
                  -0.00020072037582782604,
                  -0.004656205202244033
                ],
                [
                  -0.00020072037582782604,
                  0.01730213208133842,
                  -0.0029464166828467187
                ],
                [
                  -0.004656205202244033,
                  -0.0029464166828467187,
                  0.013016824107738648
                ]
              ],
              "params": [
                "log_kappa",
                "log_kdeg",
                "log_fmod_0"
              ]
            },
            "ndata": 7,
            "nfree": 4,
            "r2": 0.991833488270694,
            "reduced_chisq": 1.9193186694789586e-08,
            "status": "completed",
            "success": true,
            "time_max": 200.0,
            "time_min": 0.0
          },
          "nt_id": 254,
          "params": {
            "fmod0": 0.001213166418978197,
            "kdeg": 0.10077780978564752,
            "kobs": 0.0033778070576243003,
            "log_fmod0": -6.7145214622409854,
            "log_fmod0_err": 0.11409129724803135,
            "log_kdeg": -2.2948370885948606,
            "log_kdeg_err": 0.13153756908708028,
            "log_kobs": -5.690528579568135,
            "log_kobs_err": 0.045470863451225293,
            "metadata": {
              "base": "U",
              "fmod_run_ids": [
                720,
                721,
                722,
                723,
                724,
                725,
                726
              ],
              "site": 25,
              "valtype": "modrate"
            }
          },
          "valtype": "modrate"
        },
        {
          "diagnostics": {
            "chisq": 2.4274272526172562e-08,
            "covariance": {
              "matrix": [
                [
                  0.01703010143102195,
                  0.0021691040051541525,
                  -0.02014838955683774
                ],
                [
                  0.0021691040051541525,
                  0.10093369257596164,
                  -0.028192703246231444
                ],
                [
                  -0.02014838955683774,
                  -0.028192703246231444,
                  0.03589836640129935
                ]
              ],
              "params": [
                "log_kappa",
                "log_kdeg",
                "log_fmod_0"
              ]
            },
            "ndata": 7,
            "nfree": 4,
            "r2": 0.9364243037674727,
            "reduced_chisq": 6.068568131543141e-09,
            "status": "completed",
            "success": true,
            "time_max": 200.0,
            "time_min": 0.0
          },
          "nt_id": 255,
          "params": {
            "fmod0": 0.00039569274579273275,
            "kdeg": 0.03596600225944881,
            "kobs": 0.0006485938576041478,
            "log_fmod0": -7.834872542334488,
            "log_fmod0_err": 0.18946864226383042,
            "log_kdeg": -3.3251811684173354,
            "log_kdeg_err": 0.31770063357815587,
            "log_kobs": -7.340703834373106,
            "log_kobs_err": 0.13049943076895756,
            "metadata": {
              "base": "G",
              "fmod_run_ids": [
                720,
                721,
                722,
                723,
                724,
                725,
                726
              ],
              "site": 26,
              "valtype": "modrate"
            }
          },
          "valtype": "modrate"
        },
        {
          "diagnostics": {
            "chisq": 6.693166440589834e-08,
            "covariance": {
              "matrix": [
                [
                  7.050653152322232e-05,
                  1.0436652789124993e-05,
                  -0.0018843270262508475
                ],
                [
                  1.0436652789124993e-05,
                  0.00040309040369996754,
                  -0.002445804203941158
                ],
                [
                  -0.0018843270262508475,
                  -0.002445804203941158,
                  0.0731636768324733
                ]
              ],
              "params": [
                "log_kappa",
                "log_kdeg",
                "log_fmod_0"
              ]
            },
            "ndata": 7,
            "nfree": 4,
            "r2": 0.9997241435524191,
            "reduced_chisq": 1.6732916101474585e-08,
            "status": "completed",
            "success": true,
            "time_max": 200.0,
            "time_min": 0.0
          },
          "nt_id": 256,
          "params": {
            "fmod0": 0.0004638043074231557,
            "kdeg": 0.03907088822401691,
            "kobs": 0.017075100755867954,
            "log_fmod0": -7.6760478459432875,
            "log_fmod0_err": 0.27048784969471973,
            "log_kdeg": -3.242377636003703,
            "log_kdeg_err": 0.020077111438151843,
            "log_kobs": -4.0701339727597965,
            "log_kobs_err": 0.008396816749412978,
            "metadata": {
              "base": "A",
              "fmod_run_ids": [
                720,
                721,
                722,
                723,
                724,
                725,
                726
              ],
              "site": 27,
              "valtype": "modrate"
            }
          },
          "valtype": "modrate"
        },
        {
          "diagnostics": {
            "chisq": 4.916829771335636e-08,
            "covariance": {
              "matrix": [
                [
                  0.022346414706154782,
                  0.0031545831396910446,
                  -0.03951161350490449
                ],
                [
                  0.0031545831396910446,
                  0.12794423850365713,
                  -0.03785690330882225
                ],
                [
                  -0.03951161350490449,
                  -0.03785690330882225,
                  0.09130882170321285
                ]
              ],
              "params": [
                "log_kappa",
                "log_kdeg",
                "log_fmod_0"
              ]
            },
            "ndata": 7,
            "nfree": 4,
            "r2": 0.9182688797389628,
            "reduced_chisq": 1.229207442833909e-08,
            "status": "completed",
            "success": true,
            "time_max": 200.0,
            "time_min": 0.0
          },
          "nt_id": 257,
          "params": {
            "fmod0": 0.0003636951939938324,
            "kdeg": 0.05990201059091345,
            "kobs": 0.0008181472502936393,
            "log_fmod0": -7.919194420263114,
            "log_fmod0_err": 0.30217349603036475,
            "log_kdeg": -2.8150452086325086,
            "log_kdeg_err": 0.35769293885070913,
            "log_kobs": -7.108468224977937,
            "log_kobs_err": 0.14948717237995635,
            "metadata": {
              "base": "G",
              "fmod_run_ids": [
                720,
                721,
                722,
                723,
                724,
                725,
                726
              ],
              "site": 28,
              "valtype": "modrate"
            }
          },
          "valtype": "modrate"
        },
        {
          "diagnostics": {
            "chisq": 1.8896839561907359e-06,
            "covariance": {
              "matrix": [
                [
                  0.0012381685095456943,
                  0.0001648398413125519,
                  -0.008393334550013945
                ],
                [
                  0.0001648398413125519,
                  0.007122718060665705,
                  -0.011203806335804553
                ],
                [
                  -0.008393334550013945,
                  -0.011203806335804553,
                  0.0840795256136285
                ]
              ],
              "params": [
                "log_kappa",
                "log_kdeg",
                "log_fmod_0"
              ]
            },
            "ndata": 7,
            "nfree": 4,
            "r2": 0.9951978014550031,
            "reduced_chisq": 4.7242098904768396e-07,
            "status": "completed",
            "success": true,
            "time_max": 200.0,
            "time_min": 0.0
          },
          "nt_id": 258,
          "params": {
            "fmod0": 0.002291175442041748,
            "kdeg": 0.037393528998563415,
            "kobs": 0.021724830689899673,
            "log_fmod0": -6.078690299638007,
            "log_fmod0_err": 0.28996469718506857,
            "log_kdeg": -3.2862576109603707,
            "log_kdeg_err": 0.08439619695617633,
            "log_kobs": -3.8292994011913293,
            "log_kobs_err": 0.03518761869671908,
            "metadata": {
              "base": "C",
              "fmod_run_ids": [
                720,
                721,
                722,
                723,
                724,
                725,
                726
              ],
              "site": 29,
              "valtype": "modrate"
            }
          },
          "valtype": "modrate"
        },
        {
          "diagnostics": {
            "chisq": 8.517380792535679e-07,
            "covariance": {
              "matrix": [
                [
                  0.010273000627392162,
                  -0.016877464333335982,
                  -0.0324317017952961
                ],
                [
                  -0.016877464333335982,
                  1.2006560365585082,
                  -0.00880176883732641
                ],
                [
                  -0.0324317017952961,
                  -0.00880176883732641,
                  0.12328458080594411
                ]
              ],
              "params": [
                "log_kappa",
                "log_kdeg",
                "log_fmod_0"
              ]
            },
            "ndata": 7,
            "nfree": 4,
            "r2": 0.961589541960836,
            "reduced_chisq": 2.1293451981339197e-07,
            "status": "completed",
            "success": true,
            "time_max": 200.0,
            "time_min": 0.0
          },
          "nt_id": 259,
          "params": {
            "fmod0": 0.0013141760783244923,
            "kdeg": 0.24541296928008965,
            "kobs": 0.005020211509206805,
            "log_fmod0": -6.634545366128133,
            "log_fmod0_err": 0.3511190407909319,
            "log_kdeg": -1.4048128985496968,
            "log_kdeg_err": 1.0957445124473626,
            "log_kobs": -5.294283212857954,
            "log_kobs_err": 0.10135581200598297,
            "metadata": {
              "base": "U",
              "fmod_run_ids": [
                720,
                721,
                722,
                723,
                724,
                725,
                726
              ],
              "site": 31,
              "valtype": "modrate"
            }
          },
          "valtype": "modrate"
        },
        {
          "diagnostics": {
            "chisq": 1.561920988568228e-07,
            "covariance": {
              "matrix": [
                [
                  0.002597142019858983,
                  -0.001201601671400584,
                  -0.00843991306101596
                ],
                [
                  -0.001201601671400584,
                  0.04874708275052836,
                  -0.0036609487369773657
                ],
                [
                  -0.00843991306101596,
                  -0.0036609487369773657,
                  0.03338452955122664
                ]
              ],
              "params": [
                "log_kappa",
                "log_kdeg",
                "log_fmod_0"
              ]
            },
            "ndata": 7,
            "nfree": 4,
            "r2": 0.9898764901543863,
            "reduced_chisq": 3.90480247142057e-08,
            "status": "completed",
            "success": true,
            "time_max": 200.0,
            "time_min": 0.0
          },
          "nt_id": 260,
          "params": {
            "fmod0": 0.0010814186792098281,
            "kdeg": 0.1531884405523202,
            "kobs": 0.004288475883270684,
            "log_fmod0": -6.829481507992044,
            "log_fmod0_err": 0.18271433865798994,
            "log_kdeg": -1.8760864778362274,
            "log_kdeg_err": 0.22078741529020254,
            "log_kobs": -5.451823881131123,
            "log_kobs_err": 0.05096216262933691,
            "metadata": {
              "base": "U",
              "fmod_run_ids": [
                720,
                721,
                722,
                723,
                724,
                725,
                726
              ],
              "site": 32,
              "valtype": "modrate"
            }
          },
          "valtype": "modrate"
        },
        {
          "diagnostics": {
            "chisq": 2.2705322665788437e-06,
            "covariance": {
              "matrix": [
                [
                  0.0011173725601216428,
                  0.00017188215539768608,
                  -0.020685831825946997
                ],
                [
                  0.00017188215539768608,
                  0.006283369166593136,
                  -0.025808594716072872
                ],
                [
                  -0.020685831825946997,
                  -0.025808594716072872,
                  0.5472939464773245
                ]
              ],
              "params": [
                "log_kappa",
                "log_kdeg",
                "log_fmod_0"
              ]
            },
            "ndata": 7,
            "nfree": 4,
            "r2": 0.9956850652889655,
            "reduced_chisq": 5.676330666447109e-07,
            "status": "completed",
            "success": true,
            "time_max": 200.0,
            "time_min": 0.0
          },
          "nt_id": 261,
          "params": {
            "fmod0": 0.0009912642236753568,
            "kdeg": 0.04083168648966766,
            "kobs": 0.02523300873029625,
            "log_fmod0": -6.916529435887036,
            "log_fmod0_err": 0.7397931781770662,
            "log_kdeg": -3.198296869344058,
            "log_kdeg_err": 0.07926770569780063,
            "log_kobs": -3.679602271346538,
            "log_kobs_err": 0.033427123120628295,
            "metadata": {
              "base": "C",
              "fmod_run_ids": [
                720,
                721,
                722,
                723,
                724,
                725,
                726
              ],
              "site": 33,
              "valtype": "modrate"
            }
          },
          "valtype": "modrate"
        },
        {
          "diagnostics": {
            "chisq": 1.2978574837363688e-07,
            "covariance": {
              "matrix": [
                [
                  0.10440993770737977,
                  0.012078995997529481,
                  -0.0931733881110631
                ],
                [
                  0.012078995997529481,
                  0.6235311201838811,
                  -0.13294161051968564
                ],
                [
                  -0.0931733881110631,
                  -0.13294161051968564,
                  0.12678398308636493
                ]
              ],
              "params": [
                "log_kappa",
                "log_kdeg",
                "log_fmod_0"
              ]
            },
            "ndata": 7,
            "nfree": 4,
            "r2": 0.7059845038775543,
            "reduced_chisq": 3.244643709340922e-08,
            "status": "completed",
            "success": true,
            "time_max": 200.0,
            "time_min": 0.0
          },
          "nt_id": 262,
          "params": {
            "fmod0": 0.00048567769829065946,
            "kdeg": 0.03502518577435308,
            "kobs": 0.0006051837068692308,
            "log_fmod0": -7.6299653263012015,
            "log_fmod0_err": 0.3560673855976772,
            "log_kdeg": -3.3516878827230805,
            "log_kdeg_err": 0.7896398673977151,
            "log_kobs": -7.409978498307334,
            "log_kobs_err": 0.32312526627823424,
            "metadata": {
              "base": "G",
              "fmod_run_ids": [
                720,
                721,
                722,
                723,
                724,
                725,
                726
              ],
              "site": 34,
              "valtype": "modrate"
            }
          },
          "valtype": "modrate"
        },
        {
          "diagnostics": {
            "chisq": 2.3476735801667295e-07,
            "covariance": {
              "matrix": [
                [
                  0.15836820834649304,
                  0.02492882599813414,
                  -0.17456215577262377
                ],
                [
                  0.02492882599813414,
                  0.8955968485768254,
                  -0.1761982077049303
                ],
                [
                  -0.17456215577262377,
                  -0.1761982077049303,
                  0.25436255773822813
                ]
              ],
              "params": [
                "log_kappa",
                "log_kdeg",
                "log_fmod_0"
              ]
            },
            "ndata": 7,
            "nfree": 4,
            "r2": 0.6133847544485497,
            "reduced_chisq": 5.8691839504168236e-08,
            "status": "completed",
            "success": true,
            "time_max": 200.0,
            "time_min": 0.0
          },
          "nt_id": 263,
          "params": {
            "fmod0": 0.000475096681677909,
            "kdeg": 0.055941722460071314,
            "kobs": 0.000670540999133677,
            "log_fmod0": -7.651992234266619,
            "log_fmod0_err": 0.5043436900945903,
            "log_kdeg": -2.8834448004762256,
            "log_kdeg_err": 0.9463597881233254,
            "log_kobs": -7.307425710007285,
            "log_kobs_err": 0.3979550330709401,
            "metadata": {
              "base": "G",
              "fmod_run_ids": [
                720,
                721,
                722,
                723,
                724,
                725,
                726
              ],
              "site": 36,
              "valtype": "modrate"
            }
          },
          "valtype": "modrate"
        },
        {
          "diagnostics": {
            "chisq": 4.0215645464906234e-07,
            "covariance": {
              "matrix": [
                [
                  0.0004059045324767601,
                  2.953730232204421e-05,
                  -0.004790777064511533
                ],
                [
                  2.953730232204421e-05,
                  0.002437609866810958,
                  -0.007093248537161959
                ],
                [
                  -0.004790777064511533,
                  -0.007093248537161959,
                  0.08921492971097642
                ]
              ],
              "params": [
                "log_kappa",
                "log_kdeg",
                "log_fmod_0"
              ]
            },
            "ndata": 7,
            "nfree": 4,
            "r2": 0.9984098600597844,
            "reduced_chisq": 1.0053911366226558e-07,
            "status": "completed",
            "success": true,
            "time_max": 200.0,
            "time_min": 0.0
          },
          "nt_id": 264,
          "params": {
            "fmod0": 0.0010131015135677855,
            "kdeg": 0.032708156553340174,
            "kobs": 0.01736015996110541,
            "log_fmod0": -6.894738847909326,
            "log_fmod0_err": 0.2986886836004612,
            "log_kdeg": -3.420130796300924,
            "log_kdeg_err": 0.04937215679723702,
            "log_kobs": -4.053577355442995,
            "log_kobs_err": 0.020147072553519038,
            "metadata": {
              "base": "C",
              "fmod_run_ids": [
                720,
                721,
                722,
                723,
                724,
                725,
                726
              ],
              "site": 37,
              "valtype": "modrate"
            }
          },
          "valtype": "modrate"
        },
        {
          "diagnostics": {
            "chisq": 1.3004807973866993e-07,
            "covariance": {
              "matrix": [
                [
                  0.004882213760988845,
                  -0.0015156283978651473,
                  -0.014814179533773288
                ],
                [
                  -0.0015156283978651473,
                  0.06536435209670942,
                  -0.007352328739177416
                ],
                [
                  -0.014814179533773288,
                  -0.007352328739177416,
                  0.05501309137700507
                ]
              ],
              "params": [
                "log_kappa",
                "log_kdeg",
                "log_fmod_0"
              ]
            },
            "ndata": 7,
            "nfree": 4,
            "r2": 0.9810320991134662,
            "reduced_chisq": 3.251201993466748e-08,
            "status": "completed",
            "success": true,
            "time_max": 200.0,
            "time_min": 0.0
          },
          "nt_id": 265,
          "params": {
            "fmod0": 0.0007686185925785788,
            "kdeg": 0.13296518377868968,
            "kobs": 0.002853680013858705,
            "log_fmod0": -7.170915689938002,
            "log_fmod0_err": 0.23454869724005092,
            "log_kdeg": -2.017667961129805,
            "log_kdeg_err": 0.2556645303844658,
            "log_kobs": -5.85914588469302,
            "log_kobs_err": 0.06987283993791038,
            "metadata": {
              "base": "U",
              "fmod_run_ids": [
                720,
                721,
                722,
                723,
                724,
                725,
                726
              ],
              "site": 38,
              "valtype": "modrate"
            }
          },
          "valtype": "modrate"
        },
        {
          "diagnostics": {
            "chisq": 6.375589101677215e-07,
            "covariance": {
              "matrix": [
                [
                  0.0004475039288134779,
                  4.1795852444286216e-05,
                  -0.011780096796949122
                ],
                [
                  4.1795852444286216e-05,
                  0.002645587160063632,
                  -0.01688270402199661
                ],
                [
                  -0.011780096796949122,
                  -0.01688270402199661,
                  0.4788891539274143
                ]
              ],
              "params": [
                "log_kappa",
                "log_kdeg",
                "log_fmod_0"
              ]
            },
            "ndata": 7,
            "nfree": 4,
            "r2": 0.9982548494329706,
            "reduced_chisq": 1.5938972754193037e-07,
            "status": "completed",
            "success": true,
            "time_max": 200.0,
            "time_min": 0.0
          },
          "nt_id": 266,
          "params": {
            "fmod0": 0.0005528273620210814,
            "kdeg": 0.03400681951106563,
            "kobs": 0.02091433552051479,
            "log_fmod0": -7.500464789591978,
            "log_fmod0_err": 0.6920181745643783,
            "log_kdeg": -3.3811942006233506,
            "log_kdeg_err": 0.05143527155623495,
            "log_kobs": -3.8673204450676955,
            "log_kobs_err": 0.021154288662431502,
            "metadata": {
              "base": "C",
              "fmod_run_ids": [
                720,
                721,
                722,
                723,
                724,
                725,
                726
              ],
              "site": 39,
              "valtype": "modrate"
            }
          },
          "valtype": "modrate"
        },
        {
          "diagnostics": {
            "chisq": 8.830845949805763e-08,
            "covariance": {
              "matrix": [
                [
                  0.0014625353600136559,
                  -0.0005495134387522756,
