{
  "artifacts": {},
  "engine": "python_baseline",
  "engine_version": "0.1.0",
  "metadata": {
    "buffer_pH": 6.4,
    "done_by": [
      "EKC"
    ],
    "experiment_id": "ekc.01.0xx",
    "fmod_run_id": 105,
    "initial_kdeg": 0.0001816560448695518,
    "initial_kdeg_source": "arrhenius:nmr:deg:dms:Schwalbe_bistris",
    "initial_log_kdeg": -8.613395522286467,
    "notes": "Baseline python engine demo using examples/nerd.sqlite",
    "outlier_specs": [
      "91:057-HIV-UUCG-GS-25c-a-6-m:34_G:modrate"
    ],
    "outliers_applied": 1,
    "rg_id": 91,
    "rg_label": "25_1_14",
    "rounds_requested": [
      "round1_free",
      "round2_global",
      "round3_constrained"
    ],
    "rt_protocol": [
      "MRT"
    ],
    "selected_site_bases": [
      "17_G",
      "18_G",
      "19_C",
      "1_U",
      "20_A",
      "21_G",
      "22_A",
      "23_U",
      "24_C",
      "25_U",
      "26_G",
      "27_A",
      "28_G",
      "29_C",
      "2_A",
      "31_U",
      "32_U",
      "33_C",
      "34_G",
      "36_G",
      "37_C",
      "38_U",
      "39_C",
      "3_A",
      "40_U",
      "41_C",
      "42_U",
      "43_G",
      "44_C",
      "45_C",
      "61_A",
      "62_A",
      "63_U",
      "64_C",
      "65_C"
    ],
    "temperature_c": 25.0,
    "valtypes": [
      "modrate",
      "GAmodrate"
    ]
  },
  "rounds": [
    {
      "global_params": {},
      "notes": null,
      "per_nt": [
        {
          "diagnostics": {
            "reason": "Non-zero fmod values are required for a fit.",
            "status": "failed"
          },
          "nt_id": 243,
          "params": {},
          "valtype": "modrate"
        },
        {
          "diagnostics": {
            "reason": "Non-zero fmod values are required for a fit.",
            "status": "failed"
          },
          "nt_id": 244,
          "params": {},
          "valtype": "modrate"
        },
        {
          "diagnostics": {
            "reason": "Non-zero fmod values are required for a fit.",
            "status": "failed"
          },
          "nt_id": 245,
          "params": {},
          "valtype": "modrate"
        },
        {
          "diagnostics": {
            "reason": "Non-zero fmod values are required for a fit.",
            "status": "failed"
          },
          "nt_id": 246,
          "params": {},
          "valtype": "modrate"
        },
        {
          "diagnostics": {
            "chisq": 2.167854613328781e-07,
            "covariance": {
              "matrix": [
                [
                  33.55053296608559,
                  -39.71362607810006,
                  0.9092353195623469
                ],
                [
                  -39.71362607810006,
                  47.110640520539405,
                  -1.1177512414845745
                ],
                [
                  0.9092353195623469,
                  -1.1177512414845745,
                  0.05156030193512165
                ]
              ],
              "params": [
                "log_kappa",
                "log_kdeg",
                "log_fmod_0"
              ]
            },
            "ndata": 6,
            "nfree": 3,
            "r2": 0.8215496086398846,
            "reduced_chisq": 7.22618204442927e-08,
            "status": "completed",
            "success": true,
            "time_max": 27000.0,
            "time_min": 900.0
          },
          "nt_id": 247,
          "params": {
            "fmod0": 0.0010971464467952174,
            "kdeg": 1.1889602932847814e-05,
            "kobs": 0.004320643884470208,
            "log_fmod0": -6.8150426090646645,
            "log_fmod0_err": 0.2270689365261608,
            "log_kdeg": -11.339846242869857,
            "log_kdeg_err": 6.8637191463913645,
            "log_kobs": -5.444350840501501,
            "log_kobs_err": 5.792282189783712,
            "metadata": {
              "base": "G",
              "fmod_run_ids": [
                100,
                101,
                102,
                103,
                104,
                105
              ],
              "site": 18,
              "valtype": "modrate"
            }
          },
          "valtype": "modrate"
        },
        {
          "diagnostics": {
            "chisq": 4.454306439592182e-07,
            "covariance": {
              "matrix": [
                [
                  0.02486735414169349,
                  0.029651237669805885,
                  -0.07240618415324163
                ],
                [
                  0.029651237669805885,
                  0.08261585747945847,
                  -0.10818747712774558
                ],
                [
                  -0.07240618415324163,
                  -0.10818747712774558,
                  0.2285020711717908
                ]
              ],
              "params": [
                "log_kappa",
                "log_kdeg",
                "log_fmod_0"
              ]
            },
            "ndata": 6,
            "nfree": 3,
            "r2": 0.9593405729576283,
            "reduced_chisq": 1.484768813197394e-07,
            "status": "completed",
            "success": true,
            "time_max": 27000.0,
            "time_min": 900.0
          },
          "nt_id": 248,
          "params": {
            "fmod0": 0.0018074956294475315,
            "kdeg": 0.0003977203258151522,
            "kobs": 0.005293992682214255,
            "log_fmod0": -6.315813021943942,
            "log_fmod0_err": 0.47801890252561224,
            "log_kdeg": -7.829761498645374,
            "log_kdeg_err": 0.2874297435538961,
            "log_kobs": -5.241182557457319,
            "log_kobs_err": 0.15769386209264294,
            "metadata": {
              "base": "C",
              "fmod_run_ids": [
                100,
                101,
                102,
                103,
                104,
                105
              ],
              "site": 19,
              "valtype": "modrate"
            }
          },
          "valtype": "modrate"
        },
        {
          "diagnostics": {
            "chisq": 2.0500116015909946e-07,
            "covariance": {
              "matrix": [
                [
                  0.0024320538019013734,
                  0.0027578874484891084,
                  -0.034285429895053496
                ],
                [
                  0.0027578874484891084,
                  0.008843998853373796,
                  -0.052931627147149746
                ],
                [
                  -0.034285429895053496,
                  -0.052931627147149746,
                  0.5405012563104482
                ]
              ],
              "params": [
                "log_kappa",
                "log_kdeg",
                "log_fmod_0"
              ]
            },
            "ndata": 6,
            "nfree": 3,
            "r2": 0.9953676838310913,
            "reduced_chisq": 6.833372005303315e-08,
            "status": "completed",
            "success": true,
            "time_max": 27000.0,
            "time_min": 900.0
          },
          "nt_id": 249,
          "params": {
            "fmod0": 0.0007094887892948788,
            "kdeg": 0.0003405328495567751,
            "kobs": 0.01032468219690747,
            "log_fmod0": -7.2509658623418956,
            "log_fmod0_err": 0.7351879054435323,
            "log_kdeg": -7.984998962558833,
            "log_kdeg_err": 0.09404253746775336,
            "log_kobs": -4.573217920569289,
            "log_kobs_err": 0.04931585750954122,
            "metadata": {
              "base": "A",
              "fmod_run_ids": [
                100,
                101,
                102,
                103,
                104,
                105
              ],
              "site": 20,
              "valtype": "modrate"
            }
          },
          "valtype": "modrate"
        },
        {
          "diagnostics": {
            "chisq": 5.286223653225324e-09,
            "covariance": {
              "matrix": [
                [
                  0.003326240276891821,
                  0.0020522005433575136,
                  -0.008783295603079111
                ],
                [
                  0.0020522005433575136,
                  0.0225351470931502,
                  -0.0211439876987331
                ],
                [
                  -0.008783295603079111,
                  -0.0211439876987331,
                  0.0382177355410917
                ]
              ],
              "params": [
                "log_kappa",
                "log_kdeg",
                "log_fmod_0"
              ]
            },
            "ndata": 6,
            "nfree": 3,
            "r2": 0.9906799006558257,
            "reduced_chisq": 1.762074551075108e-09,
            "status": "completed",
            "success": true,
            "time_max": 27000.0,
            "time_min": 900.0
          },
          "nt_id": 250,
          "params": {
            "fmod0": 0.0002939552541427828,
            "kdeg": 0.00016485722989620849,
            "kobs": 0.0009993767567064394,
            "log_fmod0": -8.132082999001955,
            "log_fmod0_err": 0.19549356905302973,
            "log_kdeg": -8.71043073198508,
            "log_kdeg_err": 0.150117111260343,
            "log_kobs": -6.908378716572533,
            "log_kobs_err": 0.05767356653521456,
            "metadata": {
              "base": "G",
              "fmod_run_ids": [
                100,
                101,
                102,
                103,
                104,
                105
              ],
              "site": 21,
              "valtype": "modrate"
            }
          },
          "valtype": "modrate"
        },
        {
          "diagnostics": {
            "chisq": 1.3718474092743811e-06,
            "covariance": {
              "matrix": [
                [
                  0.002759349322725585,
                  0.0030935946285247672,
                  -0.09765966625668056
                ],
                [
                  0.0030935946285247672,
                  0.00991192471975048,
                  -0.14969794100408237
                ],
                [
                  -0.09765966625668056,
                  -0.14969794100408237,
                  3.8700365000224286
                ]
              ],
              "params": [
                "log_kappa",
                "log_kdeg",
                "log_fmod_0"
              ]
            },
            "ndata": 6,
            "nfree": 3,
            "r2": 0.9948192715895026,
            "reduced_chisq": 4.5728246975812703e-07,
            "status": "completed",
            "success": true,
            "time_max": 27000.0,
            "time_min": 900.0
          },
          "nt_id": 251,
          "params": {
            "fmod0": 0.0006843251167771894,
            "kdeg": 0.00033649967777944295,
            "kobs": 0.025399900706824994,
            "log_fmod0": -7.287077436343315,
            "log_fmod0_err": 1.9672408342707888,
            "log_kdeg": -7.996913366444756,
            "log_kdeg_err": 0.09955864964808674,
            "log_kobs": -3.6730100141454054,
            "log_kobs_err": 0.05252950906610098,
            "metadata": {
              "base": "A",
              "fmod_run_ids": [
                100,
                101,
                102,
                103,
                104,
                105
              ],
              "site": 22,
              "valtype": "modrate"
            }
          },
          "valtype": "modrate"
        },
        {
          "diagnostics": {
            "chisq": 2.4313444846666e-06,
            "covariance": {
              "matrix": [
                [
                  0.3983246181501654,
                  0.42267643823507256,
                  -0.26095052632227683
                ],
                [
                  0.42267643823507256,
                  1.643343881011643,
                  -0.42848423031616223
                ],
                [
                  -0.26095052632227683,
                  -0.42848423031616223,
                  0.20091761981621029
                ]
              ],
              "params": [
                "log_kappa",
                "log_kdeg",
                "log_fmod_0"
              ]
            },
            "ndata": 6,
            "nfree": 3,
            "r2": 0.5358785456864965,
            "reduced_chisq": 8.104481615555333e-07,
            "status": "completed",
            "success": true,
            "time_max": 27000.0,
            "time_min": 900.0
          },
          "nt_id": 252,
          "params": {
            "fmod0": 0.0035473370671304295,
            "kdeg": 0.0002832527118407079,
            "kobs": 0.002461493542094886,
            "log_fmod0": -5.6415580789121345,
            "log_fmod0_err": 0.4482383515677906,
            "log_kdeg": -8.169171084083603,
            "log_kdeg_err": 1.2819297488597583,
            "log_kobs": -6.006986982334406,
            "log_kobs_err": 0.6311296365646011,
            "metadata": {
              "base": "U",
              "fmod_run_ids": [
                100,
                101,
                102,
                103,
                104,
                105
              ],
              "site": 23,
              "valtype": "modrate"
            }
          },
          "valtype": "modrate"
        },
        {
          "diagnostics": {
            "chisq": 2.0555689627328285e-06,
            "covariance": {
              "matrix": [
                [
                  0.0010712425817273627,
                  0.0011811529666140728,
                  -0.04314666693200967
                ],
                [
                  0.0011811529666140728,
                  0.0037453543247885916,
                  -0.0651593893482788
                ],
                [
                  -0.04314666693200967,
                  -0.0651593893482788,
                  1.9458122591456946
                ]
              ],
              "params": [
                "log_kappa",
                "log_kdeg",
                "log_fmod_0"
              ]
            },
            "ndata": 6,
            "nfree": 3,
            "r2": 0.9980427462708006,
            "reduced_chisq": 6.851896542442761e-07,
            "status": "completed",
            "success": true,
            "time_max": 27000.0,
            "time_min": 900.0
          },
          "nt_id": 253,
          "params": {
            "fmod0": 0.0011844525064919407,
            "kdeg": 0.0003327493245945272,
            "kobs": 0.051335603767089996,
            "log_fmod0": -6.738474630997119,
            "log_fmod0_err": 1.394923746713667,
            "log_kdeg": -8.008121130459626,
            "log_kdeg_err": 0.061199300035119614,
            "log_kobs": -2.969370736985675,
            "log_kobs_err": 0.032729842372479626,
            "metadata": {
              "base": "C",
              "fmod_run_ids": [
                100,
                101,
                102,
                103,
                104,
                105
              ],
              "site": 24,
              "valtype": "modrate"
            }
          },
          "valtype": "modrate"
        },
        {
          "diagnostics": {
            "chisq": 7.380218363386682e-07,
            "covariance": {
              "matrix": [
                [
                  0.09366212097494114,
                  0.10377631077275314,
                  -0.12793741640399195
                ],
                [
                  0.10377631077275314,
                  0.3601618476500038,
                  -0.20264351637207806
                ],
                [
                  -0.12793741640399195,
                  -0.20264351637207806,
                  0.19916308346899872
                ]
              ],
              "params": [
                "log_kappa",
                "log_kdeg",
                "log_fmod_0"
              ]
            },
            "ndata": 6,
            "nfree": 3,
            "r2": 0.8399440942118727,
            "reduced_chisq": 2.4600727877955607e-07,
            "status": "completed",
            "success": true,
            "time_max": 27000.0,
            "time_min": 900.0
          },
          "nt_id": 254,
          "params": {
            "fmod0": 0.002101310818835353,
            "kdeg": 0.0003159220329396352,
            "kobs": 0.0029795036955496423,
            "log_fmod0": -6.165193929538797,
            "log_fmod0_err": 0.4462769134394011,
            "log_kdeg": -8.0600151060242,
            "log_kdeg_err": 0.6001348578861286,
            "log_kobs": -5.815998537452572,
            "log_kobs_err": 0.30604267835539073,
            "metadata": {
              "base": "U",
              "fmod_run_ids": [
                100,
                101,
                102,
                103,
                104,
                105
              ],
              "site": 25,
              "valtype": "modrate"
            }
          },
          "valtype": "modrate"
        },
        {
          "diagnostics": {
            "chisq": 2.3471001753572133e-09,
            "covariance": {
              "matrix": [
                [
                  0.001913939737505191,
                  0.00208035834376132,
                  -0.005628324698471774
                ],
                [
                  0.00208035834376132,
                  0.007622614058130054,
                  -0.00907074844253667
                ],
                [
                  -0.005628324698471774,
                  -0.00907074844253667,
                  0.019132426441189867
                ]
              ],
              "params": [
                "log_kappa",
                "log_kdeg",
                "log_fmod_0"
              ]
            },
            "ndata": 6,
            "nfree": 3,
            "r2": 0.995983204151555,
            "reduced_chisq": 7.823667251190711e-10,
            "status": "completed",
            "success": true,
            "time_max": 27000.0,
            "time_min": 900.0
          },
          "nt_id": 255,
          "params": {
            "fmod0": 0.0003695595520687724,
            "kdeg": 0.0002998748046050097,
            "kobs": 0.001136932489039777,
            "log_fmod0": -7.90319866122878,
            "log_fmod0_err": 0.1383200146081176,
            "log_kdeg": -8.112145488392757,
            "log_kdeg_err": 0.08730758305055784,
            "log_kobs": -6.7794214423708015,
            "log_kobs_err": 0.043748596977562504,
            "metadata": {
              "base": "G",
              "fmod_run_ids": [
                100,
                101,
                102,
                103,
                104,
                105
              ],
              "site": 26,
              "valtype": "modrate"
            }
          },
          "valtype": "modrate"
        },
        {
          "diagnostics": {
            "chisq": 1.1834395986582918e-07,
            "covariance": {
              "matrix": [
                [
                  0.003482572677822927,
                  0.00392702920427443,
                  -0.06186069577904209
                ],
                [
                  0.00392702920427443,
                  0.012900326051114634,
                  -0.09630588079776713
                ],
                [
                  -0.06186069577904209,
                  -0.09630588079776713,
                  1.2355094627918122
                ]
              ],
              "params": [
                "log_kappa",
                "log_kdeg",
                "log_fmod_0"
              ]
            },
            "ndata": 6,
            "nfree": 3,
            "r2": 0.9932407453246819,
            "reduced_chisq": 3.944798662194306e-08,
            "status": "completed",
            "success": true,
            "time_max": 27000.0,
            "time_min": 900.0
          },
          "nt_id": 256,
          "params": {
            "fmod0": 0.0003506140610923285,
            "kdeg": 0.00033320166136099563,
            "kobs": 0.006427955047316206,
            "log_fmod0": -7.95582448048464,
            "log_fmod0_err": 1.1115347330568721,
            "log_kdeg": -8.006762661606599,
            "log_kdeg_err": 0.11357960226693274,
            "log_kobs": -5.0470988243926485,
            "log_kobs_err": 0.059013326273164156,
            "metadata": {
              "base": "A",
              "fmod_run_ids": [
                100,
                101,
                102,
                103,
                104,
                105
              ],
              "site": 27,
              "valtype": "modrate"
            }
          },
          "valtype": "modrate"
        },
        {
          "diagnostics": {
            "chisq": 2.306386934108075e-08,
            "covariance": {
              "matrix": [
                [
                  0.019854778249884193,
                  0.02228058553233138,
                  -0.040577520985792016
                ],
                [
                  0.02228058553233138,
                  0.07500080095457601,
                  -0.06375672575904837
                ],
                [
                  -0.040577520985792016,
                  -0.06375672575904837,
                  0.09376203782304812
                ]
              ],
              "params": [
                "log_kappa",
                "log_kdeg",
                "log_fmod_0"
              ]
            },
            "ndata": 6,
            "nfree": 3,
            "r2": 0.9618610072873922,
            "reduced_chisq": 7.687956447026917e-09,
            "status": "completed",
            "success": true,
            "time_max": 27000.0,
            "time_min": 900.0
          },
          "nt_id": 257,
          "params": {
            "fmod0": 0.0005528201385272783,
            "kdeg": 0.00032635539121932415,
            "kobs": 0.0011643765517799622,
            "log_fmod0": -7.500477856132262,
            "log_fmod0_err": 0.3062058748996304,
            "log_kdeg": -8.027523613272832,
            "log_kdeg_err": 0.27386274108497494,
            "log_kobs": -6.755569483894366,
            "log_kobs_err": 0.14090698439000174,
            "metadata": {
              "base": "G",
              "fmod_run_ids": [
                100,
                101,
                102,
                103,
                104,
                105
              ],
              "site": 28,
              "valtype": "modrate"
            }
          },
          "valtype": "modrate"
        },
        {
          "diagnostics": {
            "chisq": 6.280255017047443e-07,
            "covariance": {
              "matrix": [
                [
                  0.06066720416482083,
                  0.057953224938702676,
                  -0.042095077351727773
                ],
                [
                  0.057953224938702676,
                  0.29086236899607987,
                  -0.07593047536089866
                ],
                [
                  -0.042095077351727773,
                  -0.07593047536089866,
                  0.0371000276711223
                ]
              ],
              "params": [
                "log_kappa",
                "log_kdeg",
                "log_fmod_0"
              ]
            },
            "ndata": 6,
            "nfree": 3,
            "r2": 0.8719592269822174,
            "reduced_chisq": 2.0934183390158142e-07,
            "status": "completed",
            "success": true,
            "time_max": 27000.0,
            "time_min": 900.0
          },
          "nt_id": 258,
          "params": {
            "fmod0": 0.0037551173624545513,
            "kdeg": 0.00023061217052885777,
            "kobs": 0.002899914877776362,
            "log_fmod0": -5.584635739273227,
            "log_fmod0_err": 0.1926136746732233,
            "log_kdeg": -8.374773173860005,
            "log_kdeg_err": 0.5393165758588176,
            "log_kobs": -5.843073894911411,
            "log_kobs_err": 0.2463071338082209,
            "metadata": {
              "base": "C",
              "fmod_run_ids": [
                100,
                101,
                102,
                103,
                104,
                105
              ],
              "site": 29,
              "valtype": "modrate"
            }
          },
          "valtype": "modrate"
        },
        {
          "diagnostics": {
            "chisq": 1.676175251123111e-06,
            "covariance": {
              "matrix": [
                [
                  0.22435050923798755,
                  0.22596246304821194,
                  -0.14241018253486837
                ],
                [
                  0.22596246304821194,
                  1.0005215828352096,
                  -0.24485324652447318
                ],
                [
                  -0.14241018253486837,
                  -0.24485324652447318,
                  0.11039510156293358
                ]
              ],
              "params": [
                "log_kappa",
                "log_kdeg",
                "log_fmod_0"
              ]
            },
            "ndata": 6,
            "nfree": 3,
            "r2": 0.6586300423392752,
            "reduced_chisq": 5.587250837077036e-07,
            "status": "completed",
            "success": true,
            "time_max": 27000.0,
            "time_min": 900.0
          },
          "nt_id": 259,
          "params": {
            "fmod0": 0.0037305460392854303,
            "kdeg": 0.0002532371955327415,
            "kobs": 0.0025717662705138176,
            "log_fmod0": -5.591200664811225,
            "log_fmod0_err": 0.3322575831533926,
            "log_kdeg": -8.281183976695186,
            "log_kdeg_err": 1.0002607574203888,
            "log_kobs": -5.9631623513419365,
            "log_kobs_err": 0.47365653087230575,
            "metadata": {
              "base": "U",
              "fmod_run_ids": [
                100,
                101,
                102,
                103,
                104,
                105
              ],
              "site": 31,
              "valtype": "modrate"
            }
          },
          "valtype": "modrate"
        },
        {
          "diagnostics": {
            "chisq": 8.441364312630794e-07,
            "covariance": {
              "matrix": [
                [
                  0.0978840985918241,
                  0.10414397162386213,
                  -0.10687353799111682
                ],
                [
                  0.10414397162386213,
                  0.40180411918185777,
                  -0.17500345261380285
                ],
                [
                  -0.10687353799111682,
                  -0.17500345261380285,
                  0.13684965006623798
                ]
              ],
              "params": [
                "log_kappa",
                "log_kdeg",
                "log_fmod_0"
              ]
            },
            "ndata": 6,
            "nfree": 3,
            "r2": 0.8251566634257591,
            "reduced_chisq": 2.813788104210265e-07,
            "status": "completed",
            "success": true,
            "time_max": 27000.0,
            "time_min": 900.0
          },
          "nt_id": 260,
          "params": {
            "fmod0": 0.002543124997755435,
            "kdeg": 0.0002851972674146924,
            "kobs": 0.002938464970979335,
            "log_fmod0": -5.974361640090921,
            "log_fmod0_err": 0.3699319532917344,
            "log_kdeg": -8.162329450764942,
            "log_kdeg_err": 0.6338802088579969,
            "log_kobs": -5.829867952697498,
            "log_kobs_err": 0.31286434535086305,
            "metadata": {
              "base": "U",
              "fmod_run_ids": [
                100,
                101,
                102,
                103,
                104,
                105
              ],
              "site": 32,
              "valtype": "modrate"
            }
          },
          "valtype": "modrate"
        },
        {
          "diagnostics": {
            "chisq": 1.122124493480059e-06,
            "covariance": {
              "matrix": [
                [
                  0.0006371361098480486,
                  0.000685918346703894,
                  -0.018378782122820375
                ],
                [
                  0.000685918346703894,
                  0.002348231923935281,
                  -0.028434176619785607
                ],
                [
                  -0.018378782122820375,
                  -0.028434176619785607,
                  0.6046511279458643
                ]
              ],
              "params": [
                "log_kappa",
                "log_kdeg",
                "log_fmod_0"
              ]
            },
            "ndata": 6,
            "nfree": 3,
            "r2": 0.998767216448338,
            "reduced_chisq": 3.740414978266863e-07,
            "status": "completed",
            "success": true,
            "time_max": 27000.0,
            "time_min": 900.0
          },
          "nt_id": 261,
          "params": {
            "fmod0": 0.0014910732962992205,
            "kdeg": 0.00030925118900360614,
            "kobs": 0.04664552346033795,
            "log_fmod0": -6.508259085253401,
            "log_fmod0_err": 0.777593163515385,
            "log_kdeg": -8.081356701901635,
            "log_kdeg_err": 0.048458558830564505,
            "log_kobs": -3.0651783164146242,
            "log_kobs_err": 0.02524155521848938,
            "metadata": {
              "base": "C",
              "fmod_run_ids": [
                100,
                101,
                102,
                103,
                104,
                105
              ],
              "site": 33,
              "valtype": "modrate"
            }
          },
          "valtype": "modrate"
        },
        {
          "diagnostics": {
            "chisq": 2.8070101910316345e-08,
            "covariance": {
              "matrix": [
                [
                  0.038232464621955405,
                  0.046314254026324546,
                  -0.13346285756886814
                ],
                [
                  0.046314254026324546,
                  0.12351555164705057,
                  -0.19784502613297533
                ],
                [
                  -0.13346285756886814,
                  -0.19784502613297533,
                  0.5005437471153262
                ]
              ],
              "params": [
                "log_kappa",
                "log_kdeg",
                "log_fmod_0"
              ]
            },
            "ndata": 6,
            "nfree": 3,
            "r2": 0.9411673801652498,
            "reduced_chisq": 9.356700636772115e-09,
            "status": "completed",
            "success": true,
            "time_max": 27000.0,
            "time_min": 900.0
          },
          "nt_id": 262,
          "params": {
            "fmod0": 0.00031985948939688855,
            "kdeg": 0.00041888797455004516,
            "kobs": 0.0011121794330614123,
            "log_fmod0": -8.047628754235943,
            "log_fmod0_err": 0.707491163983923,
            "log_kdeg": -7.777907037632595,
            "log_kdeg_err": 0.3514477936295099,
            "log_kobs": -6.801433735504241,
            "log_kobs_err": 0.19553123694682495,
            "metadata": {
              "base": "G",
              "fmod_run_ids": [
                100,
                101,
                102,
                103,
                104,
                105
              ],
              "site": 34,
              "valtype": "modrate"
            }
          },
          "valtype": "modrate"
        },
        {
          "diagnostics": {
            "chisq": 2.608972926607493e-09,
            "covariance": {
              "matrix": [
                [
                  0.004743419908966755,
                  0.005245537538850277,
                  -0.006677694876577545
                ],
                [
                  0.005245537538850277,
                  0.018381277201081816,
                  -0.010617530599056716
                ],
                [
                  -0.006677694876577545,
                  -0.010617530599056716,
                  0.010738194926045923
                ]
              ],
              "params": [
                "log_kappa",
                "log_kdeg",
                "log_fmod_0"
              ]
            },
            "ndata": 6,
            "nfree": 3,
            "r2": 0.9903633347617681,
            "reduced_chisq": 8.696576422024976e-10,
            "status": "completed",
            "success": true,
            "time_max": 27000.0,
            "time_min": 900.0
          },
          "nt_id": 263,
          "params": {
            "fmod0": 0.0005348457969667386,
            "kdeg": 0.0003134371449318589,
            "kobs": 0.0007811093360075612,
            "log_fmod0": -7.533532082583221,
            "log_fmod0_err": 0.10362526200712799,
            "log_kdeg": -8.067911712628254,
            "log_kdeg_err": 0.13557756894516812,
            "log_kobs": -7.154795423034916,
            "log_kobs_err": 0.06887249021900366,
            "metadata": {
              "base": "G",
              "fmod_run_ids": [
                100,
                101,
                102,
                103,
                104,
                105
              ],
              "site": 36,
              "valtype": "modrate"
            }
          },
          "valtype": "modrate"
        },
        {
          "diagnostics": {
            "chisq": 4.905215936343821e-07,
            "covariance": {
              "matrix": [
                [
                  0.382588417399148,
                  0.18896875841664898,
                  -0.1859887159871246
                ],
                [
                  0.18896875841664898,
                  2.8038079021251545,
                  -0.48692575891894035
                ],
                [
                  -0.1859887159871246,
                  -0.48692575891894035,
                  0.1631909105691809
                ]
              ],
              "params": [
                "log_kappa",
                "log_kdeg",
                "log_fmod_0"
              ]
            },
            "ndata": 6,
            "nfree": 3,
            "r2": 0.47427028752089206,
            "reduced_chisq": 1.6350719787812738e-07,
            "status": "completed",
            "success": true,
            "time_max": 27000.0,
            "time_min": 900.0
          },
          "nt_id": 264,
          "params": {
            "fmod0": 0.001339216877767606,
            "kdeg": 0.000154642142784377,
            "kobs": 0.0008823226110617009,
            "log_fmod0": -6.615670255435416,
            "log_fmod0_err": 0.40396894753084783,
            "log_kdeg": -8.774396866561798,
            "log_kdeg_err": 1.6744574948696531,
            "log_kobs": -7.032952796657019,
            "log_kobs_err": 0.6185373209428418,
            "metadata": {
              "base": "C",
              "fmod_run_ids": [
                100,
                101,
                102,
                103,
                104,
                105
              ],
              "site": 37,
              "valtype": "modrate"
            }
          },
          "valtype": "modrate"
        },
        {
          "diagnostics": {
            "chisq": 8.750702304152328e-07,
            "covariance": {
              "matrix": [
                [
                  0.23102597422729476,
                  0.23077382648809025,
                  -0.22713547163548065
                ],
                [
                  0.23077382648809025,
                  1.0439790198554317,
                  -0.39379140783730127
                ],
                [
                  -0.22713547163548065,
                  -0.39379140783730127,
                  0.2744932495511374
                ]
              ],
              "params": [
                "log_kappa",
                "log_kdeg",
                "log_fmod_0"
              ]
            },
            "ndata": 6,
            "nfree": 3,
            "r2": 0.6498424195606605,
            "reduced_chisq": 2.916900768050776e-07,
            "status": "completed",
            "success": true,
            "time_max": 27000.0,
            "time_min": 900.0
          },
          "nt_id": 265,
          "params": {
            "fmod0": 0.0016942035172819434,
            "kdeg": 0.00024900004015939803,
            "kobs": 0.001814785546304642,
            "log_fmod0": -6.380542549896529,
            "log_fmod0_err": 0.5239210336979585,
            "log_kdeg": -8.298057500216856,
            "log_kdeg_err": 1.0217529152664218,
            "log_kobs": -6.3117879745523116,
            "log_kobs_err": 0.4806516141939968,
            "metadata": {
              "base": "U",
              "fmod_run_ids": [
                100,
                101,
                102,
                103,
                104,
                105
              ],
              "site": 38,
              "valtype": "modrate"
            }
          },
          "valtype": "modrate"
        },
        {
          "diagnostics": {
            "chisq": 3.5567384552491096e-07,
            "covariance": {
              "matrix": [
                [
                  0.3093317571959066,
                  0.012017519751138192,
                  -0.1302145667737294
                ],
                [
                  0.012017519751138192,
                  2.746419815767505,
                  -0.4464294086693939
                ],
                [
                  -0.1302145667737294,
                  -0.4464294086693939,
                  0.14023594482021226
                ]
              ],
              "params": [
                "log_kappa",
                "log_kdeg",
                "log_fmod_0"
              ]
            },
            "ndata": 6,
            "nfree": 3,
            "r2": 0.5189246417313257,
            "reduced_chisq": 1.1855794850830366e-07,
            "status": "completed",
            "success": true,
            "time_max": 27000.0,
            "time_min": 900.0
          },
          "nt_id": 266,
          "params": {
            "fmod0": 0.001168241994793325,
            "kdeg": 0.00013210772843979824,
            "kobs": 0.0008168387389243979,
            "log_fmod0": -6.752255228713379,
            "log_fmod0_err": 0.37448090047452653,
            "log_kdeg": -8.931892843682528,
            "log_kdeg_err": 1.6572325774517906,
            "log_kobs": -7.110068864564139,
            "log_kobs_err": 0.556176012783639,
            "metadata": {
              "base": "C",
              "fmod_run_ids": [
                100,
                101,
                102,
                103,
                104,
                105
              ],
              "site": 39,
              "valtype": "modrate"
            }
          },
          "valtype": "modrate"
        },
        {
          "diagnostics": {
            "chisq": 1.5801744277107606e-06,
            "covariance": {
              "matrix": [
                [
                  0.24467499675887264,
                  0.2569463245847118,
                  -0.19869730983406905
                ],
                [
                  0.2569463245847118,
                  1.0256487782913615,
                  -0.32918314755861294
                ],
                [
                  -0.19869730983406905,
                  -0.32918314755861294,
                  0.19107490440294717
                ]
              ],
