{
  "artifacts": {},
  "engine": "python_baseline",
  "engine_version": "0.1.0",
  "metadata": {
    "buffer_pH": 6.4,
    "done_by": [
      "EKC"
    ],
    "experiment_id": "ekc.01.0xx",
    "fmod_run_id": 620,
    "initial_kdeg": 0.019966431018638382,
    "initial_kdeg_source": "arrhenius:nmr:deg:dms:Schwalbe_bistris",
    "initial_log_kdeg": -3.9137028646700216,
    "notes": "Baseline python engine demo using examples/nerd.sqlite",
    "outlier_specs": [
      "93:065-HIV-UUCG-GS-70c-a-5-p:34_G:modrate",
      "93:061-HIV-UUCG-GS-70c-a-1-p:34_G:modrate"
    ],
    "outliers_applied": 2,
    "rg_id": 93,
    "rg_label": "70_1_14",
    "rounds_requested": [
      "round1_free",
      "round2_global",
      "round3_constrained"
    ],
    "rt_protocol": [
      "MRT"
    ],
    "selected_site_bases": [
      "17_G",
      "18_G",
      "19_C",
      "1_U",
      "20_A",
      "21_G",
      "22_A",
      "23_U",
      "24_C",
      "25_U",
      "26_G",
      "27_A",
      "28_G",
      "29_C",
      "2_A",
      "31_U",
      "32_U",
      "33_C",
      "34_G",
      "36_G",
      "37_C",
      "38_U",
      "39_C",
      "3_A",
      "40_U",
      "41_C",
      "42_U",
      "43_G",
      "44_C",
      "45_C",
      "61_A",
      "62_A",
      "63_U",
      "64_C",
      "65_C"
    ],
    "temperature_c": 70.0,
    "valtypes": [
      "modrate",
      "GAmodrate"
    ]
  },
  "rounds": [
    {
      "global_params": {},
      "notes": null,
      "per_nt": [
        {
          "diagnostics": {
            "reason": "Non-zero fmod values are required for a fit.",
            "status": "failed"
          },
          "nt_id": 243,
          "params": {},
          "valtype": "modrate"
        },
        {
          "diagnostics": {
            "reason": "Non-zero fmod values are required for a fit.",
            "status": "failed"
          },
          "nt_id": 244,
          "params": {},
          "valtype": "modrate"
        },
        {
          "diagnostics": {
            "reason": "Non-zero fmod values are required for a fit.",
            "status": "failed"
          },
          "nt_id": 245,
          "params": {},
          "valtype": "modrate"
        },
        {
          "diagnostics": {
            "reason": "Non-zero fmod values are required for a fit.",
            "status": "failed"
          },
          "nt_id": 246,
          "params": {},
          "valtype": "modrate"
        },
        {
          "diagnostics": {
            "chisq": 6.655719999999998e-08,
            "ndata": 6,
            "nfree": 3,
            "r2": 0.5153090192775209,
            "reduced_chisq": 2.2185733333333324e-08,
            "status": "completed",
            "success": true,
            "time_max": 300.0,
            "time_min": 0.0
          },
          "nt_id": 247,
          "params": {
            "fmod0": 0.0008600000000082565,
            "kdeg": 11.70997165294888,
            "kobs": 0.000291442465425039,
            "log_fmod0": -7.05857816870712,
            "log_kdeg": 2.460440756850836,
            "log_kobs": -8.14066794583969,
            "metadata": {
              "base": "G",
              "fmod_run_ids": [
                615,
                616,
                617,
                618,
                620,
                621
              ],
              "site": 18,
              "valtype": "modrate"
            }
          },
          "valtype": "modrate"
        },
        {
          "diagnostics": {
            "chisq": 9.060784395535363e-07,
            "covariance": {
              "matrix": [
                [
                  0.0009274988150544798,
                  -0.00028399202338502927,
                  -0.006157468804629148
                ],
                [
                  -0.00028399202338502927,
                  0.005427767081797563,
                  -0.010764059386458845
                ],
                [
                  -0.006157468804629148,
                  -0.010764059386458845,
                  0.08775788921947815
                ]
              ],
              "params": [
                "log_kappa",
                "log_kdeg",
                "log_fmod_0"
              ]
            },
            "ndata": 6,
            "nfree": 3,
            "r2": 0.9973290788371413,
            "reduced_chisq": 3.020261465178454e-07,
            "status": "completed",
            "success": true,
            "time_max": 300.0,
            "time_min": 0.0
          },
          "nt_id": 248,
          "params": {
            "fmod0": 0.0017247614788832653,
            "kdeg": 0.01900183152194076,
            "kobs": 0.021604210924696762,
            "log_fmod0": -6.3626665111705725,
            "log_fmod0_err": 0.2962395807779206,
            "log_kdeg": -3.963219908569863,
            "log_kdeg_err": 0.0736733810938358,
            "log_kobs": -3.8348670330748993,
            "log_kobs_err": 0.030454865211563157,
            "metadata": {
              "base": "C",
              "fmod_run_ids": [
                615,
                616,
                617,
                618,
                620,
                621
              ],
              "site": 19,
              "valtype": "modrate"
            }
          },
          "valtype": "modrate"
        },
        {
          "diagnostics": {
            "chisq": 9.95486449294443e-07,
            "covariance": {
              "matrix": [
                [
                  0.002864953608431951,
                  -0.0007111159857658852,
                  -0.040429391917810815
                ],
                [
                  -0.0007111159857658852,
                  0.01659774041925887,
                  -0.06667521872361715
                ],
                [
                  -0.040429391917810815,
                  -0.06667521872361715,
                  1.1463905256400473
                ]
              ],
              "params": [
                "log_kappa",
                "log_kdeg",
                "log_fmod_0"
              ]
            },
            "ndata": 6,
            "nfree": 3,
            "r2": 0.9916764892828391,
            "reduced_chisq": 3.31828816431481e-07,
            "status": "completed",
            "success": true,
            "time_max": 300.0,
            "time_min": 0.0
          },
          "nt_id": 249,
          "params": {
            "fmod0": 0.0005042051694154824,
            "kdeg": 0.0205745156967277,
            "kobs": 0.01268636962943733,
            "log_fmod0": -7.592527290554798,
            "log_fmod0_err": 1.0706962807631524,
            "log_kdeg": -3.8837020711296844,
            "log_kdeg_err": 0.12883221809492712,
            "log_kobs": -4.367227119395489,
            "log_kobs_err": 0.053525261404611106,
            "metadata": {
              "base": "A",
              "fmod_run_ids": [
                615,
                616,
                617,
                618,
                620,
                621
              ],
              "site": 20,
              "valtype": "modrate"
            }
          },
          "valtype": "modrate"
        },
        {
          "diagnostics": {
            "chisq": 2.5918888914525874e-10,
            "covariance": {
              "matrix": [
                [
                  0.0019065342371406388,
                  -0.00015087335808466055,
                  -0.0006620827036050286
                ],
                [
                  -0.00015087335808466055,
                  0.011560110144451486,
                  -0.0007002650943159056
                ],
                [
                  -0.0006620827036050286,
                  -0.0007002650943159056,
                  0.0003364959481759588
                ]
              ],
              "params": [
                "log_kappa",
                "log_kdeg",
                "log_fmod_0"
              ]
            },
            "ndata": 6,
            "nfree": 3,
            "r2": 0.994319687135207,
            "reduced_chisq": 8.639629638175291e-11,
            "status": "completed",
            "success": true,
            "time_max": 300.0,
            "time_min": 0.0
          },
          "nt_id": 250,
          "params": {
            "fmod0": 0.000500320899095298,
            "kdeg": 0.04116917249270372,
            "kobs": 0.00024289716372383896,
            "log_fmod0": -7.600260867215868,
            "log_fmod0_err": 0.01834382588709233,
            "log_kdeg": -3.190065543166628,
            "log_kdeg_err": 0.1075179526611788,
            "log_kobs": -8.322872398747915,
            "log_kobs_err": 0.043663877944367685,
            "metadata": {
              "base": "G",
              "fmod_run_ids": [
                615,
                616,
                617,
                618,
                620,
                621
              ],
              "site": 21,
              "valtype": "modrate"
            }
          },
          "valtype": "modrate"
        },
        {
          "diagnostics": {
            "chisq": 6.670660085405227e-07,
            "covariance": {
              "matrix": [
                [
                  0.0012933381198981077,
                  -0.00019725302829926502,
                  -0.02903187353905958
                ],
                [
                  -0.00019725302829926502,
                  0.007280281125163717,
                  -0.041381860024546524
                ],
                [
                  -0.02903187353905958,
                  -0.041381860024546524,
                  1.151332912096535
                ]
              ],
              "params": [
                "log_kappa",
                "log_kdeg",
                "log_fmod_0"
              ]
            },
            "ndata": 6,
            "nfree": 3,
            "r2": 0.996210994078452,
            "reduced_chisq": 2.2235533618017424e-07,
            "status": "completed",
            "success": true,
            "time_max": 300.0,
            "time_min": 0.0
          },
          "nt_id": 251,
          "params": {
            "fmod0": 0.00041983833251025855,
            "kdeg": 0.025033382730102544,
            "kobs": 0.015347803243910491,
            "log_fmod0": -7.775640843383201,
            "log_fmod0_err": 1.0730018229698097,
            "log_kdeg": -3.6875450356423225,
            "log_kdeg_err": 0.08532456343377162,
            "log_kobs": -4.176782926336204,
            "log_kobs_err": 0.035963010439868735,
            "metadata": {
              "base": "A",
              "fmod_run_ids": [
                615,
                616,
                617,
                618,
                620,
                621
              ],
              "site": 22,
              "valtype": "modrate"
            }
          },
          "valtype": "modrate"
        },
        {
          "diagnostics": {
            "chisq": 3.8843515687236845e-07,
            "covariance": {
              "matrix": [
                [
                  0.006569362677281882,
                  -0.002985966363386286,
                  -0.02033851355048019
                ],
                [
                  -0.002985966363386286,
                  0.09497586808995911,
                  -0.009975984951476896
                ],
                [
                  -0.02033851355048019,
                  -0.009975984951476896,
                  0.08029788037607595
                ]
              ],
              "params": [
                "log_kappa",
                "log_kdeg",
                "log_fmod_0"
              ]
            },
            "ndata": 6,
            "nfree": 3,
            "r2": 0.9810353516584805,
            "reduced_chisq": 1.2947838562412282e-07,
            "status": "completed",
            "success": true,
            "time_max": 300.0,
            "time_min": 0.0
          },
          "nt_id": 252,
          "params": {
            "fmod0": 0.0012697165820544905,
            "kdeg": 0.10259204993272006,
            "kobs": 0.0050227472076125705,
            "log_fmod0": -6.668961567152991,
            "log_fmod0_err": 0.2833688062862177,
            "log_kdeg": -2.2769948352835327,
            "log_kdeg_err": 0.3081815505346793,
            "log_kobs": -5.293778242454082,
            "log_kobs_err": 0.08105160502594555,
            "metadata": {
              "base": "U",
              "fmod_run_ids": [
                615,
                616,
                617,
                618,
                620,
                621
              ],
              "site": 23,
              "valtype": "modrate"
            }
          },
          "valtype": "modrate"
        },
        {
          "diagnostics": {
            "chisq": 5.982453649198001e-07,
            "covariance": {
              "matrix": [
                [
                  0.0004922115648342754,
                  -6.882127509382577e-05,
                  -0.005066066589407194
                ],
                [
                  -6.882127509382577e-05,
                  0.002745776715615214,
                  -0.006954588692230523
                ],
                [
                  -0.005066066589407194,
                  -0.006954588692230523,
                  0.08986792354589322
                ]
              ],
              "params": [
                "log_kappa",
                "log_kdeg",
                "log_fmod_0"
              ]
            },
            "ndata": 6,
            "nfree": 3,
            "r2": 0.9985660855646735,
            "reduced_chisq": 1.9941512163993337e-07,
            "status": "completed",
            "success": true,
            "time_max": 300.0,
            "time_min": 0.0
          },
          "nt_id": 253,
          "params": {
            "fmod0": 0.0014294309416351407,
            "kdeg": 0.026200387296625056,
            "kobs": 0.023730069828469463,
            "log_fmod0": -6.550478856823103,
            "log_fmod0_err": 0.2997797917570383,
            "log_kdeg": -3.64198108601041,
            "log_kdeg_err": 0.05240015949990242,
            "log_kobs": -3.7410122659147125,
            "log_kobs_err": 0.022185841539916294,
            "metadata": {
              "base": "C",
              "fmod_run_ids": [
                615,
                616,
                617,
                618,
                620,
                621
              ],
              "site": 24,
              "valtype": "modrate"
            }
          },
          "valtype": "modrate"
        },
        {
          "diagnostics": {
            "chisq": 5.458656694371037e-08,
            "covariance": {
              "matrix": [
                [
                  0.002278712367174435,
                  -0.0008978027015660791,
                  -0.005064247537671411
                ],
                [
                  -0.0008978027015660791,
                  0.02899964382296466,
                  -0.002653171767826555
                ],
                [
                  -0.005064247537671411,
                  -0.002653171767826555,
                  0.014411609049498786
                ]
              ],
              "params": [
                "log_kappa",
                "log_kdeg",
                "log_fmod_0"
              ]
            },
            "ndata": 6,
            "nfree": 3,
            "r2": 0.9933131943101398,
            "reduced_chisq": 1.8195522314570123e-08,
            "status": "completed",
            "success": true,
            "time_max": 300.0,
            "time_min": 0.0
          },
          "nt_id": 254,
          "params": {
            "fmod0": 0.001123483084146755,
            "kdeg": 0.0961775832276001,
            "kobs": 0.0031942397918967224,
            "log_fmod0": -6.79132152284142,
            "log_fmod0_err": 0.12004836129451658,
            "log_kdeg": -2.341558971046576,
            "log_kdeg_err": 0.17029281788426856,
            "log_kobs": -5.74640615627263,
            "log_kobs_err": 0.04773586039000905,
            "metadata": {
              "base": "U",
              "fmod_run_ids": [
                615,
                616,
                617,
                618,
                620,
                621
              ],
              "site": 25,
              "valtype": "modrate"
            }
          },
          "valtype": "modrate"
        },
        {
          "diagnostics": {
            "chisq": 4.325599999999998e-08,
            "ndata": 6,
            "nfree": 3,
            "r2": 0.6295417660484657,
            "reduced_chisq": 1.441866666666666e-08,
            "status": "completed",
            "success": true,
            "time_max": 300.0,
            "time_min": 0.0
          },
          "nt_id": 255,
          "params": {
            "fmod0": 0.0005380000000000007,
            "kdeg": 3.228899892166903,
            "kobs": 0.00029704411323617765,
            "log_fmod0": -7.527651997802488,
            "log_kdeg": 1.1721414885599917,
            "log_kobs": -8.121629900776236,
            "metadata": {
              "base": "G",
              "fmod_run_ids": [
                615,
                616,
                617,
                618,
                620,
                621
              ],
              "site": 26,
              "valtype": "modrate"
            }
          },
          "valtype": "modrate"
        },
        {
          "diagnostics": {
            "chisq": 1.9791445602215118e-07,
            "covariance": {
              "matrix": [
                [
                  0.0004988234020338527,
                  -0.000221702880232904,
                  -0.006401174917267871
                ],
                [
                  -0.000221702880232904,
                  0.0030612884158537413,
                  -0.012927885451799064
                ],
                [
                  -0.006401174917267871,
                  -0.012927885451799064,
                  0.20754394308718382
                ]
              ],
              "params": [
                "log_kappa",
                "log_kdeg",
                "log_fmod_0"
              ]
            },
            "ndata": 6,
            "nfree": 3,
            "r2": 0.9985740214157899,
            "reduced_chisq": 6.597148534071706e-08,
            "status": "completed",
            "success": true,
            "time_max": 300.0,
            "time_min": 0.0
          },
          "nt_id": 256,
          "params": {
            "fmod0": 0.0005151503728149354,
            "kdeg": 0.016417512720628916,
            "kobs": 0.013895223936535656,
            "log_fmod0": -7.57105171387175,
            "log_fmod0_err": 0.45556991020828386,
            "log_kdeg": -4.109406665078133,
            "log_kdeg_err": 0.055328911211533355,
            "log_kobs": -4.276210099578159,
            "log_kobs_err": 0.02233435474854496,
            "metadata": {
              "base": "A",
              "fmod_run_ids": [
                615,
                616,
                617,
                618,
                620,
                621
              ],
              "site": 27,
              "valtype": "modrate"
            }
          },
          "valtype": "modrate"
        },
        {
          "diagnostics": {
            "chisq": 2.0673136986709348e-08,
            "covariance": {
              "matrix": [
                [
                  0.024753343764375994,
                  -0.012362250152119425,
                  -0.024429613339600496
                ],
                [
                  -0.012362250152119425,
                  0.3946082671007416,
                  -0.011516388367366124
                ],
                [
                  -0.024429613339600496,
                  -0.011516388367366124,
                  0.030670333310659395
                ]
              ],
              "params": [
                "log_kappa",
                "log_kdeg",
                "log_fmod_0"
              ]
            },
            "ndata": 6,
            "nfree": 3,
            "r2": 0.9319136903304577,
            "reduced_chisq": 6.89104566223645e-09,
            "status": "completed",
            "success": true,
            "time_max": 300.0,
            "time_min": 0.0
          },
          "nt_id": 257,
          "params": {
            "fmod0": 0.00047396773570814116,
            "kdeg": 0.10722698809204723,
            "kobs": 0.0005939100880861213,
            "log_fmod0": -7.654371306712222,
            "log_fmod0_err": 0.17512947584761224,
            "log_kdeg": -2.2328073074403116,
            "log_kdeg_err": 0.6281785312319592,
            "log_kobs": -7.42878261691713,
            "log_kobs_err": 0.15733195404740893,
            "metadata": {
              "base": "G",
              "fmod_run_ids": [
                615,
                616,
                617,
                618,
                620,
                621
              ],
              "site": 28,
              "valtype": "modrate"
            }
          },
          "valtype": "modrate"
        },
        {
          "diagnostics": {
            "chisq": 7.412424293062676e-07,
            "covariance": {
              "matrix": [
                [
                  0.0015115285155091614,
                  -0.00036444493032431754,
                  -0.005777349839515727
                ],
                [
                  -0.00036444493032431754,
                  0.00871825316744755,
                  -0.009419583586321627
                ],
                [
                  -0.005777349839515727,
                  -0.009419583586321627,
                  0.04394329852309203
                ]
              ],
              "params": [
                "log_kappa",
                "log_kdeg",
                "log_fmod_0"
              ]
            },
            "ndata": 6,
            "nfree": 3,
            "r2": 0.9955993814058873,
            "reduced_chisq": 2.4708080976875586e-07,
            "status": "completed",
            "success": true,
            "time_max": 300.0,
            "time_min": 0.0
          },
          "nt_id": 258,
          "params": {
            "fmod0": 0.0022254008214664077,
            "kdeg": 0.020820921668150093,
            "kobs": 0.015096984528439866,
            "log_fmod0": -6.107818235108717,
            "log_fmod0_err": 0.20962656922034484,
            "log_kdeg": -3.8717969483721486,
            "log_kdeg_err": 0.09337158651028454,
            "log_kobs": -4.193260255207299,
            "log_kobs_err": 0.038878381081381995,
            "metadata": {
              "base": "C",
              "fmod_run_ids": [
                615,
                616,
                617,
                618,
                620,
                621
              ],
              "site": 29,
              "valtype": "modrate"
            }
          },
          "valtype": "modrate"
        },
        {
          "diagnostics": {
            "chisq": 5.973154615254726e-07,
            "covariance": {
              "matrix": [
                [
                  0.010408243968886703,
                  -0.004780859089379851,
                  -0.034676335113516664
                ],
                [
                  -0.004780859089379851,
                  0.1520188841714866,
                  -0.016928409802650354
                ],
                [
                  -0.034676335113516664,
                  -0.016928409802650354,
                  0.14728390729821952
                ]
              ],
              "params": [
                "log_kappa",
                "log_kdeg",
                "log_fmod_0"
              ]
            },
            "ndata": 6,
            "nfree": 3,
            "r2": 0.9702849998440178,
            "reduced_chisq": 1.991051538418242e-07,
            "status": "completed",
            "success": true,
            "time_max": 300.0,
            "time_min": 0.0
          },
          "nt_id": 259,
          "params": {
            "fmod0": 0.0011625819267030836,
            "kdeg": 0.10308924572796242,
            "kobs": 0.004947582855860853,
            "log_fmod0": -6.757111948402682,
            "log_fmod0_err": 0.3837758555435966,
            "log_kdeg": -2.272160202536924,
            "log_kdeg_err": 0.38989599147912074,
            "log_kobs": -5.308856133611946,
            "log_kobs_err": 0.10202080164793209,
            "metadata": {
              "base": "U",
              "fmod_run_ids": [
                615,
                616,
                617,
                618,
                620,
                621
              ],
              "site": 31,
              "valtype": "modrate"
            }
          },
          "valtype": "modrate"
        },
        {
          "diagnostics": {
            "chisq": 4.809163488967732e-07,
            "covariance": {
              "matrix": [
                [
                  0.011941025841992208,
                  -0.004488719211270748,
                  -0.03259337338559493
                ],
                [
                  -0.004488719211270748,
                  0.14596610046894087,
                  -0.017431497181254068
                ],
                [
                  -0.03259337338559493,
                  -0.017431497181254068,
                  0.11409146422872447
                ]
              ],
              "params": [
                "log_kappa",
                "log_kdeg",
                "log_fmod_0"
              ]
            },
            "ndata": 6,
            "nfree": 3,
            "r2": 0.9659354549534533,
            "reduced_chisq": 1.6030544963225773e-07,
            "status": "completed",
            "success": true,
            "time_max": 300.0,
            "time_min": 0.0
          },
          "nt_id": 260,
          "params": {
            "fmod0": 0.0011851667430255264,
            "kdeg": 0.09409281460494462,
            "kobs": 0.00414711373580099,
            "log_fmod0": -6.737871802880019,
            "log_fmod0_err": 0.33777427999882476,
            "log_kdeg": -2.3634735944461127,
            "log_kdeg_err": 0.38205510135180876,
            "log_kobs": -5.485342672050819,
            "log_kobs_err": 0.10927500099287214,
            "metadata": {
              "base": "U",
              "fmod_run_ids": [
                615,
                616,
                617,
                618,
                620,
                621
              ],
              "site": 32,
              "valtype": "modrate"
            }
          },
          "valtype": "modrate"
        },
        {
          "diagnostics": {
            "chisq": 4.3899655081675367e-07,
            "covariance": {
              "matrix": [
                [
                  0.00033781606228076497,
                  -7.927619911718154e-05,
                  -0.0034420310962704342
                ],
                [
                  -7.927619911718154e-05,
                  0.0019273931123265388,
                  -0.0055078089405331985
                ],
                [
                  -0.0034420310962704342,
                  -0.0055078089405331985,
                  0.06896462681813068
                ]
              ],
              "params": [
                "log_kappa",
                "log_kdeg",
                "log_fmod_0"
              ]
            },
            "ndata": 6,
            "nfree": 3,
            "r2": 0.9990224764473051,
            "reduced_chisq": 1.4633218360558456e-07,
            "status": "completed",
            "success": true,
            "time_max": 300.0,
            "time_min": 0.0
          },
          "nt_id": 261,
          "params": {
            "fmod0": 0.0013697685965714927,
            "kdeg": 0.02110542562735603,
            "kobs": 0.024803058187891323,
            "log_fmod0": -6.59311346102065,
            "log_fmod0_err": 0.26261117039861553,
            "log_kdeg": -3.8582251328173625,
            "log_kdeg_err": 0.043902085512268534,
            "log_kobs": -3.6967883193858744,
            "log_kobs_err": 0.018379773183604987,
            "metadata": {
              "base": "C",
              "fmod_run_ids": [
                615,
                616,
                617,
                618,
                620,
                621
              ],
              "site": 33,
              "valtype": "modrate"
            }
          },
          "valtype": "modrate"
        },
        {
          "diagnostics": {
            "chisq": 4.526897708714685e-09,
            "covariance": {
              "matrix": [
                [
                  0.1099242997230393,
                  -0.06840408348689561,
                  -0.016323167552746657
                ],
                [
                  -0.06840408348689561,
                  0.6048634748878846,
                  -0.024134051174465456
                ],
                [
                  -0.016323167552746657,
                  -0.024134051174465456,
                  0.00569084242449558
                ]
              ],
              "params": [
                "log_kappa",
                "log_kdeg",
                "log_fmod_0"
              ]
            },
            "ndata": 5,
            "nfree": 2,
            "r2": 0.8303185409870503,
            "reduced_chisq": 2.2634488543573423e-09,
            "status": "completed",
            "success": true,
            "time_max": 300.0,
            "time_min": 0.0
          },
          "nt_id": 262,
          "params": {
            "fmod0": 0.0006205045565167224,
            "kdeg": 0.014967805110898643,
            "kobs": 0.000189832264161023,
            "log_fmod0": -7.384977610048069,
            "log_fmod0_err": 0.07543767244882083,
            "log_kdeg": -4.20185371047869,
            "log_kdeg_err": 0.7777296926875588,
            "log_kobs": -8.569369695924188,
            "log_kobs_err": 0.33154833693300184,
            "metadata": {
              "base": "G",
              "fmod_run_ids": [
                616,
                617,
                618,
                620,
                621
              ],
              "site": 34,
              "valtype": "modrate"
            }
          },
          "valtype": "modrate"
        },
        {
          "diagnostics": {
            "chisq": 1.1249480000000002e-07,
            "ndata": 6,
            "nfree": 3,
            "r2": 0.48674423397028144,
            "reduced_chisq": 3.749826666666667e-08,
            "status": "completed",
            "success": true,
            "time_max": 300.0,
            "time_min": 0.0
          },
          "nt_id": 263,
          "params": {
            "fmod0": 0.000656,
            "kdeg": 1.8063471291233124,
            "kobs": 0.0003578640257682778,
            "log_fmod0": -7.329349769020185,
            "log_kdeg": 0.5913066453419407,
            "log_kobs": -7.935357460001777,
            "metadata": {
              "base": "G",
              "fmod_run_ids": [
                615,
                616,
                617,
                618,
                620,
                621
              ],
              "site": 36,
              "valtype": "modrate"
            }
          },
          "valtype": "modrate"
        },
        {
          "diagnostics": {
            "chisq": 4.78674000666481e-07,
            "covariance": {
              "matrix": [
                [
                  0.0022132723853007965,
                  -0.0008496571041108358,
                  -0.011497149502550633
                ],
                [
                  -0.0008496571041108358,
                  0.013397053227468423,
                  -0.022001265272000664
                ],
                [
                  -0.011497149502550633,
                  -0.022001265272000664,
                  0.14086157725823722
                ]
              ],
              "params": [
                "log_kappa",
                "log_kdeg",
                "log_fmod_0"
              ]
            },
            "ndata": 6,
            "nfree": 3,
            "r2": 0.9936290312593804,
            "reduced_chisq": 1.5955800022216034e-07,
            "status": "completed",
            "success": true,
            "time_max": 300.0,
            "time_min": 0.0
          },
          "nt_id": 264,
          "params": {
            "fmod0": 0.000978793461611723,
            "kdeg": 0.017385371750593306,
            "kobs": 0.010140004671897887,
            "log_fmod0": -6.9291899064224385,
            "log_fmod0_err": 0.37531530378901046,
            "log_kdeg": -4.052126130340333,
            "log_kdeg_err": 0.11574564020933326,
            "log_kobs": -4.5912668200797695,
            "log_kobs_err": 0.047045428952245685,
            "metadata": {
              "base": "C",
              "fmod_run_ids": [
                615,
                616,
                617,
                618,
                620,
                621
              ],
              "site": 37,
              "valtype": "modrate"
            }
          },
          "valtype": "modrate"
        },
        {
          "diagnostics": {
            "chisq": 1.521530709251815e-09,
            "covariance": {
              "matrix": [
                [
                  9.097213723355801e-05,
                  -6.055630962842691e-05,
                  -0.00024744234034494624
                ],
                [
                  -6.055630962842691e-05,
                  0.002006063849631327,
                  -0.00010239531511245434
                ],
                [
                  -0.00024744234034494624,
                  -0.00010239531511245434,
                  0.0008512027127725877
                ]
              ],
              "params": [
                "log_kappa",
                "log_kdeg",
                "log_fmod_0"
              ]
            },
            "ndata": 6,
            "nfree": 3,
            "r2": 0.9997333259412884,
            "reduced_chisq": 5.071769030839383e-10,
            "status": "completed",
            "success": true,
            "time_max": 300.0,
            "time_min": 0.0
          },
          "nt_id": 265,
          "params": {
            "fmod0": 0.0007718683087208731,
            "kdeg": 0.12171797496902616,
            "kobs": 0.0026588579074753433,
            "log_fmod0": -7.166696607049153,
            "log_fmod0_err": 0.029175378536920267,
            "log_kdeg": -2.106048590889113,
            "log_kdeg_err": 0.04478910413963788,
            "log_kobs": -5.929858606481083,
            "log_kobs_err": 0.009537931496585515,
            "metadata": {
              "base": "U",
              "fmod_run_ids": [
                615,
                616,
                617,
                618,
                620,
                621
              ],
              "site": 38,
              "valtype": "modrate"
            }
          },
          "valtype": "modrate"
        },
        {
          "diagnostics": {
            "chisq": 3.4306937422592573e-07,
            "covariance": {
              "matrix": [
                [
                  0.000758728512943115,
                  -0.00027941961676838554,
                  -0.01062065391938008
                ],
                [
                  -0.00027941961676838554,
                  0.004553109028114428,
                  -0.01993311804678008
                ],
                [
                  -0.01062065391938008,
                  -0.01993311804678008,
                  0.34388887462099355
                ]
              ],
              "params": [
                "log_kappa",
                "log_kdeg",
                "log_fmod_0"
              ]
            },
            "ndata": 6,
            "nfree": 3,
            "r2": 0.9978131707927536,
            "reduced_chisq": 1.1435645807530858e-07,
            "status": "completed",
            "success": true,
            "time_max": 300.0,
            "time_min": 0.0
          },
          "nt_id": 266,
          "params": {
            "fmod0": 0.0005315076622251034,
            "kdeg": 0.01767259694035133,
            "kobs": 0.014702165546507533,
            "log_fmod0": -7.539792944058332,
            "log_fmod0_err": 0.5864203906933946,
            "log_kdeg": -4.0357400345557215,
            "log_kdeg_err": 0.06747672953036793,
            "log_kobs": -4.219760479958448,
            "log_kobs_err": 0.02754502700930088,
            "metadata": {
              "base": "C",
              "fmod_run_ids": [
                615,
                616,
                617,
                618,
                620,
                621
              ],
              "site": 39,
              "valtype": "modrate"
            }
          },
          "valtype": "modrate"
        },
        {
          "diagnostics": {
            "chisq": 1.7562536668996293e-07,
            "covariance": {
              "matrix": [
                [
                  0.004403018785135922,
                  -0.00159708599259573,
                  -0.012314085448781799
                ],
                [
                  -0.00159708599259573,
                  0.05229694481827541,
                  -0.006692281930711406
                ],
                [
                  -0.012314085448781799,
                  -0.006692281930711406,
                  0.044218838167063
                ]
              ],
              "params": [
                "log_kappa",
                "log_kdeg",
                "log_fmod_0"
              ]
            },
            "ndata": 6,
            "nfree": 3,
            "r2": 0.987156992942232,
            "reduced_chisq": 5.854178889665431e-08,
            "status": "completed",
            "success": true,
            "time_max": 300.0,
            "time_min": 0.0
          },
          "nt_id": 267,
          "params": {
            "fmod0": 0.0011504114735604316,
            "kdeg": 0.09256677209005397,
            "kobs": 0.0041281265109224365,
            "log_fmod0": -6.767635597507214,
            "log_fmod0_err": 0.2102827576551701,
            "log_kdeg": -2.379825034446669,
            "log_kdeg_err": 0.22868525273457274,
            "log_kobs": -5.489931604246702,
            "log_kobs_err": 0.06635524685460768,
            "metadata": {
              "base": "U",
              "fmod_run_ids": [
                615,
                616,
                617,
                618,
                620,
                621
              ],
              "site": 40,
              "valtype": "modrate"
            }
          },
          "valtype": "modrate"
        },
        {
          "diagnostics": {
            "chisq": 1.6276705337265182e-06,
            "covariance": {
              "matrix": [
                [
                  0.001803004280623564,
                  -0.0005484935885160937,
                  -0.01863011571052534
                ],
                [
                  -0.0005484935885160937,
                  0.010552958246857992,
                  -0.03252440276641535
                ],
                [
                  -0.01863011571052534,
                  -0.03252440276641535,
                  0.4124266070878078
                ]
              ],
              "params": [
                "log_kappa",
                "log_kdeg",
                "log_fmod_0"
              ]
            },
            "ndata": 6,
            "nfree": 3,
            "r2": 0.9948156268094982,
            "reduced_chisq": 5.425568445755061e-07,
            "status": "completed",
            "success": true,
            "time_max": 300.0,
            "time_min": 0.0
          },
          "nt_id": 268,
          "params": {
            "fmod0": 0.0010665680298447872,
