{
  "artifacts": {},
  "engine": "python_baseline",
  "engine_version": "0.1.0",
  "metadata": {
    "buffer_pH": 6.5,
    "done_by": [
      "EKC"
    ],
    "experiment_id": "ekc.01.0xx",
    "fmod_run_id": 537,
    "initial_kdeg": 0.007907975508123503,
    "initial_kdeg_source": "arrhenius:nmr:deg:dms:Schwalbe_bistris",
    "initial_log_kdeg": -4.839883470779789,
    "notes": "Baseline python engine demo using examples/nerd.sqlite",
    "outlier_specs": [
      "17:009-EKC-WT-60c-b-3-p:19_G:GAmodrate"
    ],
    "outliers_applied": 1,
    "rg_id": 17,
    "rg_label": "60_2",
    "rounds_requested": [
      "round1_free",
      "round2_global",
      "round3_constrained"
    ],
    "rt_protocol": [
      "MRT"
    ],
    "selected_site_bases": [
      "10_U",
      "11_U",
      "12_U",
      "13_U",
      "14_G",
      "15_A",
      "16_A",
      "17_U",
      "18_A",
      "19_G",
      "1_A",
      "20_U",
      "21_G",
      "22_A",
      "23_U",
      "24_U",
      "25_C",
      "26_A",
      "27_G",
      "28_G",
      "29_A",
      "2_G",
      "30_G",
      "31_G",
      "32_U",
      "33_U",
      "34_A",
      "35_A",
      "36_U",
      "3_G",
      "4_U",
      "5_U",
      "61_G",
      "62_G",
      "6_G",
      "7_A",
      "8_A",
      "9_C"
    ],
    "temperature_c": 60.0,
    "valtypes": [
      "modrate",
      "GAmodrate"
    ]
  },
  "rounds": [
    {
      "global_params": {},
      "notes": null,
      "per_nt": [
        {
          "diagnostics": {
            "reason": "Non-zero fmod values are required for a fit.",
            "status": "failed"
          },
          "nt_id": 390,
          "params": {},
          "valtype": "modrate"
        },
        {
          "diagnostics": {
            "reason": "Non-zero fmod values are required for a fit.",
            "status": "failed"
          },
          "nt_id": 391,
          "params": {},
          "valtype": "modrate"
        },
        {
          "diagnostics": {
            "reason": "Non-zero fmod values are required for a fit.",
            "status": "failed"
          },
          "nt_id": 392,
          "params": {},
          "valtype": "modrate"
        },
        {
          "diagnostics": {
            "reason": "Non-zero fmod values are required for a fit.",
            "status": "failed"
          },
          "nt_id": 393,
          "params": {},
          "valtype": "modrate"
        },
        {
          "diagnostics": {
            "chisq": 1.9819252194717097e-07,
            "covariance": {
              "matrix": [
                [
                  0.09842122197957032,
                  0.028011832081120708,
                  -0.0835617984559086
                ],
                [
                  0.028011832081120708,
                  0.5474420014618916,
                  -0.11230901851079567
                ],
                [
                  -0.0835617984559086,
                  -0.11230901851079567,
                  0.10110695581721985
                ]
              ],
              "params": [
                "log_kappa",
                "log_kdeg",
                "log_fmod_0"
              ]
            },
            "ndata": 7,
            "nfree": 4,
            "r2": 0.7206426842772324,
            "reduced_chisq": 4.954813048679274e-08,
            "status": "completed",
            "success": true,
            "time_max": 540.0,
            "time_min": 0.0
          },
          "nt_id": 394,
          "params": {
            "fmod0": 0.0006728416477870578,
            "kdeg": 0.017624525635738342,
            "kobs": 0.0007675923131039729,
            "log_fmod0": -7.304000549040871,
            "log_fmod0_err": 0.3179731998411499,
            "log_kdeg": -4.03846384493035,
            "log_kdeg_err": 0.7398932365293601,
            "log_kobs": -7.1722518080758,
            "log_kobs_err": 0.3137215676034568,
            "metadata": {
              "base": "U",
              "fmod_run_ids": [
                531,
                532,
                533,
                534,
                535,
                536,
                537
              ],
              "site": 5,
              "valtype": "modrate"
            }
          },
          "valtype": "modrate"
        },
        {
          "diagnostics": {
            "chisq": 1.4616970275049516e-08,
            "covariance": {
              "matrix": [
                [
                  0.018785964305921922,
                  0.001142556050877373,
                  -0.01758416355607203
                ],
                [
                  0.001142556050877373,
                  0.13021736333414025,
                  -0.03389519027966003
                ],
                [
                  -0.01758416355607203,
                  -0.03389519027966003,
                  0.029880794692150506
                ]
              ],
              "params": [
                "log_kappa",
                "log_kdeg",
                "log_fmod_0"
              ]
            },
            "ndata": 7,
            "nfree": 4,
            "r2": 0.9301705954642109,
            "reduced_chisq": 3.654242568762379e-09,
            "status": "completed",
            "success": true,
            "time_max": 540.0,
            "time_min": 0.0
          },
          "nt_id": 395,
          "params": {
            "fmod0": 0.0003186013439864799,
            "kdeg": 0.011058657729949318,
            "kobs": 0.00046575348674824063,
            "log_fmod0": -8.051569942083916,
            "log_fmod0_err": 0.17286062215597428,
            "log_kdeg": -4.504541652825376,
            "log_kdeg_err": 0.3608564303627417,
            "log_kobs": -7.671854062201977,
            "log_kobs_err": 0.13706189954149156,
            "metadata": {
              "base": "G",
              "fmod_run_ids": [
                531,
                532,
                533,
                534,
                535,
                536,
                537
              ],
              "site": 6,
              "valtype": "modrate"
            }
          },
          "valtype": "modrate"
        },
        {
          "diagnostics": {
            "chisq": 1.3840445558529414e-06,
            "covariance": {
              "matrix": [
                [
                  0.00035200299960844893,
                  -0.00010947408857505116,
                  -0.012902272078431665
                ],
                [
                  -0.00010947408857505116,
                  0.0027115165245831293,
                  -0.030950671421000435
                ],
                [
                  -0.012902272078431665,
                  -0.030950671421000435,
                  1.1379985532850134
                ]
              ],
              "params": [
                "log_kappa",
                "log_kdeg",
                "log_fmod_0"
              ]
            },
            "ndata": 7,
            "nfree": 4,
            "r2": 0.99866113847234,
            "reduced_chisq": 3.4601113896323534e-07,
            "status": "completed",
            "success": true,
            "time_max": 540.0,
            "time_min": 0.0
          },
          "nt_id": 396,
          "params": {
            "fmod0": 0.00048686114892476634,
            "kdeg": 0.008777357960823023,
            "kobs": 0.0346373078896954,
            "log_fmod0": -7.627531590678951,
            "log_fmod0_err": 1.0667701501659173,
            "log_kdeg": -4.735579832243104,
            "log_kdeg_err": 0.0520722241178839,
            "log_kobs": -3.3628239151181893,
            "log_kobs_err": 0.018761742978957177,
            "metadata": {
              "base": "A",
              "fmod_run_ids": [
                531,
                532,
                533,
                534,
                535,
                536,
                537
              ],
              "site": 7,
              "valtype": "modrate"
            }
          },
          "valtype": "modrate"
        },
        {
          "diagnostics": {
            "chisq": 8.81460754049254e-07,
            "covariance": {
              "matrix": [
                [
                  0.00020502287660083103,
                  -4.380836692821061e-05,
                  -0.0041302660875302405
                ],
                [
                  -4.380836692821061e-05,
                  0.0015326223215695975,
                  -0.00932807914189831
                ],
                [
                  -0.0041302660875302405,
                  -0.00932807914189831,
                  0.1850356989259718
                ]
              ],
              "params": [
                "log_kappa",
                "log_kdeg",
                "log_fmod_0"
              ]
            },
            "ndata": 7,
            "nfree": 4,
            "r2": 0.9992159826382585,
            "reduced_chisq": 2.203651885123135e-07,
            "status": "completed",
            "success": true,
            "time_max": 540.0,
            "time_min": 0.0
          },
          "nt_id": 397,
          "params": {
            "fmod0": 0.0009710015200913664,
            "kdeg": 0.009217778678379654,
            "kobs": 0.0361036886316691,
            "log_fmod0": -6.937182524183581,
            "log_fmod0_err": 0.4301577605088298,
            "log_kdeg": -4.6866211946943785,
            "log_kdeg_err": 0.03914872056108089,
            "log_kobs": -3.321360240700556,
            "log_kobs_err": 0.014318619926544283,
            "metadata": {
              "base": "A",
              "fmod_run_ids": [
                531,
                532,
                533,
                534,
                535,
                536,
                537
              ],
              "site": 8,
              "valtype": "modrate"
            }
          },
          "valtype": "modrate"
        },
        {
          "diagnostics": {
            "chisq": 6.120634209864426e-06,
            "covariance": {
              "matrix": [
                [
                  0.0009415847845241616,
                  -0.00012802756195557215,
                  -0.01964461983936833
                ],
                [
                  -0.00012802756195557215,
                  0.006793702392890187,
                  -0.04190785748271222
                ],
                [
                  -0.01964461983936833,
                  -0.04190785748271222,
                  0.8551538116667494
                ]
              ],
              "params": [
                "log_kappa",
                "log_kdeg",
                "log_fmod_0"
              ]
            },
            "ndata": 7,
            "nfree": 4,
            "r2": 0.9964296464631115,
            "reduced_chisq": 1.5301585524661065e-06,
            "status": "completed",
            "success": true,
            "time_max": 540.0,
            "time_min": 0.0
          },
          "nt_id": 398,
          "params": {
            "fmod0": 0.0011990240769514228,
            "kdeg": 0.00963173371279336,
            "kobs": 0.04467913961313718,
            "log_fmod0": -6.726247322278142,
            "log_fmod0_err": 0.9247452685289876,
            "log_kdeg": -4.642692036894867,
            "log_kdeg_err": 0.08242391881541539,
            "log_kobs": -3.108248561610748,
            "log_kobs_err": 0.030685253535275892,
            "metadata": {
              "base": "C",
              "fmod_run_ids": [
                531,
                532,
                533,
                534,
                535,
                536,
                537
              ],
              "site": 9,
              "valtype": "modrate"
            }
          },
          "valtype": "modrate"
        },
        {
          "diagnostics": {
            "chisq": 2.0431690036571507e-07,
            "covariance": {
              "matrix": [
                [
                  1.7819739553532705,
                  0.26236974252854034,
                  -0.2760755312427659
                ],
                [
                  0.26236974252854034,
                  10.18210440599558,
                  -0.24964828704767186
                ],
                [
                  -0.2760755312427659,
                  -0.24964828704767186,
                  0.05505844503799875
                ]
              ],
              "params": [
                "log_kappa",
                "log_kdeg",
                "log_fmod_0"
              ]
            },
            "ndata": 7,
            "nfree": 4,
            "r2": 0.12345598425157933,
            "reduced_chisq": 5.107922509142877e-08,
            "status": "completed",
            "success": true,
            "time_max": 540.0,
            "time_min": 0.0
          },
          "nt_id": 399,
          "params": {
            "fmod0": 0.0009561737582328769,
            "kdeg": 0.03180612163481101,
            "kobs": 0.00018678578168197522,
            "log_fmod0": -6.952570905954677,
            "log_fmod0_err": 0.2346453601458992,
            "log_kdeg": -3.4480965034832294,
            "log_kdeg_err": 3.190940990679016,
            "log_kobs": -8.585548150259292,
            "log_kobs_err": 1.3349059724764403,
            "metadata": {
              "base": "U",
              "fmod_run_ids": [
                531,
                532,
                533,
                534,
                535,
                536,
                537
              ],
              "site": 10,
              "valtype": "modrate"
            }
          },
          "valtype": "modrate"
        },
        {
          "diagnostics": {
            "chisq": 4.5680265404457533e-07,
            "covariance": {
              "matrix": [
                [
                  0.7941084971369994,
                  0.17316329106462966,
                  -0.30000755444695093
                ],
                [
                  0.17316329106462966,
                  4.299538597886305,
                  -0.3104328976416461
                ],
                [
                  -0.30000755444695093,
                  -0.3104328976416461,
                  0.14936688647872165
                ]
              ],
              "params": [
                "log_kappa",
                "log_kdeg",
                "log_fmod_0"
              ]
            },
            "ndata": 7,
            "nfree": 4,
            "r2": 0.24113037636828127,
            "reduced_chisq": 1.1420066351114383e-07,
            "status": "completed",
            "success": true,
            "time_max": 540.0,
            "time_min": 0.0
          },
          "nt_id": 400,
          "params": {
            "fmod0": 0.0008622764192944041,
            "kdeg": 0.026185194284388518,
            "kobs": 0.00041682303683559184,
            "log_fmod0": -7.0559346666695975,
            "log_fmod0_err": 0.38648012429971307,
            "log_kdeg": -3.6425611315956257,
            "log_kdeg_err": 2.073532878419415,
            "log_kobs": -7.7828487983336965,
            "log_kobs_err": 0.8911276547930713,
            "metadata": {
              "base": "U",
              "fmod_run_ids": [
                531,
                532,
                533,
                534,
                535,
                536,
                537
              ],
              "site": 11,
              "valtype": "modrate"
            }
          },
          "valtype": "modrate"
        },
        {
          "diagnostics": {
            "chisq": 4.4783079714670043e-07,
            "covariance": {
              "matrix": [
                [
                  0.325414562417178,
                  0.05654176086480866,
                  -0.1584308433696325
                ],
                [
                  0.05654176086480866,
                  1.8138289850502294,
                  -0.15020856324331552
                ],
                [
                  -0.1584308433696325,
                  -0.15020856324331552,
                  0.1000321484399799
                ]
              ],
              "params": [
                "log_kappa",
                "log_kdeg",
                "log_fmod_0"
              ]
            },
            "ndata": 7,
            "nfree": 4,
            "r2": 0.4359667504831174,
            "reduced_chisq": 1.1195769928667511e-07,
            "status": "completed",
            "success": true,
            "time_max": 540.0,
            "time_min": 0.0
          },
          "nt_id": 401,
          "params": {
            "fmod0": 0.0010481812568928011,
            "kdeg": 0.029728957976626932,
            "kobs": 0.0006467162025919942,
            "log_fmod0": -6.860698752987904,
            "log_fmod0_err": 0.31627859307891815,
            "log_kdeg": -3.5156336921448426,
            "log_kdeg_err": 1.346784683997494,
            "log_kobs": -7.3436029955624065,
            "log_kobs_err": 0.5704511919675319,
            "metadata": {
              "base": "U",
              "fmod_run_ids": [
                531,
                532,
                533,
                534,
                535,
                536,
                537
              ],
              "site": 12,
              "valtype": "modrate"
            }
          },
          "valtype": "modrate"
        },
        {
          "diagnostics": {
            "chisq": 1.810933532921239e-07,
            "covariance": {
              "matrix": [
                [
                  0.09472877897167228,
                  0.02666187433940459,
                  -0.0866352119661297
                ],
                [
                  0.02666187433940459,
                  0.5157275771282299,
                  -0.10934688793427476
                ],
                [
                  -0.0866352119661297,
                  -0.10934688793427476,
                  0.11021640336397356
                ]
              ],
              "params": [
                "log_kappa",
                "log_kdeg",
                "log_fmod_0"
              ]
            },
            "ndata": 7,
            "nfree": 4,
            "r2": 0.7282682800157281,
            "reduced_chisq": 4.5273338323030976e-08,
            "status": "completed",
            "success": true,
            "time_max": 540.0,
            "time_min": 0.0
          },
          "nt_id": 402,
          "params": {
            "fmod0": 0.00062082254011353,
            "kdeg": 0.019373039128333696,
            "kobs": 0.0007515405333111852,
            "log_fmod0": -7.384465281581823,
            "log_fmod0_err": 0.3319885590859624,
            "log_kdeg": -3.9438729151439786,
            "log_kdeg_err": 0.7181417528094505,
            "log_kobs": -7.193385413683938,
            "log_kobs_err": 0.30778040706268533,
            "metadata": {
              "base": "U",
              "fmod_run_ids": [
                531,
                532,
                533,
                534,
                535,
                536,
                537
              ],
              "site": 13,
              "valtype": "modrate"
            }
          },
          "valtype": "modrate"
        },
        {
          "diagnostics": {
            "chisq": 2.7666857142857132e-08,
            "ndata": 7,
            "nfree": 4,
            "r2": 1.1102230246251565e-16,
            "reduced_chisq": 6.916714285714283e-09,
            "status": "completed",
            "success": true,
            "time_max": 540.0,
            "time_min": 0.0
          },
          "nt_id": 403,
          "params": {
            "fmod0": 0.0015151428571643921,
            "kdeg": 2.1107929746727414e-15,
            "kobs": 2.4667353961811176e-07,
            "log_fmod0": -6.492245549308299,
            "log_kdeg": -33.79171270064393,
            "log_kobs": -15.215200076487811,
            "metadata": {
              "base": "G",
              "fmod_run_ids": [
                531,
                532,
                533,
                534,
                535,
                536,
                537
              ],
              "site": 14,
              "valtype": "modrate"
            }
          },
          "valtype": "modrate"
        },
        {
          "diagnostics": {
            "chisq": 3.437564621988486e-06,
            "covariance": {
              "matrix": [
                [
                  0.0008141196304636578,
                  -3.9838929157309646e-05,
                  -0.04293628547146951
                ],
                [
                  -3.9838929157309646e-05,
                  0.0057253050809983165,
                  -0.08698393873473594
                ],
                [
                  -0.04293628547146951,
                  -0.08698393873473594,
                  4.426240682353812
                ]
              ],
              "params": [
                "log_kappa",
                "log_kdeg",
                "log_fmod_0"
              ]
            },
            "ndata": 7,
            "nfree": 4,
            "r2": 0.9968754020156955,
            "reduced_chisq": 8.593911554971215e-07,
            "status": "completed",
            "success": true,
            "time_max": 540.0,
            "time_min": 0.0
          },
          "nt_id": 404,
          "params": {
            "fmod0": 0.00039795035014641034,
            "kdeg": 0.010190250136935664,
            "kobs": 0.03560720361368645,
            "log_fmod0": -7.829183308837416,
            "log_fmod0_err": 2.103863275584659,
            "log_kdeg": -4.5863238847538215,
            "log_kdeg_err": 0.07566574575723362,
            "log_kobs": -3.3352073128948314,
            "log_kobs_err": 0.028532781681141043,
            "metadata": {
              "base": "A",
              "fmod_run_ids": [
                531,
                532,
                533,
                534,
                535,
                536,
                537
              ],
              "site": 15,
              "valtype": "modrate"
            }
          },
          "valtype": "modrate"
        },
        {
          "diagnostics": {
            "chisq": 1.0018650833346625e-06,
            "covariance": {
              "matrix": [
                [
                  0.0003244967124222556,
                  -1.551823088564296e-05,
                  -0.009656616537337575
                ],
                [
                  -1.551823088564296e-05,
                  0.002293948542545101,
                  -0.019644207818806797
                ],
                [
                  -0.009656616537337575,
                  -0.019644207818806797,
                  0.5621843084087166
                ]
              ],
              "params": [
                "log_kappa",
                "log_kdeg",
                "log_fmod_0"
              ]
            },
            "ndata": 7,
            "nfree": 4,
            "r2": 0.9987451005151002,
            "reduced_chisq": 2.504662708336656e-07,
            "status": "completed",
            "success": true,
            "time_max": 540.0,
            "time_min": 0.0
          },
          "nt_id": 405,
          "params": {
            "fmod0": 0.0006025849080487412,
            "kdeg": 0.010194788442753415,
            "kobs": 0.030275671399659587,
            "log_fmod0": -7.414281976306654,
            "log_fmod0_err": 0.7497895094016164,
            "log_kdeg": -4.5858786262496505,
            "log_kdeg_err": 0.0478951828741169,
            "log_kobs": -3.4974108130866646,
            "log_kobs_err": 0.018013792283199437,
            "metadata": {
              "base": "A",
              "fmod_run_ids": [
                531,
                532,
                533,
                534,
                535,
                536,
                537
              ],
              "site": 16,
              "valtype": "modrate"
            }
          },
          "valtype": "modrate"
        },
        {
          "diagnostics": {
            "chisq": 1.3869377027332255e-07,
            "covariance": {
              "matrix": [
                [
                  0.06021895964859559,
                  0.017142874636377738,
                  -0.06898245281243726
                ],
                [
                  0.017142874636377738,
                  0.33450588937607395,
                  -0.09241609875696559
                ],
                [
                  -0.06898245281243726,
                  -0.09241609875696559,
                  0.11246619001040654
                ]
              ],
              "params": [
                "log_kappa",
                "log_kdeg",
                "log_fmod_0"
              ]
            },
            "ndata": 7,
            "nfree": 4,
            "r2": 0.8082986781288648,
            "reduced_chisq": 3.467344256833064e-08,
            "status": "completed",
            "success": true,
            "time_max": 540.0,
            "time_min": 0.0
          },
          "nt_id": 406,
          "params": {
            "fmod0": 0.0005339078256760746,
            "kdeg": 0.017706565589760363,
            "kobs": 0.0008211589574039469,
            "log_fmod0": -7.535287344996582,
            "log_fmod0_err": 0.3353597918809089,
            "log_kdeg": -4.0338197709079795,
            "log_kdeg_err": 0.5783648410614826,
            "log_kobs": -7.104793852875167,
            "log_kobs_err": 0.24539551676547716,
            "metadata": {
              "base": "U",
              "fmod_run_ids": [
                531,
                532,
                533,
                534,
                535,
                536,
                537
              ],
              "site": 17,
              "valtype": "modrate"
            }
          },
          "valtype": "modrate"
        },
        {
          "diagnostics": {
            "chisq": 2.3273838869212116e-06,
            "covariance": {
              "matrix": [
                [
                  0.0006499020474083933,
                  -0.00011019664917840828,
                  -0.013063831722242406
                ],
                [
                  -0.00011019664917840828,
                  0.0048035065569460595,
                  -0.028775310406034486
                ],
                [
                  -0.013063831722242406,
                  -0.028775310406034486,
                  0.5644769842318063
                ]
              ],
              "params": [
                "log_kappa",
                "log_kdeg",
                "log_fmod_0"
              ]
            },
            "ndata": 7,
            "nfree": 4,
            "r2": 0.9975049476987932,
            "reduced_chisq": 5.818459717303029e-07,
            "status": "completed",
            "success": true,
            "time_max": 540.0,
            "time_min": 0.0
          },
          "nt_id": 407,
          "params": {
            "fmod0": 0.0009064501846234234,
            "kdeg": 0.009445529487972422,
            "kobs": 0.03278089570402106,
            "log_fmod0": -7.005974482811169,
            "log_fmod0_err": 0.7513168334543066,
            "log_kdeg": -4.662213719465256,
            "log_kdeg_err": 0.06930733407761447,
            "log_kobs": -3.417909381328935,
            "log_kobs_err": 0.025493176487216992,
            "metadata": {
              "base": "A",
              "fmod_run_ids": [
                531,
                532,
                533,
                534,
                535,
                536,
                537
              ],
              "site": 18,
              "valtype": "modrate"
            }
          },
          "valtype": "modrate"
        },
        {
          "diagnostics": {
            "chisq": 4.877422765855264e-08,
            "covariance": {
              "matrix": [
                [
                  0.0341239341389376,
                  -0.010405360415694336,
                  -0.02583167194540924
                ],
                [
                  -0.010405360415694336,
                  0.27099885492984144,
                  -0.06337018316125502
                ],
                [
                  -0.02583167194540924,
                  -0.06337018316125502,
                  0.04719507847611081
                ]
              ],
              "params": [
                "log_kappa",
                "log_kdeg",
                "log_fmod_0"
              ]
            },
            "ndata": 7,
            "nfree": 4,
            "r2": 0.8812004008439129,
            "reduced_chisq": 1.219355691463816e-08,
            "status": "completed",
            "success": true,
            "time_max": 540.0,
            "time_min": 0.0
          },
          "nt_id": 408,
          "params": {
            "fmod0": 0.0004477558943277205,
            "kdeg": 0.008830678075014161,
            "kobs": 0.0006368376714266657,
            "log_fmod0": -7.711262352782418,
            "log_fmod0_err": 0.21724428295380022,
            "log_kdeg": -4.729523475127303,
            "log_kdeg_err": 0.5205755035821811,
            "log_kobs": -7.35899576779271,
            "log_kobs_err": 0.18472664707328393,
            "metadata": {
              "base": "G",
              "fmod_run_ids": [
                531,
                532,
                533,
                534,
                535,
                536,
                537
              ],
              "site": 19,
              "valtype": "modrate"
            }
          },
          "valtype": "modrate"
        },
        {
          "diagnostics": {
            "chisq": 6.81477958636985e-07,
            "covariance": {
              "matrix": [
                [
                  0.3420708272286227,
                  0.09544989309512056,
                  -0.23627400478362448
                ],
                [
                  0.09544989309512056,
                  1.854666240968801,
                  -0.29341975747206034
                ],
                [
                  -0.23627400478362448,
                  -0.29341975747206034,
                  0.22574982438050778
                ]
              ],
              "params": [
                "log_kappa",
                "log_kdeg",
                "log_fmod_0"
              ]
            },
            "ndata": 7,
            "nfree": 4,
            "r2": 0.42596499356707496,
            "reduced_chisq": 1.7036948965924625e-07,
            "status": "completed",
            "success": true,
            "time_max": 540.0,
            "time_min": 0.0
          },
          "nt_id": 409,
          "params": {
            "fmod0": 0.0008430577455825013,
            "kdeg": 0.019856296467872025,
            "kobs": 0.0007681179974125419,
            "log_fmod0": -7.078475102210577,
            "log_fmod0_err": 0.4751313759167119,
            "log_kdeg": -3.9192341197352976,
            "log_kdeg_err": 1.3618613148807779,
            "log_kobs": -7.171567194154149,
            "log_kobs_err": 0.5848682135563726,
            "metadata": {
              "base": "U",
              "fmod_run_ids": [
                531,
                532,
                533,
                534,
                535,
                536,
                537
              ],
              "site": 20,
              "valtype": "modrate"
            }
          },
          "valtype": "modrate"
        },
        {
          "diagnostics": {
            "chisq": 1.4931030424861757e-08,
            "covariance": {
              "matrix": [
                [
                  0.007692121969234284,
                  0.0014164592848597893,
                  -0.006656246508474219
                ],
                [
                  0.0014164592848597893,
                  0.04917868375552118,
                  -0.011382246014068424
                ],
                [
                  -0.006656246508474219,
                  -0.011382246014068424,
                  0.00943380747919612
                ]
              ],
              "params": [
                "log_kappa",
                "log_kdeg",
                "log_fmod_0"
              ]
            },
            "ndata": 7,
            "nfree": 4,
            "r2": 0.9703244036403171,
            "reduced_chisq": 3.732757606215439e-09,
            "status": "completed",
            "success": true,
            "time_max": 540.0,
            "time_min": 0.0
          },
          "nt_id": 410,
          "params": {
            "fmod0": 0.0005836629459586341,
            "kdeg": 0.01268502652662043,
            "kobs": 0.0007395841824766265,
            "log_fmod0": -7.446186889080784,
            "log_fmod0_err": 0.09712778942813492,
            "log_kdeg": -4.3673329947529105,
            "log_kdeg_err": 0.22176267439657463,
            "log_kobs": -7.2094224452719065,
            "log_kobs_err": 0.08770474313989116,
            "metadata": {
              "base": "G",
              "fmod_run_ids": [
                531,
                532,
                533,
                534,
                535,
                536,
                537
              ],
              "site": 21,
              "valtype": "modrate"
            }
          },
          "valtype": "modrate"
        },
        {
          "diagnostics": {
            "chisq": 3.3998915822275707e-06,
            "covariance": {
              "matrix": [
                [
                  0.000673850004360311,
                  -4.4176681619317946e-05,
                  -0.012616267634350845
                ],
                [
                  -4.4176681619317946e-05,
                  0.004755366760705255,
                  -0.025780643739349057
                ],
                [
                  -0.012616267634350845,
                  -0.025780643739349057,
                  0.46722750234537547
                ]
              ],
              "params": [
                "log_kappa",
                "log_kdeg",
                "log_fmod_0"
              ]
            },
            "ndata": 7,
            "nfree": 4,
            "r2": 0.9974224599954905,
            "reduced_chisq": 8.499728955568927e-07,
            "status": "completed",
            "success": true,
            "time_max": 540.0,
            "time_min": 0.0
          },
          "nt_id": 411,
          "params": {
            "fmod0": 0.0012164796287597146,
            "kdeg": 0.010075556962849425,
            "kobs": 0.03907393235909587,
            "log_fmod0": -6.711794141660017,
            "log_fmod0_err": 0.683540417492174,
            "log_kdeg": -4.597642891004966,
            "log_kdeg_err": 0.06895916734347403,
            "log_kobs": -3.2422997259117023,
            "log_kobs_err": 0.025958621002670983,
            "metadata": {
              "base": "A",
              "fmod_run_ids": [
                531,
                532,
                533,
                534,
                535,
                536,
                537
              ],
              "site": 22,
              "valtype": "modrate"
            }
          },
          "valtype": "modrate"
        },
        {
          "diagnostics": {
            "chisq": 5.937979956811083e-07,
            "covariance": {
              "matrix": [
                [
                  0.6272755116151593,
                  0.17747969183412485,
                  -0.19118518915259164
                ],
                [
                  0.17747969183412485,
                  3.42724123472842,
                  -0.244206190903558
                ],
                [
                  -0.19118518915259164,
                  -0.244206190903558,
                  0.08140035054968518
                ]
              ],
              "params": [
                "log_kappa",
                "log_kdeg",
                "log_fmod_0"
              ]
            },
            "ndata": 7,
            "nfree": 4,
            "r2": 0.28805589758635,
            "reduced_chisq": 1.4844949892027707e-07,
            "status": "completed",
            "success": true,
            "time_max": 540.0,
            "time_min": 0.0
          },
          "nt_id": 412,
          "params": {
            "fmod0": 0.001306348891046624,
            "kdeg": 0.019027300391881028,
            "kobs": 0.0005282024290125157,
            "log_fmod0": -6.640519139052311,
            "log_fmod0_err": 0.2853074666910861,
            "log_kdeg": -3.961880468384597,
            "log_kdeg_err": 1.8512809713083587,
            "log_kobs": -7.546030959451241,
            "log_kobs_err": 0.7920072674004698,
            "metadata": {
              "base": "U",
              "fmod_run_ids": [
                531,
                532,
                533,
                534,
                535,
                536,
                537
              ],
              "site": 23,
              "valtype": "modrate"
            }
          },
          "valtype": "modrate"
        },
        {
          "diagnostics": {
            "chisq": 8.457076825520319e-07,
            "covariance": {
              "matrix": [
                [
                  0.4189873014217936,
                  0.11767271262513837,
                  -0.228575061606831
                ],
                [
                  0.11767271262513837,
                  2.2783566371495243,
                  -0.28722770695515837
                ],
                [
                  -0.228575061606831,
                  -0.28722770695515837,
                  0.17319158886235064
                ]
              ],
              "params": [
                "log_kappa",
                "log_kdeg",
                "log_fmod_0"
              ]
            },
            "ndata": 7,
            "nfree": 4,
            "r2": 0.3773078940026474,
            "reduced_chisq": 2.1142692063800799e-07,
            "status": "completed",
            "success": true,
            "time_max": 540.0,
            "time_min": 0.0
          },
          "nt_id": 413,
          "params": {
            "fmod0": 0.0010708098352232415,
            "kdeg": 0.019502687921438323,
            "kobs": 0.0007724952972599881,
            "log_fmod0": -6.8393400614300734,
            "log_fmod0_err": 0.4161629354740168,
            "log_kdeg": -3.9372029807867466,
            "log_kdeg_err": 1.5094226171452196,
            "log_kobs": -7.165884636900239,
            "log_kobs_err": 0.647292284383024,
            "metadata": {
              "base": "U",
              "fmod_run_ids": [
                531,
                532,
                533,
                534,
                535,
                536,
                537
              ],
              "site": 24,
              "valtype": "modrate"
            }
          },
          "valtype": "modrate"
        },
        {
          "diagnostics": {
            "chisq": 4.457596794480962e-06,
            "covariance": {
              "matrix": [
                [
                  0.0006855730353556901,
                  -5.5630128128946554e-05,
                  -0.02023920911657511
                ],
                [
                  -5.5630128128946554e-05,
                  0.004841325503717528,
                  -0.04160095959293848
                ],
                [
                  -0.02023920911657511,
                  -0.04160095959293848,
                  1.1942558025258576
                ]
              ],
              "params": [
                "log_kappa",
                "log_kdeg",
                "log_fmod_0"
              ]
            },
            "ndata": 7,
            "nfree": 4,
            "r2": 0.9973940899150975,
            "reduced_chisq": 1.1143991986202404e-06,
            "status": "completed",
            "success": true,
            "time_max": 540.0,
            "time_min": 0.0
