{
  "artifacts": {},
  "engine": "python_baseline",
  "engine_version": "0.1.0",
  "metadata": {
    "buffer_pH": 6.4,
    "done_by": [
      "EKC"
    ],
    "experiment_id": "ekc.01.0xx",
    "fmod_run_id": 129,
    "initial_kdeg": 0.00019988273628914496,
    "initial_kdeg_source": "arrhenius:nmr:deg:dms:Schwalbe_bistris",
    "initial_log_kdeg": -8.517779681922452,
    "notes": "Baseline python engine demo using examples/nerd.sqlite",
    "outlier_specs": [
      "100:066-HIV-UUCG-ES-25c-b-6-m:34_G:modrate"
    ],
    "outliers_applied": 1,
    "rg_id": 100,
    "rg_label": "25_2_13",
    "rounds_requested": [
      "round1_free",
      "round2_global",
      "round3_constrained"
    ],
    "rt_protocol": [
      "MRT"
    ],
    "selected_site_bases": [
      "17_G",
      "18_G",
      "19_C",
      "1_U",
      "20_A",
      "21_G",
      "22_A",
      "23_U",
      "24_C",
      "25_U",
      "26_G",
      "27_A",
      "28_G",
      "29_C",
      "2_A",
      "30_C",
      "33_G",
      "34_G",
      "35_A",
      "36_G",
      "37_C",
      "38_U",
      "39_C",
      "3_A",
      "40_U",
      "41_C",
      "42_U",
      "43_G",
      "44_C",
      "45_C",
      "51_U",
      "52_U",
      "53_C",
      "54_G",
      "61_A",
      "62_A"
    ],
    "temperature_c": 25.0,
    "valtypes": [
      "modrate",
      "GAmodrate"
    ]
  },
  "rounds": [
    {
      "global_params": {},
      "notes": null,
      "per_nt": [
        {
          "diagnostics": {
            "reason": "Non-zero fmod values are required for a fit.",
            "status": "failed"
          },
          "nt_id": 167,
          "params": {},
          "valtype": "modrate"
        },
        {
          "diagnostics": {
            "reason": "Non-zero fmod values are required for a fit.",
            "status": "failed"
          },
          "nt_id": 168,
          "params": {},
          "valtype": "modrate"
        },
        {
          "diagnostics": {
            "reason": "Non-zero fmod values are required for a fit.",
            "status": "failed"
          },
          "nt_id": 169,
          "params": {},
          "valtype": "modrate"
        },
        {
          "diagnostics": {
            "reason": "Non-zero fmod values are required for a fit.",
            "status": "failed"
          },
          "nt_id": 170,
          "params": {},
          "valtype": "modrate"
        },
        {
          "diagnostics": {
            "chisq": 5.616391683622264e-07,
            "covariance": {
              "matrix": [
                [
                  43274129275.18529,
                  -43270593980.52763,
                  -2153.012557320445
                ],
                [
                  -43270593980.52763,
                  43267058974.75948,
                  2152.777340908865
                ],
                [
                  -2153.012557320445,
                  2152.777340908865,
                  0.08462270900969261
                ]
              ],
              "params": [
                "log_kappa",
                "log_kdeg",
                "log_fmod_0"
              ]
            },
            "ndata": 6,
            "nfree": 3,
            "r2": 0.8218129118373121,
            "reduced_chisq": 1.8721305612074213e-07,
            "status": "completed",
            "success": true,
            "time_max": 27000.0,
            "time_min": 900.0
          },
          "nt_id": 171,
          "params": {
            "fmod0": 0.0009321468246498533,
            "kdeg": 1.0104933337889023e-11,
            "kobs": 6974.727573312255,
            "log_fmod0": -6.978020218508407,
            "log_fmod0_err": 0.29089982641743295,
            "log_kdeg": -25.317997362037918,
            "log_kdeg_err": 208007.35317473632,
            "log_kobs": 8.850048548337158,
            "log_kobs_err": 208024.34779415914,
            "metadata": {
              "base": "G",
              "fmod_run_ids": [
                128,
                129,
                130,
                131,
                132,
                133
              ],
              "site": 18,
              "valtype": "modrate"
            }
          },
          "valtype": "modrate"
        },
        {
          "diagnostics": {
            "chisq": 1.4681053638406828e-06,
            "covariance": {
              "matrix": [
                [
                  22295765.809219413,
                  -22293738.05204049,
                  -102.93378040083249
                ],
                [
                  -22293738.05204049,
                  22291710.571326237,
                  102.88436255435309
                ],
                [
                  -102.93378040083249,
                  102.88436255435309,
                  0.03077757156732816
                ]
              ],
              "params": [
                "log_kappa",
                "log_kdeg",
                "log_fmod_0"
              ]
            },
            "ndata": 6,
            "nfree": 3,
            "r2": 0.7840547502769457,
            "reduced_chisq": 4.89368454613561e-07,
            "status": "completed",
            "success": true,
            "time_max": 27000.0,
            "time_min": 900.0
          },
          "nt_id": 172,
          "params": {
            "fmod0": 0.002517283109575442,
            "kdeg": 2.6475415676757776e-13,
            "kobs": 382043.6596703799,
            "log_fmod0": -5.984575090181084,
            "log_fmod0_err": 0.17543537718296204,
            "log_kdeg": -28.95997470982503,
            "log_kdeg_err": 4721.409807602623,
            "log_kobs": 12.853290173388679,
            "log_kobs_err": 4721.839240086369,
            "metadata": {
              "base": "C",
              "fmod_run_ids": [
                128,
                129,
                130,
                131,
                132,
                133
              ],
              "site": 19,
              "valtype": "modrate"
            }
          },
          "valtype": "modrate"
        },
        {
          "diagnostics": {
            "chisq": 1.648327314563139e-06,
            "covariance": {
              "matrix": [
                [
                  0.023053953073216612,
                  0.0208392298332509,
                  -0.1011632321192839
                ],
                [
                  0.0208392298332509,
                  0.11743269328420872,
                  -0.19071595881076495
                ],
                [
                  -0.1011632321192839,
                  -0.19071595881076495,
                  0.5857488899976124
                ]
              ],
              "params": [
                "log_kappa",
                "log_kdeg",
                "log_fmod_0"
              ]
            },
            "ndata": 6,
            "nfree": 3,
            "r2": 0.9455769296439813,
            "reduced_chisq": 5.49442438187713e-07,
            "status": "completed",
            "success": true,
            "time_max": 27000.0,
            "time_min": 900.0
          },
          "nt_id": 173,
          "params": {
            "fmod0": 0.0014784788437931908,
            "kdeg": 0.00021374701729800496,
            "kobs": 0.007418399342761043,
            "log_fmod0": -6.516741528011056,
            "log_fmod0_err": 0.7653423351661741,
            "log_kdeg": -8.450717404406145,
            "log_kdeg_err": 0.34268453902125307,
            "log_kobs": -4.903791967074045,
            "log_kobs_err": 0.15183528270206703,
            "metadata": {
              "base": "A",
              "fmod_run_ids": [
                128,
                129,
                130,
                131,
                132,
                133
              ],
              "site": 20,
              "valtype": "modrate"
            }
          },
          "valtype": "modrate"
        },
        {
          "diagnostics": {
            "chisq": 1.1742231653782681e-07,
            "covariance": {
              "matrix": [
                [
                  161085518127.3576,
                  -161071977892.11404,
                  35694.68802652354
                ],
                [
                  -161071977892.11404,
                  161058438795.05984,
                  -35691.71605145103
                ],
                [
                  35694.68802652354,
                  -35691.71605145103,
                  0.03665588710374072
                ]
              ],
              "params": [
                "log_kappa",
                "log_kdeg",
                "log_fmod_0"
              ]
            },
            "ndata": 6,
            "nfree": 3,
            "r2": 0.8725232524444755,
            "reduced_chisq": 3.91407721792756e-08,
            "status": "completed",
            "success": true,
            "time_max": 27000.0,
            "time_min": 900.0
          },
          "nt_id": 174,
          "params": {
            "fmod0": 0.0007306986935178359,
            "kdeg": 8.031269279697136e-11,
            "kobs": 488.6331458294708,
            "log_fmod0": -7.221509367155787,
            "log_fmod0_err": 0.19145727226653136,
            "log_kdeg": -23.245093440257033,
            "log_kdeg_err": 401320.8676297058,
            "log_kobs": 6.191611994896587,
            "log_kobs_err": 401354.60396930494,
            "metadata": {
              "base": "G",
              "fmod_run_ids": [
                128,
                129,
                130,
                131,
                132,
                133
              ],
              "site": 21,
              "valtype": "modrate"
            }
          },
          "valtype": "modrate"
        },
        {
          "diagnostics": {
            "chisq": 7.452135511906067e-06,
            "covariance": {
              "matrix": [
                [
                  0.02493190338597012,
                  0.01476360936339118,
                  -0.06814284899388444
                ],
                [
                  0.01476360936339118,
                  0.16930836114459014,
                  -0.16522841869552876
                ],
                [
                  -0.06814284899388444,
                  -0.16522841869552876,
                  0.31114014000326473
                ]
              ],
              "params": [
                "log_kappa",
                "log_kdeg",
                "log_fmod_0"
              ]
            },
            "ndata": 6,
            "nfree": 3,
            "r2": 0.9347429134033959,
            "reduced_chisq": 2.4840451706353556e-06,
            "status": "completed",
            "success": true,
            "time_max": 27000.0,
            "time_min": 900.0
          },
          "nt_id": 175,
          "params": {
            "fmod0": 0.0038609140311236857,
            "kdeg": 0.00016252836638933434,
            "kobs": 0.013861057024146152,
            "log_fmod0": -5.556851327909159,
            "log_fmod0_err": 0.5577993725375323,
            "log_kdeg": -8.72465800903282,
            "log_kdeg_err": 0.4114709724204007,
            "log_kobs": -4.27867202375995,
            "log_kobs_err": 0.1578983957675635,
            "metadata": {
              "base": "A",
              "fmod_run_ids": [
                128,
                129,
                130,
                131,
                132,
                133
              ],
              "site": 22,
              "valtype": "modrate"
            }
          },
          "valtype": "modrate"
        },
        {
          "diagnostics": {
            "chisq": 9.776822267353627e-07,
            "covariance": {
              "matrix": [
                [
                  0.34311521305282117,
                  0.32986968757175267,
                  -0.08776757870802844
                ],
                [
                  0.32986968757175267,
                  1.6351159538214808,
                  -0.15762845624925825
                ],
                [
                  -0.08776757870802844,
                  -0.15762845624925825,
                  0.028399603288568272
                ]
              ],
              "params": [
                "log_kappa",
                "log_kdeg",
                "log_fmod_0"
              ]
            },
            "ndata": 6,
            "nfree": 3,
            "r2": 0.546991272931779,
            "reduced_chisq": 3.2589407557845423e-07,
            "status": "completed",
            "success": true,
            "time_max": 27000.0,
            "time_min": 900.0
          },
          "nt_id": 176,
          "params": {
            "fmod0": 0.005377641900355254,
            "kdeg": 0.00023281913175426732,
            "kobs": 0.0015251627264142758,
            "log_fmod0": -5.225505309377839,
            "log_fmod0_err": 0.16852181843478983,
            "log_kdeg": -8.36524866440864,
            "log_kdeg_err": 1.2787165259827844,
            "log_kobs": -6.485654168769999,
            "log_kobs_err": 0.5857603716988895,
            "metadata": {
              "base": "U",
              "fmod_run_ids": [
                128,
                129,
                130,
                131,
                132,
                133
              ],
              "site": 23,
              "valtype": "modrate"
            }
          },
          "valtype": "modrate"
        },
        {
          "diagnostics": {
            "chisq": 5.758742930757725e-06,
            "covariance": {
              "matrix": [
                [
                  0.006638185475301671,
                  0.006187973398640199,
                  -0.0504599566125477
                ],
                [
                  0.006187973398640199,
                  0.031508571138398236,
                  -0.09066398489443749
                ],
                [
                  -0.0504599566125477,
                  -0.09066398489443749,
                  0.4904566878754542
                ]
              ],
              "params": [
                "log_kappa",
                "log_kdeg",
                "log_fmod_0"
              ]
            },
            "ndata": 6,
            "nfree": 3,
            "r2": 0.9845022623237272,
            "reduced_chisq": 1.919580976919242e-06,
            "status": "completed",
            "success": true,
            "time_max": 27000.0,
            "time_min": 900.0
          },
          "nt_id": 177,
          "params": {
            "fmod0": 0.003116106275758788,
            "kdeg": 0.00022544100609113606,
            "kobs": 0.027099301883381093,
            "log_fmod0": -5.771171045085803,
            "log_fmod0_err": 0.7003261296535024,
            "log_kdeg": -8.397452047034934,
            "log_kdeg_err": 0.17750653829760255,
            "log_kobs": -3.608247312189141,
            "log_kobs_err": 0.08147506044981906,
            "metadata": {
              "base": "C",
              "fmod_run_ids": [
                128,
                129,
                130,
                131,
                132,
                133
              ],
              "site": 24,
              "valtype": "modrate"
            }
          },
          "valtype": "modrate"
        },
        {
          "diagnostics": {
            "chisq": 6.725414746484127e-07,
            "covariance": {
              "matrix": [
                [
                  0.1917505040211599,
                  0.13485186145609968,
                  -0.06698551397950246
                ],
                [
                  0.13485186145609968,
                  1.2148368391473163,
                  -0.1511499874392473
                ],
                [
                  -0.06698551397950246,
                  -0.1511499874392473,
                  0.03614522106287457
                ]
              ],
              "params": [
                "log_kappa",
                "log_kdeg",
                "log_fmod_0"
              ]
            },
            "ndata": 6,
            "nfree": 3,
            "r2": 0.6538336355940984,
            "reduced_chisq": 2.241804915494709e-07,
            "status": "completed",
            "success": true,
            "time_max": 27000.0,
            "time_min": 900.0
          },
          "nt_id": 178,
          "params": {
            "fmod0": 0.0034830012042106223,
            "kdeg": 0.00017434523711977925,
            "kobs": 0.0015115835065032752,
            "log_fmod0": -5.659860941858849,
            "log_fmod0_err": 0.19011896555282057,
            "log_kdeg": -8.654473103140738,
            "log_kdeg_err": 1.1021963705017888,
            "log_kobs": -6.494597497832356,
            "log_kobs_err": 0.4378932564234803,
            "metadata": {
              "base": "U",
              "fmod_run_ids": [
                128,
                129,
                130,
                131,
                132,
                133
              ],
              "site": 25,
              "valtype": "modrate"
            }
          },
          "valtype": "modrate"
        },
        {
          "diagnostics": {
            "chisq": 3.13954963705873e-08,
            "covariance": {
              "matrix": [
                [
                  0.014506553324430653,
                  0.008984360704333725,
                  -0.020273032038828454
                ],
                [
                  0.008984360704333725,
                  0.09809749462859187,
                  -0.04871417049687925
                ],
                [
                  -0.020273032038828454,
                  -0.04871417049687925,
                  0.04660039084290037
                ]
              ],
              "params": [
                "log_kappa",
                "log_kdeg",
                "log_fmod_0"
              ]
            },
            "ndata": 6,
            "nfree": 3,
            "r2": 0.9606163838388762,
            "reduced_chisq": 1.0465165456862433e-08,
            "status": "completed",
            "success": true,
            "time_max": 27000.0,
            "time_min": 900.0
          },
          "nt_id": 179,
          "params": {
            "fmod0": 0.0006491150931365577,
            "kdeg": 0.00016508541403863997,
            "kobs": 0.0011669390613089088,
            "log_fmod0": -7.339900517789457,
            "log_fmod0_err": 0.21587123671971764,
            "log_kdeg": -8.709047557163602,
            "log_kdeg_err": 0.313205195724132,
            "log_kobs": -6.753371145285432,
            "log_kobs_err": 0.12044315391266808,
            "metadata": {
              "base": "G",
              "fmod_run_ids": [
                128,
                129,
                130,
                131,
                132,
                133
              ],
              "site": 26,
              "valtype": "modrate"
            }
          },
          "valtype": "modrate"
        },
        {
          "diagnostics": {
            "chisq": 3.177771374875149e-08,
            "covariance": {
              "matrix": [
                [
                  0.0003229865801867721,
                  0.0003240725747514878,
                  -0.002200865787225697
                ],
                [
                  0.0003240725747514878,
                  0.0014302849477509847,
                  -0.003769162882555368
                ],
                [
                  -0.002200865787225697,
                  -0.003769162882555368,
                  0.01830814407923388
                ]
              ],
              "params": [
                "log_kappa",
                "log_kdeg",
                "log_fmod_0"
              ]
            },
            "ndata": 6,
            "nfree": 3,
            "r2": 0.9992605057022067,
            "reduced_chisq": 1.059257124958383e-08,
            "status": "completed",
            "success": true,
            "time_max": 27000.0,
            "time_min": 900.0
          },
          "nt_id": 180,
          "params": {
            "fmod0": 0.0012630566401515776,
            "kdeg": 0.00025276390653055525,
            "kobs": 0.009407140353440003,
            "log_fmod0": -6.674220590893608,
            "log_fmod0_err": 0.13530759061942488,
            "log_kdeg": -8.283054680684883,
            "log_kdeg_err": 0.03781910823579774,
            "log_kobs": -4.666286265997322,
            "log_kobs_err": 0.01797182740254235,
            "metadata": {
              "base": "A",
              "fmod_run_ids": [
                128,
                129,
                130,
                131,
                132,
                133
              ],
              "site": 27,
              "valtype": "modrate"
            }
          },
          "valtype": "modrate"
        },
        {
          "diagnostics": {
            "chisq": 5.555579011185201e-08,
            "covariance": {
              "matrix": [
                [
                  0.07068136450097502,
                  0.0653377715223532,
                  -0.05556620447466902
                ],
                [
                  0.0653377715223532,
                  0.3544670199419642,
                  -0.10345164551704285
                ],
                [
                  -0.05556620447466902,
                  -0.10345164551704285,
                  0.05689478213140768
                ]
              ],
              "params": [
                "log_kappa",
                "log_kdeg",
                "log_fmod_0"
              ]
            },
            "ndata": 6,
            "nfree": 3,
            "r2": 0.8505129518748906,
            "reduced_chisq": 1.8518596703950668e-08,
            "status": "completed",
            "success": true,
            "time_max": 27000.0,
            "time_min": 900.0
          },
          "nt_id": 181,
          "params": {
            "fmod0": 0.0008799403191870713,
            "kdeg": 0.00021941810039040474,
            "kobs": 0.0007798917495562782,
            "log_fmod0": -7.035656471897442,
            "log_fmod0_err": 0.23852627136524748,
            "log_kdeg": -8.424531514025563,
            "log_kdeg_err": 0.5953713294591572,
            "log_kobs": -7.156355430531992,
            "log_kobs_err": 0.26585967069297106,
            "metadata": {
              "base": "G",
              "fmod_run_ids": [
                128,
                129,
                130,
                131,
                132,
                133
              ],
              "site": 28,
              "valtype": "modrate"
            }
          },
          "valtype": "modrate"
        },
        {
          "diagnostics": {
            "chisq": 5.4726243387123866e-08,
            "covariance": {
              "matrix": [
                [
                  0.3575738409460381,
                  0.34068766858953176,
                  -0.05322958906326181
                ],
                [
                  0.34068766858953176,
                  1.7277892954442404,
                  -0.09650563666059614
                ],
                [
                  -0.05322958906326181,
                  -0.09650563666059614,
                  0.010096340503156756
                ]
              ],
              "params": [
                "log_kappa",
                "log_kdeg",
                "log_fmod_0"
              ]
            },
            "ndata": 6,
            "nfree": 3,
            "r2": 0.534503566353541,
            "reduced_chisq": 1.824208112904129e-08,
            "status": "completed",
            "success": true,
            "time_max": 27000.0,
            "time_min": 900.0
          },
          "nt_id": 182,
          "params": {
            "fmod0": 0.0021172829797790928,
            "kdeg": 0.00022927618895725847,
            "kobs": 0.00035056670460951723,
            "log_fmod0": -6.1576216255786775,
            "log_fmod0_err": 0.1004805478844376,
            "log_kdeg": -8.380583215807018,
            "log_kdeg_err": 1.3144539913759783,
            "log_kobs": -7.955959556873497,
            "log_kobs_err": 0.5979747828680053,
            "metadata": {
              "base": "C",
              "fmod_run_ids": [
                128,
                129,
                130,
                131,
                132,
                133
              ],
              "site": 29,
              "valtype": "modrate"
            }
          },
          "valtype": "modrate"
        },
        {
          "diagnostics": {
            "chisq": 8.537709104537335e-08,
            "covariance": {
              "matrix": [
                [
                  0.06955638785058321,
                  0.06820368755832043,
                  -0.020507937407666915
                ],
                [
                  0.06820368755832043,
                  0.3230456157681514,
                  -0.03619427869792277
                ],
                [
                  -0.020507937407666915,
                  -0.03619427869792277,
                  0.007538948118542879
                ]
              ],
              "params": [
                "log_kappa",
                "log_kdeg",
                "log_fmod_0"
              ]
            },
            "ndata": 6,
            "nfree": 3,
            "r2": 0.8581670660303035,
            "reduced_chisq": 2.8459030348457784e-08,
            "status": "completed",
            "success": true,
            "time_max": 27000.0,
            "time_min": 900.0
          },
          "nt_id": 183,
          "params": {
            "fmod0": 0.0031355692969652874,
            "kdeg": 0.00024060490938592,
            "kobs": 0.0010154883774960788,
            "log_fmod0": -5.764944527455113,
            "log_fmod0_err": 0.08682711626296752,
            "log_kdeg": -8.33235434986911,
            "log_kdeg_err": 0.5683710194654117,
            "log_kobs": -6.892385622114127,
            "log_kobs_err": 0.2637354505002754,
            "metadata": {
              "base": "C",
              "fmod_run_ids": [
                128,
                129,
                130,
                131,
                132,
                133
              ],
              "site": 30,
              "valtype": "modrate"
            }
          },
          "valtype": "modrate"
        },
        {
          "diagnostics": {
            "chisq": 4.267803826153092e-07,
            "covariance": {
              "matrix": [
                [
                  451.9328407458533,
                  546.9224270628577,
                  -4.183365351029393
                ],
                [
                  546.9224270628577,
                  1468.2555344436782,
                  -6.213949188001215
                ],
                [
                  -4.183365351029393,
                  -6.213949188001215,
                  0.04165099604027887
                ]
              ],
              "params": [
                "log_kappa",
                "log_kdeg",
                "log_fmod_0"
              ]
            },
            "ndata": 6,
            "nfree": 3,
            "r2": 0.001312652613424281,
            "reduced_chisq": 1.4226012753843641e-07,
            "status": "completed",
            "success": true,
            "time_max": 27000.0,
            "time_min": 900.0
          },
          "nt_id": 184,
          "params": {
            "fmod0": 0.004297983988295937,
            "kdeg": 0.00041629472516672045,
            "kobs": 3.960153191058546e-05,
            "log_fmod0": -5.449609206153602,
            "log_fmod0_err": 0.2040857565835472,
            "log_kdeg": -7.78411707459375,
            "log_kdeg_err": 38.31782267357683,
            "log_kobs": -10.136642755841326,
            "log_kobs_err": 21.258712113998186,
            "metadata": {
              "base": "U",
              "fmod_run_ids": [
                128,
                129,
                130,
                131,
                132,
                133
              ],
              "site": 51,
              "valtype": "modrate"
            }
          },
          "valtype": "modrate"
        },
        {
          "diagnostics": {
            "chisq": 1.4941253791952335e-06,
            "covariance": {
              "matrix": [
                [
                  3.359999936231165,
                  4.214012123315922,
                  -0.6523722153857457
                ],
                [
                  4.214012123315922,
                  9.622616710596951,
                  -0.9346706399866548
                ],
                [
                  -0.6523722153857457,
                  -0.9346706399866548,
                  0.13268524179550573
                ]
              ],
              "params": [
                "log_kappa",
                "log_kdeg",
                "log_fmod_0"
              ]
            },
            "ndata": 6,
            "nfree": 3,
            "r2": 0.18058224460753758,
            "reduced_chisq": 4.980417930650779e-07,
            "status": "completed",
            "success": true,
            "time_max": 27000.0,
            "time_min": 900.0
          },
          "nt_id": 185,
          "params": {
            "fmod0": 0.005355935941352044,
            "kdeg": 0.0004967694347767513,
            "kobs": 0.0010204631825897566,
            "log_fmod0": -5.229549811390521,
            "log_fmod0_err": 0.3642598547678645,
            "log_kdeg": -7.607384553439083,
            "log_kdeg_err": 3.1020342858512944,
            "log_kobs": -6.88749865418023,
            "log_kobs_err": 1.8330302605879603,
            "metadata": {
              "base": "U",
              "fmod_run_ids": [
                128,
                129,
                130,
                131,
                132,
                133
              ],
              "site": 52,
              "valtype": "modrate"
            }
          },
          "valtype": "modrate"
        },
        {
          "diagnostics": {
            "chisq": 4.575849956447358e-06,
            "covariance": {
              "matrix": [
                [
                  0.003450473516914829,
                  0.00364455883661317,
                  -0.0333488867388853
                ],
                [
                  0.00364455883661317,
                  0.013346259002624497,
                  -0.05287071641297662
                ],
                [
                  -0.0333488867388853,
                  -0.05287071641297662,
                  0.37389763386278757
                ]
              ],
              "params": [
                "log_kappa",
                "log_kdeg",
                "log_fmod_0"
              ]
            },
            "ndata": 6,
            "nfree": 3,
            "r2": 0.9930364647790684,
            "reduced_chisq": 1.525283318815786e-06,
            "status": "completed",
            "success": true,
            "time_max": 27000.0,
            "time_min": 900.0
          },
          "nt_id": 186,
          "params": {
            "fmod0": 0.0036779367677956675,
            "kdeg": 0.000291606185723674,
            "kobs": 0.038685396936866144,
            "log_fmod0": -5.605403344955495,
            "log_fmod0_err": 0.6114716950626476,
            "log_kdeg": -8.140106345010615,
            "log_kdeg_err": 0.11552601006970031,
            "log_kobs": -3.252293090289761,
            "log_kobs_err": 0.05874073132771526,
            "metadata": {
              "base": "C",
              "fmod_run_ids": [
                128,
                129,
                130,
                131,
                132,
                133
              ],
              "site": 53,
              "valtype": "modrate"
            }
          },
          "valtype": "modrate"
        },
        {
          "diagnostics": {
            "chisq": 1.4383513290227588e-08,
            "covariance": {
              "matrix": [
                [
                  0.09655979051624294,
                  0.09952743164900116,
                  -0.04818786356607137
                ],
                [
                  0.09952743164900116,
                  0.41800127723737135,
                  -0.08134054060163312
                ],
                [
                  -0.04818786356607137,
                  -0.08134054060163312,
                  0.028897734306962138
                ]
              ],
              "params": [
                "log_kappa",
                "log_kdeg",
                "log_fmod_0"
              ]
            },
            "ndata": 6,
            "nfree": 3,
            "r2": 0.8206801606973116,
            "reduced_chisq": 4.794504430075863e-09,
            "status": "completed",
            "success": true,
            "time_max": 27000.0,
            "time_min": 900.0
          },
          "nt_id": 187,
          "params": {
            "fmod0": 0.0006918222398960689,
            "kdeg": 0.0002648780661971222,
            "kobs": 0.00037026650537214984,
            "log_fmod0": -7.2761815141085115,
            "log_fmod0_err": 0.16999333606633565,
            "log_kdeg": -8.23624096542725,
            "log_kdeg_err": 0.6465301827736826,
            "log_kobs": -7.901287526817002,
            "log_kobs_err": 0.31074071267898407,
            "metadata": {
              "base": "G",
              "fmod_run_ids": [
                128,
                129,
                130,
                131,
                132,
                133
              ],
              "site": 54,
              "valtype": "modrate"
            }
          },
          "valtype": "modrate"
        },
        {
          "diagnostics": {
            "chisq": 2.0830001017298828e-07,
            "covariance": {
              "matrix": [
                [
                  293712318.520213,
                  -293684196.2585916,
                  1189.1133653183801
                ],
                [
                  -293684196.2585916,
                  293656076.9009395,
                  -1189.0677757997134
                ],
                [
                  1189.1133653183801,
                  -1189.0677757997134,
                  0.043168439648925604
                ]
              ],
              "params": [
                "log_kappa",
                "log_kdeg",
                "log_fmod_0"
              ]
            },
            "ndata": 6,
            "nfree": 3,
            "r2": 0.6121196733841952,
            "reduced_chisq": 6.943333672432942e-08,
            "status": "completed",
            "success": true,
            "time_max": 27000.0,
            "time_min": 900.0
          },
          "nt_id": 188,
          "params": {
            "fmod0": 0.0008424890451951826,
            "kdeg": 4.980374379426537e-13,
            "kobs": 50380.623181546165,
            "log_fmod0": -7.079149898557982,
            "log_fmod0_err": 0.20777016063170767,
            "log_kdeg": -28.328101144119977,
            "log_kdeg_err": 17136.396263536262,
            "log_kobs": 10.827361919451896,
            "log_kobs_err": 17138.037184001354,
            "metadata": {
              "base": "G",
              "fmod_run_ids": [
                128,
                129,
                130,
                131,
                132,
                133
              ],
              "site": 33,
              "valtype": "modrate"
            }
          },
          "valtype": "modrate"
        },
        {
          "diagnostics": {
            "chisq": 5.709434772094318e-08,
            "covariance": {
              "matrix": [
                [
                  0.028394266649755952,
                  -0.03500817505644053,
                  -0.009392102203806593
                ],
                [
                  -0.03500817505644053,
                  0.3030504909777172,
                  -0.07752034518586988
                ],
                [
                  -0.009392102203806593,
                  -0.07752034518586988,
                  0.03822935984029673
                ]
              ],
              "params": [
                "log_kappa",
                "log_kdeg",
                "log_fmod_0"
              ]
            },
            "ndata": 6,
            "nfree": 3,
            "r2": 0.9319964421991623,
            "reduced_chisq": 1.9031449240314395e-08,
            "status": "completed",
            "success": true,
            "time_max": 27000.0,
            "time_min": 900.0
          },
          "nt_id": 189,
          "params": {
            "fmod0": 0.0008325951886935859,
            "kdeg": 0.0001011152952826271,
            "kobs": 0.001183897741844434,
            "log_fmod0": -7.090963001873007,
            "log_fmod0_err": 0.1955232974361284,
            "log_kdeg": -9.199249154729713,
            "log_kdeg_err": 0.5505002188716343,
            "log_kobs": -6.738943112935584,
            "log_kobs_err": 0.16850598401764832,
            "metadata": {
              "base": "G",
              "fmod_run_ids": [
                128,
                129,
                130,
                131,
                132,
                133
              ],
              "site": 34,
              "valtype": "modrate"
            }
          },
          "valtype": "modrate"
        },
        {
          "diagnostics": {
            "chisq": 6.108220564923601e-07,
            "covariance": {
              "matrix": [
                [
                  0.0043375075203648345,
                  0.004143791049643311,
                  -0.03897817918212515
                ],
                [
                  0.004143791049643311,
                  0.02050956732381776,
                  -0.06970727563206479
                ],
                [
                  -0.03897817918212515,
                  -0.06970727563206479,
                  0.4432301944560449
                ]
              ],
              "params": [
                "log_kappa",
                "log_kdeg",
                "log_fmod_0"
              ]
            },
            "ndata": 6,
            "nfree": 3,
            "r2": 0.9897428968663547,
            "reduced_chisq": 2.0360735216412006e-07,
            "status": "completed",
            "success": true,
            "time_max": 27000.0,
            "time_min": 900.0
          },
          "nt_id": 190,
          "params": {
            "fmod0": 0.001076828707297876,
            "kdeg": 0.0002318294405030508,
            "kobs": 0.010829309587832103,
            "log_fmod0": -6.833734939605741,
            "log_fmod0_err": 0.665755356310443,
            "log_kdeg": -8.3695086269136,
            "log_kdeg_err": 0.14321161727952716,
            "log_kobs": -4.5254989699706885,
            "log_kobs_err": 0.06585975645540176,
            "metadata": {
              "base": "A",
              "fmod_run_ids": [
                128,
                129,
                130,
                131,
                132,
                133
              ],
              "site": 35,
              "valtype": "modrate"
            }
          },
          "valtype": "modrate"
        },
        {
          "diagnostics": {
            "chisq": 1.6975955513260352e-07,
            "covariance": {
              "matrix": [
                [
                  664316043226.8529,
                  -664258498749.5453,
                  138602.98275470265
                ],
                [
                  -664258498749.5453,
                  664200959257.0161,
                  -138591.01171866548
                ],
                [
                  138602.98275470265,
                  -138591.01171866548,
                  0.04290873744108342
                ]
              ],
              "params": [
                "log_kappa",
                "log_kdeg",
                "log_fmod_0"
