{
  "artifacts": {},
  "engine": "python_baseline",
  "engine_version": "0.1.0",
  "metadata": {
    "buffer_pH": 6.4,
    "done_by": [
      "EKC"
    ],
    "experiment_id": "ekc.01.0xx",
    "fmod_run_id": 106,
    "initial_kdeg": 0.00019988273628914496,
    "initial_kdeg_source": "arrhenius:nmr:deg:dms:Schwalbe_bistris",
    "initial_log_kdeg": -8.517779681922452,
    "notes": "Baseline python engine demo using examples/nerd.sqlite",
    "outlier_specs": [
      "91:057-HIV-UUCG-GS-25c-a-6-m:34_G:modrate",
      "91:057-HIV-UUCG-GS-25c-a-6-m:34_G:GAmodrate"
    ],
    "outliers_applied": 2,
    "rg_id": 91,
    "rg_label": "25_1_14",
    "rounds_requested": [
      "round1_free",
      "round2_global",
      "round3_constrained"
    ],
    "rt_protocol": [
      "MRT"
    ],
    "selected_site_bases": [
      "17_G",
      "18_G",
      "19_C",
      "1_U",
      "20_A",
      "21_G",
      "22_A",
      "23_U",
      "24_C",
      "25_U",
      "26_G",
      "27_A",
      "28_G",
      "29_C",
      "2_A",
      "31_U",
      "32_U",
      "33_C",
      "34_G",
      "36_G",
      "37_C",
      "38_U",
      "39_C",
      "3_A",
      "40_U",
      "41_C",
      "42_U",
      "43_G",
      "44_C",
      "45_C",
      "61_A",
      "62_A",
      "63_U",
      "64_C",
      "65_C"
    ],
    "temperature_c": 25.0,
    "valtypes": [
      "modrate",
      "GAmodrate"
    ]
  },
  "rounds": [
    {
      "global_params": {},
      "notes": null,
      "per_nt": [
        {
          "diagnostics": {
            "reason": "Non-zero fmod values are required for a fit.",
            "status": "failed"
          },
          "nt_id": 243,
          "params": {},
          "valtype": "modrate"
        },
        {
          "diagnostics": {
            "reason": "Non-zero fmod values are required for a fit.",
            "status": "failed"
          },
          "nt_id": 244,
          "params": {},
          "valtype": "modrate"
        },
        {
          "diagnostics": {
            "reason": "Non-zero fmod values are required for a fit.",
            "status": "failed"
          },
          "nt_id": 245,
          "params": {},
          "valtype": "modrate"
        },
        {
          "diagnostics": {
            "reason": "Non-zero fmod values are required for a fit.",
            "status": "failed"
          },
          "nt_id": 246,
          "params": {},
          "valtype": "modrate"
        },
        {
          "diagnostics": {
            "chisq": 0.0003271768231310615,
            "covariance": {
              "matrix": [
                [
                  4.271096338394453e+19,
                  -4.325110112394174e+19,
                  2695835926.189422
                ],
                [
                  -4.325110112394174e+19,
                  4.380952601354507e+19,
                  -2812227896.1001916
                ],
                [
                  2695835926.189422,
                  -2812227896.1001916,
                  1.3696288988875789
                ]
              ],
              "params": [
                "log_kappa",
                "log_kdeg",
                "log_fmod_0"
              ]
            },
            "ndata": 7,
            "nfree": 4,
            "r2": -8.372191828698305e-10,
            "reduced_chisq": 8.179420578276538e-05,
            "status": "completed",
            "success": true,
            "time_max": 27000.0,
            "time_min": 0.0
          },
          "nt_id": 247,
          "params": {
            "fmod0": 0.004382857154365348,
            "kdeg": 5.771429760532105e-13,
            "kobs": 0.001496905462495412,
            "log_fmod0": -5.430054448912664,
            "log_fmod0_err": 1.1703114537966288,
            "log_kdeg": -28.180686366978033,
            "log_kdeg_err": 6618876491.7880945,
            "log_kobs": -6.504355326844443,
            "log_kobs_err": 6535362528.884264,
            "metadata": {
              "base": "G",
              "fmod_run_ids": [
                100,
                101,
                102,
                103,
                104,
                105,
                106
              ],
              "site": 18,
              "valtype": "modrate"
            }
          },
          "valtype": "modrate"
        },
        {
          "diagnostics": {
            "chisq": 0.00022587683144192715,
            "covariance": {
              "matrix": [
                [
                  1.902125454956347e+19,
                  -1.9586513152136348e+19,
                  -455070684.9219515
                ],
                [
                  -1.9586513152136348e+19,
                  2.025491566120932e+19,
                  370140906.7118632
                ],
                [
                  -455070684.9219515,
                  370140906.7118632,
                  0.23894473215594259
                ]
              ],
              "params": [
                "log_kappa",
                "log_kdeg",
                "log_fmod_0"
              ]
            },
            "ndata": 7,
            "nfree": 4,
            "r2": -5.912825784548659e-11,
            "reduced_chisq": 5.646920786048179e-05,
            "status": "completed",
            "success": true,
            "time_max": 27000.0,
            "time_min": 0.0
          },
          "nt_id": 248,
          "params": {
            "fmod0": 0.00834628572970146,
            "kdeg": 5.577585266574723e-14,
            "kobs": 0.0013542738613993176,
            "log_fmod0": -4.785938661872623,
            "log_fmod0_err": 0.48881973380372296,
            "log_kdeg": -30.517435367111503,
            "log_kdeg_err": 4500546151.436437,
            "log_kobs": -6.604489863940126,
            "log_kobs_err": 4361336326.12339,
            "metadata": {
              "base": "C",
              "fmod_run_ids": [
                100,
                101,
                102,
                103,
                104,
                105,
                106
              ],
              "site": 19,
              "valtype": "modrate"
            }
          },
          "valtype": "modrate"
        },
        {
          "diagnostics": {
            "chisq": 4.152253821439872e-06,
            "covariance": {
              "matrix": [
                [
                  0.019273734498432154,
                  -0.0032374874369146575,
                  -0.023447916969255602
                ],
                [
                  -0.0032374874369146575,
                  0.13075628067692766,
                  -0.04310995884922341
                ],
                [
                  -0.023447916969255602,
                  -0.04310995884922341,
                  0.05704769501724044
                ]
              ],
              "params": [
                "log_kappa",
                "log_kdeg",
                "log_fmod_0"
              ]
            },
            "ndata": 7,
            "nfree": 4,
            "r2": 0.9292271735231473,
            "reduced_chisq": 1.038063455359968e-06,
            "status": "completed",
            "success": true,
            "time_max": 27000.0,
            "time_min": 0.0
          },
          "nt_id": 249,
          "params": {
            "fmod0": 0.0035874741214666768,
            "kdeg": 0.00022209297643283816,
            "kobs": 0.007628986495092389,
            "log_fmod0": -5.630306911450868,
            "log_fmod0_err": 0.23884659306182376,
            "log_kdeg": -8.412414451009047,
            "log_kdeg_err": 0.36160237924677385,
            "log_kobs": -4.875800274082403,
            "log_kobs_err": 0.13882987610176764,
            "metadata": {
              "base": "A",
              "fmod_run_ids": [
                100,
                101,
                102,
                103,
                104,
                105,
                106
              ],
              "site": 20,
              "valtype": "modrate"
            }
          },
          "valtype": "modrate"
        },
        {
          "diagnostics": {
            "chisq": 8.502893781126675e-05,
            "covariance": {
              "matrix": [
                [
                  1.123184743265559e+19,
                  -1.1338292307128648e+19,
                  2805556972.5737557
                ],
                [
                  -1.1338292307128648e+19,
                  1.1449659513216571e+19,
                  -2877642418.6302834
                ],
                [
                  2805556972.5737557,
                  -2877642418.6302834,
                  1.7775015569405286
                ]
              ],
              "params": [
                "log_kappa",
                "log_kdeg",
                "log_fmod_0"
              ]
            },
            "ndata": 7,
            "nfree": 4,
            "r2": -1.140565419888162e-09,
            "reduced_chisq": 2.125723445281669e-05,
            "status": "completed",
            "success": true,
            "time_max": 27000.0,
            "time_min": 0.0
          },
          "nt_id": 250,
          "params": {
            "fmod0": 0.0023544285861684397,
            "kdeg": 7.835875794080792e-13,
            "kobs": 0.000805315255763871,
            "log_fmod0": -6.051457219524921,
            "log_fmod0_err": 1.3332297464955276,
            "log_kdeg": -27.87489355964474,
            "log_kdeg_err": 3383734551.2342677,
            "log_kobs": -7.124276735142697,
            "log_kobs_err": 3351394848.8137875,
            "metadata": {
              "base": "G",
              "fmod_run_ids": [
                100,
                101,
                102,
                103,
                104,
                105,
                106
              ],
              "site": 21,
              "valtype": "modrate"
            }
          },
          "valtype": "modrate"
        },
        {
          "diagnostics": {
            "chisq": 1.0576645869724888e-05,
            "covariance": {
              "matrix": [
                [
                  0.006613252651583521,
                  -0.00036237687034723723,
                  -0.015880414065106565
                ],
                [
                  -0.00036237687034723723,
                  0.04373235534974651,
                  -0.026755246447290132
                ],
                [
                  -0.015880414065106565,
                  -0.026755246447290132,
                  0.06890999755055859
                ]
              ],
              "params": [
                "log_kappa",
                "log_kdeg",
                "log_fmod_0"
              ]
            },
            "ndata": 7,
            "nfree": 4,
            "r2": 0.9747905105222056,
            "reduced_chisq": 2.644161467431222e-06,
            "status": "completed",
            "success": true,
            "time_max": 27000.0,
            "time_min": 0.0
          },
          "nt_id": 251,
          "params": {
            "fmod0": 0.005325546041230479,
            "kdeg": 0.00025744030832602845,
            "kobs": 0.020992126860808744,
            "log_fmod0": -5.235240029689737,
            "log_fmod0_err": 0.262507138094488,
            "log_kdeg": -8.264722677059217,
            "log_kdeg_err": 0.20912282359834974,
            "log_kobs": -3.8636078229456197,
            "log_kobs_err": 0.08132190757467216,
            "metadata": {
              "base": "A",
              "fmod_run_ids": [
                100,
                101,
                102,
                103,
                104,
                105,
                106
              ],
              "site": 22,
              "valtype": "modrate"
            }
          },
          "valtype": "modrate"
        },
        {
          "diagnostics": {
            "chisq": 1.798542971429132e-05,
            "ndata": 7,
            "nfree": 4,
            "r2": -3.1175062531474396e-13,
            "reduced_chisq": 4.49635742857283e-06,
            "status": "completed",
            "success": true,
            "time_max": 27000.0,
            "time_min": 0.0
          },
          "nt_id": 252,
          "params": {
            "fmod0": 0.005946571428600999,
            "kdeg": 8.217828625899534e-16,
            "kobs": 0.00035968858761105735,
            "log_fmod0": -5.124940455996418,
            "log_kdeg": -34.73505547116551,
            "log_kobs": -7.9302719352860205,
            "metadata": {
              "base": "U",
              "fmod_run_ids": [
                100,
                101,
                102,
                103,
                104,
                105,
                106
              ],
              "site": 23,
              "valtype": "modrate"
            }
          },
          "valtype": "modrate"
        },
        {
          "diagnostics": {
            "chisq": 3.359638943261971e-05,
            "covariance": {
              "matrix": [
                [
                  0.005273931660629558,
                  -0.00030528192386703595,
                  -0.013601180804430957
                ],
                [
                  -0.00030528192386703595,
                  0.03424428963109258,
                  -0.022559413667240902
                ],
                [
                  -0.013601180804430957,
                  -0.022559413667240902,
                  0.06315933996719184
                ]
              ],
              "params": [
                "log_kappa",
                "log_kdeg",
                "log_fmod_0"
              ]
            },
            "ndata": 7,
            "nfree": 4,
            "r2": 0.9802476834157675,
            "reduced_chisq": 8.399097358154928e-06,
            "status": "completed",
            "success": true,
            "time_max": 27000.0,
            "time_min": 0.0
          },
          "nt_id": 253,
          "params": {
            "fmod0": 0.00993422183136303,
            "kdeg": 0.0002576416045193577,
            "kobs": 0.042866938798884126,
            "log_fmod0": -4.611769732028581,
            "log_fmod0_err": 0.2513152203253751,
            "log_kdeg": -8.263941068547805,
            "log_kdeg_err": 0.185052126794297,
            "log_kobs": -3.14965440752588,
            "log_kobs_err": 0.07262184010770835,
            "metadata": {
              "base": "C",
              "fmod_run_ids": [
                100,
                101,
                102,
                103,
                104,
                105,
                106
              ],
              "site": 24,
              "valtype": "modrate"
            }
          },
          "valtype": "modrate"
        },
        {
          "diagnostics": {
            "chisq": 6.309874825382069e-06,
            "covariance": {
              "matrix": [
                [
                  22.697474972435433,
                  -44.62733348186452,
                  0.2790858507938376
                ],
                [
                  -44.62733348186452,
                  105.10775823965994,
                  -1.2598650178139241
                ],
                [
                  0.2790858507938376,
                  -1.2598650178139241,
                  0.04460075997262468
                ]
              ],
              "params": [
                "log_kappa",
                "log_kdeg",
                "log_fmod_0"
              ]
            },
            "ndata": 7,
            "nfree": 4,
            "r2": 0.06256223828000262,
            "reduced_chisq": 1.5774687063455171e-06,
            "status": "completed",
            "success": true,
            "time_max": 27000.0,
            "time_min": 0.0
          },
          "nt_id": 254,
          "params": {
            "fmod0": 0.004325712577560478,
            "kdeg": 5.9362653913142274e-05,
            "kobs": 0.0008605410163786529,
            "log_fmod0": -5.443178394351921,
            "log_fmod0_err": 0.2111889200991015,
            "log_kdeg": -9.731845251325206,
            "log_kdeg_err": 10.252207481301769,
            "log_kobs": -7.057949277697752,
            "log_kobs_err": 4.764186706294731,
            "metadata": {
              "base": "U",
              "fmod_run_ids": [
                100,
                101,
                102,
                103,
                104,
                105,
                106
              ],
              "site": 25,
              "valtype": "modrate"
            }
          },
          "valtype": "modrate"
        },
        {
          "diagnostics": {
            "chisq": 1.7891357715212457e-05,
            "covariance": {
              "matrix": [
                [
                  4.65678168979906e+18,
                  -3.9796655116336005e+18,
                  -1036908082.2183884
                ],
                [
                  -3.9796655116336005e+18,
                  3.869587855788482e+18,
                  596976617.7110677
                ],
                [
                  -1036908082.2183884,
                  596976617.7110677,
                  0.5905963334147705
                ]
              ],
              "params": [
                "log_kappa",
                "log_kdeg",
                "log_fmod_0"
              ]
            },
            "ndata": 7,
            "nfree": 4,
            "r2": -5.179834339230638e-11,
            "reduced_chisq": 4.472839428803114e-06,
            "status": "completed",
            "success": true,
            "time_max": 27000.0,
            "time_min": 0.0
          },
          "nt_id": 255,
          "params": {
            "fmod0": 0.001877428572673167,
            "kdeg": 5.685815392343855e-14,
            "kobs": 0.00029209470837625155,
            "log_fmod0": -6.277852218898849,
            "log_fmod0_err": 0.7685026567389149,
            "log_kdeg": -30.49821675626663,
            "log_kdeg_err": 1967126802.1631148,
            "log_kobs": -8.138432464529771,
            "log_kobs_err": 2157957759.0395646,
            "metadata": {
              "base": "G",
              "fmod_run_ids": [
                100,
                101,
                102,
                103,
                104,
                105,
                106
              ],
              "site": 26,
              "valtype": "modrate"
            }
          },
          "valtype": "modrate"
        },
        {
          "diagnostics": {
            "chisq": 4.716851941888742e-07,
            "covariance": {
              "matrix": [
                [
                  0.004059945861184409,
                  -9.674172591530847e-05,
                  -0.011071599648302214
                ],
                [
                  -9.674172591530847e-05,
                  0.02717144623512301,
                  -0.018509085786607243
                ],
                [
                  -0.011071599648302214,
                  -0.018509085786607243,
                  0.0533807178203356
                ]
              ],
              "params": [
                "log_kappa",
                "log_kdeg",
                "log_fmod_0"
              ]
            },
            "ndata": 7,
            "nfree": 4,
            "r2": 0.9841123335221744,
            "reduced_chisq": 1.1792129854721855e-07,
            "status": "completed",
            "success": true,
            "time_max": 27000.0,
            "time_min": 0.0
          },
          "nt_id": 256,
          "params": {
            "fmod0": 0.0012840254387889243,
            "kdeg": 0.00026883742752978465,
            "kobs": 0.0055649714891403655,
            "log_fmod0": -6.657755261769719,
            "log_fmod0_err": 0.23104267532284073,
            "log_kdeg": -8.221403719686059,
            "log_kdeg_err": 0.16483763597893233,
            "log_kobs": -5.19126341751297,
            "log_kobs_err": 0.06371770445633151,
            "metadata": {
              "base": "A",
              "fmod_run_ids": [
                100,
                101,
                102,
                103,
                104,
                105,
                106
              ],
              "site": 27,
              "valtype": "modrate"
            }
          },
          "valtype": "modrate"
        },
        {
          "diagnostics": {
            "chisq": 4.309510000010406e-06,
            "covariance": {
              "matrix": [
                [
                  1.0087899464264576e+18,
                  -1.3546091776924582e+18,
                  -41477182.24731836
                ],
                [
                  -1.3546091776924582e+18,
                  2.7717749503580795e+18,
                  -148522156.169568
                ],
                [
                  -41477182.24731836,
                  -148522156.169568,
                  0.09550052771957322
                ]
              ],
              "params": [
                "log_kappa",
                "log_kdeg",
                "log_fmod_0"
              ]
            },
            "ndata": 7,
            "nfree": 4,
            "r2": -2.4145130339547904e-12,
            "reduced_chisq": 1.0773775000026014e-06,
            "status": "completed",
            "success": true,
            "time_max": 27000.0,
            "time_min": 0.0
          },
          "nt_id": 257,
          "params": {
            "fmod0": 0.0017540000014575035,
            "kdeg": 8.595020791816052e-15,
            "kobs": 0.00011483888684700608,
            "log_fmod0": -6.345856384201186,
            "log_fmod0_err": 0.3090315966362877,
            "log_kdeg": -32.38759333701934,
            "log_kdeg_err": 1664864844.4717906,
            "log_kobs": -9.071980395835661,
            "log_kobs_err": 1004385357.5328832,
            "metadata": {
              "base": "G",
              "fmod_run_ids": [
                100,
                101,
                102,
                103,
                104,
                105,
                106
              ],
              "site": 28,
              "valtype": "modrate"
            }
          },
          "valtype": "modrate"
        },
        {
          "diagnostics": {
            "chisq": 7.000682531551288e-07,
            "covariance": {
              "matrix": [
                [
                  0.02783894409057259,
                  -0.008220689263353578,
                  -0.009473753280154415
                ],
                [
                  -0.008220689263353578,
                  0.19477430160659082,
                  -0.019084369748953573
                ],
                [
                  -0.009473753280154415,
                  -0.019084369748953573,
                  0.00722365695138404
                ]
              ],
              "params": [
                "log_kappa",
                "log_kdeg",
                "log_fmod_0"
              ]
            },
            "ndata": 7,
            "nfree": 4,
            "r2": 0.9011649983448586,
            "reduced_chisq": 1.750170632887822e-07,
            "status": "completed",
            "success": true,
            "time_max": 27000.0,
            "time_min": 0.0
          },
          "nt_id": 258,
          "params": {
            "fmod0": 0.004068602662677539,
            "kdeg": 0.00019650383716800942,
            "kobs": 0.002614268527231321,
            "log_fmod0": -5.504455664600995,
            "log_fmod0_err": 0.08499209934684542,
            "log_kdeg": -8.534828599273052,
            "log_kdeg_err": 0.4413324162200085,
            "log_kobs": -5.946770942494787,
            "log_kobs_err": 0.16685006470053462,
            "metadata": {
              "base": "C",
              "fmod_run_ids": [
                100,
                101,
                102,
                103,
                104,
                105,
                106
              ],
              "site": 29,
              "valtype": "modrate"
            }
          },
          "valtype": "modrate"
        },
        {
          "diagnostics": {
            "chisq": 1.7035480582188826e-06,
            "covariance": {
              "matrix": [
                [
                  0.05867385086649182,
                  6.064616548559918e-05,
                  -0.029654775182093016
                ],
                [
                  6.064616548559918e-05,
                  0.39375951646401,
                  -0.04891501063295073
                ],
                [
                  -0.029654775182093016,
                  -0.04891501063295073,
                  0.02597493753143563
                ]
              ],
              "params": [
                "log_kappa",
                "log_kdeg",
                "log_fmod_0"
              ]
            },
            "ndata": 7,
            "nfree": 4,
            "r2": 0.8103587916559241,
            "reduced_chisq": 4.2588701455472064e-07,
            "status": "completed",
            "success": true,
            "time_max": 27000.0,
            "time_min": 0.0
          },
          "nt_id": 259,
          "params": {
            "fmod0": 0.0035171244492009546,
            "kdeg": 0.0002796410006399509,
            "kobs": 0.0027735508714985257,
            "log_fmod0": -5.650111541071984,
            "log_fmod0_err": 0.16116742081275492,
            "log_kdeg": -8.182003918012091,
            "log_kdeg_err": 0.6275026027547694,
            "log_kobs": -5.887626876651069,
            "log_kobs_err": 0.24222685826821894,
            "metadata": {
              "base": "U",
              "fmod_run_ids": [
                100,
                101,
                102,
                103,
                104,
                105,
                106
              ],
              "site": 31,
              "valtype": "modrate"
            }
          },
          "valtype": "modrate"
        },
        {
          "diagnostics": {
            "chisq": 4.269092941398306e-06,
            "covariance": {
              "matrix": [
                [
                  4.532866453547243,
                  -9.070392259083233,
                  0.08854092394830113
                ],
                [
                  -9.070392259083233,
                  22.584755743402567,
                  -0.47571804992412237
                ],
                [
                  0.08854092394830113,
                  -0.47571804992412237,
                  0.029801857318136154
                ]
              ],
              "params": [
                "log_kappa",
                "log_kdeg",
                "log_fmod_0"
              ]
            },
            "ndata": 7,
            "nfree": 4,
            "r2": 0.21947885866781047,
            "reduced_chisq": 1.0672732353495766e-06,
            "status": "completed",
            "success": true,
            "time_max": 27000.0,
            "time_min": 0.0
          },
          "nt_id": 260,
          "params": {
            "fmod0": 0.004372512127520037,
            "kdeg": 6.298044206878748e-05,
            "kobs": 0.0014182244532847438,
            "log_fmod0": -5.432417577485875,
            "log_fmod0_err": 0.17263214451004238,
            "log_kdeg": -9.672686323122834,
            "log_kdeg_err": 4.752342132401934,
            "log_kobs": -6.558349574763304,
            "log_kobs_err": 2.129052947567825,
            "metadata": {
              "base": "U",
              "fmod_run_ids": [
                100,
                101,
                102,
                103,
                104,
                105,
                106
              ],
              "site": 32,
              "valtype": "modrate"
            }
          },
          "valtype": "modrate"
        },
        {
          "diagnostics": {
            "chisq": 1.2244231412190364e-05,
            "covariance": {
              "matrix": [
                [
                  0.0020227198530648294,
                  -9.597773572888944e-05,
                  -0.007652325455447644
                ],
                [
                  -9.597773572888944e-05,
                  0.013140588961667447,
                  -0.012616879424313294
                ],
                [
                  -0.007652325455447644,
                  -0.012616879424313294,
                  0.05168196955185417
                ]
              ],
              "params": [
                "log_kappa",
                "log_kdeg",
                "log_fmod_0"
              ]
            },
            "ndata": 7,
            "nfree": 4,
            "r2": 0.9923195972204744,
            "reduced_chisq": 3.061057853047591e-06,
            "status": "completed",
            "success": true,
            "time_max": 27000.0,
            "time_min": 0.0
          },
          "nt_id": 261,
          "params": {
            "fmod0": 0.006644039204930684,
            "kdeg": 0.00026168005123895994,
            "kobs": 0.04173053403340426,
            "log_fmod0": -5.014035186446168,
            "log_fmod0_err": 0.227336687650397,
            "log_kdeg": -8.248387978926461,
            "log_kdeg_err": 0.11463240799035605,
            "log_kobs": -3.1765221871108307,
            "log_kobs_err": 0.044974657898252314,
            "metadata": {
              "base": "C",
              "fmod_run_ids": [
                100,
                101,
                102,
                103,
                104,
                105,
                106
              ],
              "site": 33,
              "valtype": "modrate"
            }
          },
          "valtype": "modrate"
        },
        {
          "diagnostics": {
            "chisq": 2.8070101912880423e-08,
            "covariance": {
              "matrix": [
                [
                  0.03823458108879708,
                  0.04631747845177024,
                  -0.13348542037559372
                ],
                [
                  0.04631747845177024,
                  0.1235177492634177,
                  -0.19787617697030072
                ],
                [
                  -0.13348542037559372,
                  -0.19787617697030072,
                  0.5006804683297368
                ]
              ],
              "params": [
                "log_kappa",
                "log_kdeg",
                "log_fmod_0"
              ]
            },
            "ndata": 6,
            "nfree": 3,
            "r2": 0.9411673801598757,
            "reduced_chisq": 9.356700637626808e-09,
            "status": "completed",
            "success": true,
            "time_max": 27000.0,
            "time_min": 900.0
          },
          "nt_id": 262,
          "params": {
            "fmod0": 0.00031986149877149975,
            "kdeg": 0.0004188863329524624,
            "kobs": 0.0011121777977257854,
            "log_fmod0": -8.047622472201592,
            "log_fmod0_err": 0.7075877813598372,
            "log_kdeg": -7.7779109565820495,
            "log_kdeg_err": 0.3514509201345441,
            "log_kobs": -6.801435205893623,
            "log_kobs_err": 0.19553664896585773,
            "metadata": {
              "base": "G",
              "fmod_run_ids": [
                100,
                101,
                102,
                103,
                104,
                105
              ],
              "site": 34,
              "valtype": "modrate"
            }
          },
          "valtype": "modrate"
        },
        {
          "diagnostics": {
            "chisq": 1.837634775471776e-05,
            "covariance": {
              "matrix": [
                [
                  3.8903613457650755e+18,
                  -3.866448790032315e+18,
                  -550102521.2951881
                ],
                [
                  -3.866448790032315e+18,
                  3.8445525841014595e+18,
                  527355773.1398767
                ],
                [
                  -550102521.2951881,
                  527355773.1398767,
                  0.4826299973095312
                ]
              ],
              "params": [
                "log_kappa",
                "log_kdeg",
                "log_fmod_0"
              ]
            },
            "ndata": 7,
            "nfree": 4,
            "r2": -2.2002217825445314e-09,
            "reduced_chisq": 4.59408693867944e-06,
            "status": "completed",
            "success": true,
            "time_max": 27000.0,
            "time_min": 0.0
          },
          "nt_id": 263,
          "params": {
            "fmod0": 0.001792571432432759,
            "kdeg": 1.3805295839875281e-12,
            "kobs": 0.0004326471879284874,
            "log_fmod0": -6.324104135554945,
            "log_fmod0_err": 0.6947157672815057,
            "log_kdeg": -27.30855393386243,
            "log_kdeg_err": 1960753065.559623,
            "log_kobs": -7.745587970577888,
            "log_kobs_err": 1972399894.992158,
            "metadata": {
              "base": "G",
              "fmod_run_ids": [
                100,
                101,
                102,
                103,
                104,
                105,
                106
              ],
              "site": 36,
              "valtype": "modrate"
            }
          },
          "valtype": "modrate"
        },
        {
          "diagnostics": {
            "chisq": 2.8179067714307403e-05,
            "covariance": {
              "matrix": [
                [
                  1.1282945143393552e+19,
                  -1.6975306398019545e+19,
                  457989989.38565665
                ],
                [
                  -1.6975306398019545e+19,
                  3.984165454013411e+19,
                  -1791531623.6519253
                ],
                [
                  457989989.38565665,
                  -1791531623.6519253,
                  0.2416756228315408
                ]
              ],
              "params": [
                "log_kappa",
                "log_kdeg",
                "log_fmod_0"
              ]
            },
            "ndata": 7,
            "nfree": 4,
            "r2": -7.698286452750835e-13,
            "reduced_chisq": 7.044766928576851e-06,
            "status": "completed",
            "success": true,
            "time_max": 27000.0,
            "time_min": 0.0
          },
          "nt_id": 264,
          "params": {
            "fmod0": 0.0026994285725663826,
            "kdeg": 8.88563909314766e-16,
            "kobs": 0.000321089846107431,
            "log_fmod0": -5.914715168160943,
            "log_fmod0_err": 0.49160514931349203,
            "log_kdeg": -34.65692509943667,
            "log_kdeg_err": 6312024599.138863,
            "log_kobs": -8.04378957958172,
            "log_kobs_err": 3359009547.9759436,
            "metadata": {
              "base": "C",
              "fmod_run_ids": [
                100,
                101,
                102,
                103,
                104,
                105,
                106
              ],
              "site": 37,
              "valtype": "modrate"
            }
          },
          "valtype": "modrate"
        },
        {
          "diagnostics": {
            "chisq": 7.970391714331334e-06,
            "covariance": {
              "matrix": [
                [
                  3.3020709260906477e+17,
                  -4.599860662928e+17,
                  -15833558.26821504
                ],
                [
                  -4.599860662928e+17,
                  7.107721691133836e+17,
                  -20868120.86234735
                ],
                [
                  -15833558.26821504,
                  -20868120.86234735,
                  0.05207810802981139
                ]
              ],
              "params": [
                "log_kappa",
                "log_kdeg",
                "log_fmod_0"
              ]
            },
            "ndata": 7,
            "nfree": 4,
            "r2": -5.723865825757457e-12,
            "reduced_chisq": 1.9925979285828335e-06,
            "status": "completed",
            "success": true,
            "time_max": 27000.0,
            "time_min": 0.0
          },
          "nt_id": 265,
          "params": {
            "fmod0": 0.0033744285736304973,
            "kdeg": 1.9999620000408834e-16,
            "kobs": 0.09707539502573267,
            "log_fmod0": -5.6915292805093465,
            "log_fmod0_err": 0.2282062839402355,
            "log_kdeg": -36.148233307504846,
            "log_kdeg_err": 843073050.8760102,
            "log_kobs": -2.3322673340888054,
            "log_kobs_err": 574636487.3631544,
            "metadata": {
              "base": "U",
              "fmod_run_ids": [
                100,
                101,
                102,
                103,
                104,
                105,
                106
              ],
              "site": 38,
              "valtype": "modrate"
            }
          },
          "valtype": "modrate"
        },
        {
          "diagnostics": {
            "chisq": 1.1554663430912166e-05,
            "covariance": {
              "matrix": [
                [
                  1.4816472252146045e+18,
                  -1.4310495718619776e+18,
                  -61138259.222011104
                ],
                [
                  -1.4310495718619776e+18,
                  1.398736242520214e+18,
                  21597925.718384776
                ],
                [
                  -61138259.222011104,
                  21597925.718384776,
                  0.17566429558737748
                ]
              ],
              "params": [
                "log_kappa",
                "log_kdeg",
                "log_fmod_0"
              ]
            },
            "ndata": 7,
            "nfree": 4,
            "r2": -2.0257906463427844e-10,
            "reduced_chisq": 2.8886658577280414e-06,
            "status": "completed",
            "success": true,
            "time_max": 27000.0,
            "time_min": 0.0
          },
          "nt_id": 266,
          "params": {
            "fmod0": 0.0021602857200331105,
            "kdeg": 2.033284563492811e-13,
            "kobs": 0.00029468522527672955,
            "log_fmod0": -6.1375147882408925,
            "log_fmod0_err": 0.4191232462980042,
            "log_kdeg": -29.223953711866557,
            "log_kdeg_err": 1182681801.0438032,
            "log_kobs": -8.129602804269647,
            "log_kobs_err": 1217229323.1822033,
            "metadata": {
              "base": "C",
              "fmod_run_ids": [
                100,
                101,
                102,
                103,
                104,
                105,
                106
              ],
              "site": 39,
              "valtype": "modrate"
            }
          },
          "valtype": "modrate"
        },
        {
          "diagnostics": {
            "chisq": 1.7476597687877338e-06,
            "covariance": {
              "matrix": [
                [
                  0.11293816256203164,
                  -0.019726554904583443,
                  -0.039013936069009034
                ],
                [
                  -0.019726554904583443,
                  0.7708115473002488,
                  -0.07237143311969858
                ],
                [
                  -0.039013936069009034,
                  -0.07237143311969858,
                  0.02714937158778871
                ]
              ],
              "params": [
                "log_kappa",
                "log_kdeg",
                "log_fmod_0"
              ]
            },
            "ndata": 7,
            "nfree": 4,
            "r2": 0.6902331527431114,
            "reduced_chisq": 4.3691494219693346e-07,
            "status": "completed",
