{
  "artifacts": {},
  "engine": "python_baseline",
  "engine_version": "0.1.0",
  "metadata": {
    "buffer_pH": 6.4,
    "done_by": [
      "EKC"
    ],
    "experiment_id": "ekc.01.0xx",
    "fmod_run_id": 684,
    "initial_kdeg": 0.019705462789320123,
    "initial_kdeg_source": "arrhenius:nmr:deg:dms:Schwalbe_bistris",
    "initial_log_kdeg": -3.926859382728182,
    "notes": "Baseline python engine demo using examples/nerd.sqlite",
    "rg_id": 102,
    "rg_label": "70_2_13",
    "rounds_requested": [
      "round1_free",
      "round2_global",
      "round3_constrained"
    ],
    "rt_protocol": [
      "MRT"
    ],
    "selected_site_bases": [
      "17_G",
      "18_G",
      "19_C",
      "1_U",
      "20_A",
      "21_G",
      "22_A",
      "23_U",
      "24_C",
      "25_U",
      "26_G",
      "27_A",
      "28_G",
      "29_C",
      "2_A",
      "30_C",
      "33_G",
      "34_G",
      "35_A",
      "36_G",
      "37_C",
      "38_U",
      "39_C",
      "3_A",
      "40_U",
      "41_C",
      "42_U",
      "43_G",
      "44_C",
      "45_C",
      "51_U",
      "52_U",
      "53_C",
      "54_G",
      "61_A",
      "62_A"
    ],
    "temperature_c": 70.0,
    "valtypes": [
      "modrate",
      "GAmodrate"
    ]
  },
  "rounds": [
    {
      "global_params": {},
      "notes": null,
      "per_nt": [
        {
          "diagnostics": {
            "reason": "Non-zero fmod values are required for a fit.",
            "status": "failed"
          },
          "nt_id": 167,
          "params": {},
          "valtype": "modrate"
        },
        {
          "diagnostics": {
            "reason": "Non-zero fmod values are required for a fit.",
            "status": "failed"
          },
          "nt_id": 168,
          "params": {},
          "valtype": "modrate"
        },
        {
          "diagnostics": {
            "reason": "Non-zero fmod values are required for a fit.",
            "status": "failed"
          },
          "nt_id": 169,
          "params": {},
          "valtype": "modrate"
        },
        {
          "diagnostics": {
            "reason": "Non-zero fmod values are required for a fit.",
            "status": "failed"
          },
          "nt_id": 170,
          "params": {},
          "valtype": "modrate"
        },
        {
          "diagnostics": {
            "chisq": 8.170046662443874e-09,
            "covariance": {
              "matrix": [
                [
                  0.007249760532915734,
                  0.0013145756319966487,
                  -0.007129181166666344
                ],
                [
                  0.0013145756319966487,
                  0.040389614661600584,
                  -0.00801806081676513
                ],
                [
                  -0.007129181166666344,
                  -0.00801806081676513,
                  0.009572654833683658
                ]
              ],
              "params": [
                "log_kappa",
                "log_kdeg",
                "log_fmod_0"
              ]
            },
            "ndata": 7,
            "nfree": 4,
            "r2": 0.9719942732131297,
            "reduced_chisq": 2.0425116656109685e-09,
            "status": "completed",
            "success": true,
            "time_max": 300.0,
            "time_min": 0.0
          },
          "nt_id": 171,
          "params": {
            "fmod0": 0.0004508231437142539,
            "kdeg": 0.03380912897693071,
            "kobs": 0.0005800843917650231,
            "log_fmod0": -7.704435437910045,
            "log_fmod0_err": 0.09783994497997052,
            "log_kdeg": -3.387024424885509,
            "log_kdeg_err": 0.20097167626708143,
            "log_kobs": -7.452336961965207,
            "log_kobs_err": 0.08514552561888225,
            "metadata": {
              "base": "G",
              "fmod_run_ids": [
                678,
                679,
                680,
                681,
                682,
                683,
                684
              ],
              "site": 18,
              "valtype": "modrate"
            }
          },
          "valtype": "modrate"
        },
        {
          "diagnostics": {
            "chisq": 2.2357563279533533e-06,
            "covariance": {
              "matrix": [
                [
                  0.0010640200249091478,
                  0.00018660162705689932,
                  -0.01872678016066303
                ],
                [
                  0.00018660162705689932,
                  0.005754216152889467,
                  -0.021404147225608273
                ],
                [
                  -0.01872678016066303,
                  -0.021404147225608273,
                  0.45586628316835903
                ]
              ],
              "params": [
                "log_kappa",
                "log_kdeg",
                "log_fmod_0"
              ]
            },
            "ndata": 7,
            "nfree": 4,
            "r2": 0.99589762963771,
            "reduced_chisq": 5.589390819883383e-07,
            "status": "completed",
            "success": true,
            "time_max": 300.0,
            "time_min": 0.0
          },
          "nt_id": 172,
          "params": {
            "fmod0": 0.0010765760319878261,
            "kdeg": 0.031558601212646975,
            "kobs": 0.02565603717037361,
            "log_fmod0": -6.833969614775346,
            "log_fmod0_err": 0.675178704617051,
            "log_kdeg": -3.4559091055124527,
            "log_kdeg_err": 0.07585654983512938,
            "log_kobs": -3.6629763677938603,
            "log_kobs_err": 0.03261931981064516,
            "metadata": {
              "base": "C",
              "fmod_run_ids": [
                678,
                679,
                680,
                681,
                682,
                683,
                684
              ],
              "site": 19,
              "valtype": "modrate"
            }
          },
          "valtype": "modrate"
        },
        {
          "diagnostics": {
            "chisq": 5.012811972205606e-07,
            "covariance": {
              "matrix": [
                [
                  0.0004562079731139513,
                  8.32017278898422e-05,
                  -0.013066610330458238
                ],
                [
                  8.32017278898422e-05,
                  0.0024703516040592162,
                  -0.015960081807159396
                ],
                [
                  -0.013066610330458238,
                  -0.015960081807159396,
                  0.5309053211699875
                ]
              ],
              "params": [
                "log_kappa",
                "log_kdeg",
                "log_fmod_0"
              ]
            },
            "ndata": 7,
            "nfree": 4,
            "r2": 0.9982243494478742,
            "reduced_chisq": 1.2532029930514014e-07,
            "status": "completed",
            "success": true,
            "time_max": 300.0,
            "time_min": 0.0
          },
          "nt_id": 173,
          "params": {
            "fmod0": 0.0004684569347407068,
            "kdeg": 0.028371717249971572,
            "kobs": 0.018349088841576006,
            "log_fmod0": -7.666066382088845,
            "log_fmod0_err": 0.7286325007642656,
            "log_kdeg": -3.562362501504321,
            "log_kdeg_err": 0.049702631761901865,
            "log_kobs": -3.9981753601244057,
            "log_kobs_err": 0.021359025565646745,
            "metadata": {
              "base": "A",
              "fmod_run_ids": [
                678,
                679,
                680,
                681,
                682,
                683,
                684
              ],
              "site": 20,
              "valtype": "modrate"
            }
          },
          "valtype": "modrate"
        },
        {
          "diagnostics": {
            "chisq": 1.5104320356054115e-08,
            "covariance": {
              "matrix": [
                [
                  0.014946506181238425,
                  0.002448601927624141,
                  -0.015620485420991074
                ],
                [
                  0.002448601927624141,
                  0.08486057953698725,
                  -0.022150390671001215
                ],
                [
                  -0.015620485420991074,
                  -0.022150390671001215,
                  0.024839858804646533
                ]
              ],
              "params": [
                "log_kappa",
                "log_kdeg",
                "log_fmod_0"
              ]
            },
            "ndata": 7,
            "nfree": 4,
            "r2": 0.9438648967173922,
            "reduced_chisq": 3.776080089013529e-09,
            "status": "completed",
            "success": true,
            "time_max": 300.0,
            "time_min": 0.0
          },
          "nt_id": 174,
          "params": {
            "fmod0": 0.0003685766575484928,
            "kdeg": 0.022963519606701198,
            "kobs": 0.0005419384912285539,
            "log_fmod0": -7.9058618420574875,
            "log_fmod0_err": 0.15760665850352432,
            "log_kdeg": -3.773848426304148,
            "log_kdeg_err": 0.2913083924932257,
            "log_kobs": -7.5203580477826835,
            "log_kobs_err": 0.12225590448415334,
            "metadata": {
              "base": "G",
              "fmod_run_ids": [
                678,
                679,
                680,
                681,
                682,
                683,
                684
              ],
              "site": 21,
              "valtype": "modrate"
            }
          },
          "valtype": "modrate"
        },
        {
          "diagnostics": {
            "chisq": 3.1800614305365076e-07,
            "covariance": {
              "matrix": [
                [
                  0.00035324520288911536,
                  6.4712866564437e-05,
                  -0.009648460859221733
                ],
                [
                  6.4712866564437e-05,
                  0.001915499958774513,
                  -0.011656131817517418
                ],
                [
                  -0.009648460859221733,
                  -0.011656131817517418,
                  0.3718501445287183
                ]
              ],
              "params": [
                "log_kappa",
                "log_kdeg",
                "log_fmod_0"
              ]
            },
            "ndata": 7,
            "nfree": 4,
            "r2": 0.9986220331215268,
            "reduced_chisq": 7.950153576341269e-08,
            "status": "completed",
            "success": true,
            "time_max": 300.0,
            "time_min": 0.0
          },
          "nt_id": 175,
          "params": {
            "fmod0": 0.0004465649310622875,
            "kdeg": 0.028991548187307568,
            "kobs": 0.016590481112538948,
            "log_fmod0": -7.713925745908566,
            "log_fmod0_err": 0.6097951660424329,
            "log_kdeg": -3.540750933290063,
            "log_kdeg_err": 0.0437664250170666,
            "log_kobs": -4.098926175047239,
            "log_kobs_err": 0.01879481851173656,
            "metadata": {
              "base": "A",
              "fmod_run_ids": [
                678,
                679,
                680,
                681,
                682,
                683,
                684
              ],
              "site": 22,
              "valtype": "modrate"
            }
          },
          "valtype": "modrate"
        },
        {
          "diagnostics": {
            "chisq": 5.5785716364479e-07,
            "covariance": {
              "matrix": [
                [
                  0.007107913645354842,
                  -0.0004812982734895003,
                  -0.021048585183585475
                ],
                [
                  -0.0004812982734895003,
                  0.06221380731807528,
                  -0.013733218318747718
                ],
                [
                  -0.021048585183585475,
                  -0.013733218318747718,
                  0.07704859550738694
                ]
              ],
              "params": [
                "log_kappa",
                "log_kdeg",
                "log_fmod_0"
              ]
            },
            "ndata": 7,
            "nfree": 4,
            "r2": 0.9724983818026375,
            "reduced_chisq": 1.394642909111975e-07,
            "status": "completed",
            "success": true,
            "time_max": 300.0,
            "time_min": 0.0
          },
          "nt_id": 176,
          "params": {
            "fmod0": 0.0013444015983012818,
            "kdeg": 0.0751410084442067,
            "kobs": 0.00490540766045839,
            "log_fmod0": -6.611806273255594,
            "log_fmod0_err": 0.27757628772535115,
            "log_kdeg": -2.588388818055909,
            "log_kdeg_err": 0.24942695788161165,
            "log_kobs": -5.317417078213791,
            "log_kobs_err": 0.08430844349977552,
            "metadata": {
              "base": "U",
              "fmod_run_ids": [
                678,
                679,
                680,
                681,
                682,
                683,
                684
              ],
              "site": 23,
              "valtype": "modrate"
            }
          },
          "valtype": "modrate"
        },
        {
          "diagnostics": {
            "chisq": 1.965885993902724e-06,
            "covariance": {
              "matrix": [
                [
                  0.001019841111168665,
                  0.00017107741812971136,
                  -0.017172177874635246
                ],
                [
                  0.00017107741812971136,
                  0.005589426801453783,
                  -0.01875389045284016
                ],
                [
                  -0.017172177874635246,
                  -0.01875389045284016,
                  0.3932179606308669
                ]
              ],
              "params": [
                "log_kappa",
                "log_kdeg",
                "log_fmod_0"
              ]
            },
            "ndata": 7,
            "nfree": 4,
            "r2": 0.9960603679712902,
            "reduced_chisq": 4.91471498475681e-07,
            "status": "completed",
            "success": true,
            "time_max": 300.0,
            "time_min": 0.0
          },
          "nt_id": 177,
          "params": {
            "fmod0": 0.0010930564089208753,
            "kdeg": 0.034349113398663145,
            "kobs": 0.02460605670149298,
            "log_fmod0": -6.818777461859726,
            "log_fmod0_err": 0.6270709374790597,
            "log_kdeg": -3.3711790714572722,
            "log_kdeg_err": 0.07476246920383103,
            "log_kobs": -3.704762658970119,
            "log_kobs_err": 0.03193495124731937,
            "metadata": {
              "base": "C",
              "fmod_run_ids": [
                678,
                679,
                680,
                681,
                682,
                683,
                684
              ],
              "site": 24,
              "valtype": "modrate"
            }
          },
          "valtype": "modrate"
        },
        {
          "diagnostics": {
            "chisq": 3.9432354985714457e-07,
            "covariance": {
              "matrix": [
                [
                  0.015463465129794357,
                  0.0010888681745424484,
                  -0.02194113125024145
                ],
                [
                  0.0010888681745424484,
                  0.10358237613084029,
                  -0.018411833461710377
                ],
                [
                  -0.02194113125024145,
                  -0.018411833461710377,
                  0.03958226698505504
                ]
              ],
              "params": [
                "log_kappa",
                "log_kdeg",
                "log_fmod_0"
              ]
            },
            "ndata": 7,
            "nfree": 4,
            "r2": 0.9419410743093036,
            "reduced_chisq": 9.858088746428614e-08,
            "status": "completed",
            "success": true,
            "time_max": 300.0,
            "time_min": 0.0
          },
          "nt_id": 178,
          "params": {
            "fmod0": 0.0015715838028032103,
            "kdeg": 0.05492364714157558,
            "kobs": 0.0027893115243484696,
            "log_fmod0": -6.455671376515816,
            "log_fmod0_err": 0.19895292655564292,
            "log_kdeg": -2.901811292028456,
            "log_kdeg_err": 0.3218421602755616,
            "log_kobs": -5.881960479066969,
            "log_kobs_err": 0.12435218184573343,
            "metadata": {
              "base": "U",
              "fmod_run_ids": [
                678,
                679,
                680,
                681,
                682,
                683,
                684
              ],
              "site": 25,
              "valtype": "modrate"
            }
          },
          "valtype": "modrate"
        },
        {
          "diagnostics": {
            "chisq": 4.734612874262592e-09,
            "covariance": {
              "matrix": [
                [
                  0.004036614007215313,
                  0.0007215438583872739,
                  -0.004428488776375929
                ],
                [
                  0.0007215438583872739,
                  0.022538229934379428,
                  -0.005994285175135862
                ],
                [
                  -0.004428488776375929,
                  -0.005994285175135862,
                  0.007202697610650087
                ]
              ],
              "params": [
                "log_kappa",
                "log_kdeg",
                "log_fmod_0"
              ]
            },
            "ndata": 7,
            "nfree": 4,
            "r2": 0.9842081661488036,
            "reduced_chisq": 1.183653218565648e-09,
            "status": "completed",
            "success": true,
            "time_max": 300.0,
            "time_min": 0.0
          },
          "nt_id": 179,
          "params": {
            "fmod0": 0.00038572673870413527,
            "kdeg": 0.0245910285124527,
            "kobs": 0.0005853953355654104,
            "log_fmod0": -7.860381370019094,
            "log_fmod0_err": 0.08486870807694723,
            "log_kdeg": -3.705373597176818,
            "log_kdeg_err": 0.15012737902987391,
            "log_kobs": -7.443223151682527,
            "log_kobs_err": 0.0635343529692033,
            "metadata": {
              "base": "G",
              "fmod_run_ids": [
                678,
                679,
                680,
                681,
                682,
                683,
                684
              ],
              "site": 26,
              "valtype": "modrate"
            }
          },
          "valtype": "modrate"
        },
        {
          "diagnostics": {
            "chisq": 1.1511520721130087e-06,
            "covariance": {
              "matrix": [
                [
                  0.000735356321740479,
                  0.00013269547419026732,
                  -0.03813414200213061
                ],
                [
                  0.00013269547419026732,
                  0.003970192303606182,
                  -0.04553000754799177
                ],
                [
                  -0.03813414200213061,
                  -0.04553000754799177,
                  2.7809491805800155
                ]
              ],
              "params": [
                "log_kappa",
                "log_kdeg",
                "log_fmod_0"
              ]
            },
            "ndata": 7,
            "nfree": 4,
            "r2": 0.9971516255809946,
            "reduced_chisq": 2.8778801802825217e-07,
            "status": "completed",
            "success": true,
            "time_max": 300.0,
            "time_min": 0.0
          },
          "nt_id": 180,
          "params": {
            "fmod0": 0.00031105812886172415,
            "kdeg": 0.02935824737393925,
            "kobs": 0.022010497346816173,
            "log_fmod0": -8.07553075372722,
            "log_fmod0_err": 1.6676178161017636,
            "log_kdeg": -3.528181771365719,
            "log_kdeg_err": 0.06300946201647957,
            "log_kobs": -3.816235787296691,
            "log_kobs_err": 0.0271174541898844,
            "metadata": {
              "base": "A",
              "fmod_run_ids": [
                678,
                679,
                680,
                681,
                682,
                683,
                684
              ],
              "site": 27,
              "valtype": "modrate"
            }
          },
          "valtype": "modrate"
        },
        {
          "diagnostics": {
            "chisq": 1.590351794996036e-08,
            "covariance": {
              "matrix": [
                [
                  0.015789909471048184,
                  -0.0014149624829772574,
                  -0.014797825225483605
                ],
                [
                  -0.0014149624829772574,
                  0.14571018707238786,
                  -0.0093404782784275
                ],
                [
                  -0.014797825225483605,
                  -0.0093404782784275,
                  0.017094197805004995
                ]
              ],
              "params": [
                "log_kappa",
                "log_kdeg",
                "log_fmod_0"
              ]
            },
            "ndata": 7,
            "nfree": 4,
            "r2": 0.9406678134398327,
            "reduced_chisq": 3.97587948749009e-09,
            "status": "completed",
            "success": true,
            "time_max": 300.0,
            "time_min": 0.0
          },
          "nt_id": 181,
          "params": {
            "fmod0": 0.00048199607226095156,
            "kdeg": 0.07838782265316976,
            "kobs": 0.0005531708685781999,
            "log_fmod0": -7.637574592783076,
            "log_fmod0_err": 0.13074478117693644,
            "log_kdeg": -2.546086686991094,
            "log_kdeg_err": 0.3817200375568302,
            "log_kobs": -7.499843619397198,
            "log_kobs_err": 0.12565790652023526,
            "metadata": {
              "base": "G",
              "fmod_run_ids": [
                678,
                679,
                680,
                681,
                682,
                683,
                684
              ],
              "site": 28,
              "valtype": "modrate"
            }
          },
          "valtype": "modrate"
        },
        {
          "diagnostics": {
            "chisq": 1.6998586123347193e-06,
            "covariance": {
              "matrix": [
                [
                  0.0007787084217724881,
                  0.00013738007624292502,
                  -0.01394469109705879
                ],
                [
                  0.00013738007624292502,
                  0.004203565687248405,
                  -0.01758492068714136
                ],
                [
                  -0.01394469109705879,
                  -0.01758492068714136,
                  0.36037741993285904
                ]
              ],
              "params": [
                "log_kappa",
                "log_kdeg",
                "log_fmod_0"
              ]
            },
            "ndata": 7,
            "nfree": 4,
            "r2": 0.9969962448811268,
            "reduced_chisq": 4.249646530836798e-07,
            "status": "completed",
            "success": true,
            "time_max": 300.0,
            "time_min": 0.0
          },
          "nt_id": 182,
          "params": {
            "fmod0": 0.0010418170972495348,
            "kdeg": 0.02660115024233865,
            "kobs": 0.026011377707733027,
            "log_fmod0": -6.866788881528934,
            "log_fmod0_err": 0.6003144342199837,
            "log_kdeg": -3.626800821936218,
            "log_kdeg_err": 0.06483491102213687,
            "log_kobs": -3.649221232537846,
            "log_kobs_err": 0.02790534754796091,
            "metadata": {
              "base": "C",
              "fmod_run_ids": [
                678,
                679,
                680,
                681,
                682,
                683,
                684
              ],
              "site": 29,
              "valtype": "modrate"
            }
          },
          "valtype": "modrate"
        },
        {
          "diagnostics": {
            "chisq": 1.1922873475400912e-07,
            "covariance": {
              "matrix": [
                [
                  6.244344776876643e-05,
                  1.1214719257050178e-05,
                  -0.0006609074376336451
                ],
                [
                  1.1214719257050178e-05,
                  0.00033638537059451555,
                  -0.0007997847394438151
                ],
                [
                  -0.0006609074376336451,
                  -0.0007997847394438151,
                  0.009901204063245793
                ]
              ],
              "params": [
                "log_kappa",
                "log_kdeg",
                "log_fmod_0"
              ]
            },
            "ndata": 7,
            "nfree": 4,
            "r2": 0.9997580788225127,
            "reduced_chisq": 2.980718368850228e-08,
            "status": "completed",
            "success": true,
            "time_max": 300.0,
            "time_min": 0.0
          },
          "nt_id": 183,
          "params": {
            "fmod0": 0.0016743557739535662,
            "kdeg": 0.028579521385302044,
            "kobs": 0.024345820338642084,
            "log_fmod0": -6.392326800252525,
            "log_fmod0_err": 0.09950479417216937,
            "log_kdeg": -3.555064853111121,
            "log_kdeg_err": 0.01834081161220832,
            "log_kobs": -3.7153950935240525,
            "log_kobs_err": 0.007902116663829156,
            "metadata": {
              "base": "C",
              "fmod_run_ids": [
                678,
                679,
                680,
                681,
                682,
                683,
                684
              ],
              "site": 30,
              "valtype": "modrate"
            }
          },
          "valtype": "modrate"
        },
        {
          "diagnostics": {
            "chisq": 2.0375814846986132e-07,
            "covariance": {
              "matrix": [
                [
                  0.005124864354026296,
                  -0.0008269705032303229,
                  -0.011348361325674291
                ],
                [
                  -0.0008269705032303229,
                  0.05522128493857874,
                  -0.006452935369939042
                ],
                [
                  -0.011348361325674291,
                  -0.006452935369939042,
                  0.03077355351942768
                ]
              ],
              "params": [
                "log_kappa",
                "log_kdeg",
                "log_fmod_0"
              ]
            },
            "ndata": 7,
            "nfree": 4,
            "r2": 0.9800267494419962,
            "reduced_chisq": 5.093953711746533e-08,
            "status": "completed",
            "success": true,
            "time_max": 300.0,
            "time_min": 0.0
          },
          "nt_id": 184,
          "params": {
            "fmod0": 0.0012862388915228398,
            "kdeg": 0.08755666985922864,
            "kobs": 0.0034836426371419593,
            "log_fmod0": -6.656032907181518,
            "log_fmod0_err": 0.17542392516252645,
            "log_kdeg": -2.4354690397228613,
            "log_kdeg_err": 0.23499209548105812,
            "log_kobs": -5.659676797829742,
            "log_kobs_err": 0.07158815791753756,
            "metadata": {
              "base": "U",
              "fmod_run_ids": [
                678,
                679,
                680,
                681,
                682,
                683,
                684
              ],
              "site": 51,
              "valtype": "modrate"
            }
          },
          "valtype": "modrate"
        },
        {
          "diagnostics": {
            "chisq": 6.887290967448211e-07,
            "covariance": {
              "matrix": [
                [
                  0.007960213755974572,
                  -0.0014968227411428043,
                  -0.023250851767033176
                ],
                [
                  -0.0014968227411428043,
                  0.09093890783308013,
                  -0.012755384753468737
                ],
                [
                  -0.023250851767033176,
                  -0.012755384753468737,
                  0.08301175891653291
                ]
              ],
              "params": [
                "log_kappa",
                "log_kdeg",
                "log_fmod_0"
              ]
            },
            "ndata": 7,
            "nfree": 4,
            "r2": 0.969384823858291,
            "reduced_chisq": 1.7218227418620528e-07,
            "status": "completed",
            "success": true,
            "time_max": 300.0,
            "time_min": 0.0
          },
          "nt_id": 185,
          "params": {
            "fmod0": 0.0014398980194267768,
            "kdeg": 0.09079053843810628,
            "kobs": 0.00514636182732432,
            "log_fmod0": -6.543182987744587,
            "log_fmod0_err": 0.28811761299256405,
            "log_kdeg": -2.3992002010278175,
            "log_kdeg_err": 0.30156078629868327,
            "log_kobs": -5.269465255249974,
            "log_kobs_err": 0.089220030015544,
            "metadata": {
              "base": "U",
              "fmod_run_ids": [
                678,
                679,
                680,
                681,
                682,
                683,
                684
              ],
              "site": 52,
              "valtype": "modrate"
            }
          },
          "valtype": "modrate"
        },
        {
          "diagnostics": {
            "chisq": 5.797558832220371e-07,
            "covariance": {
              "matrix": [
                [
                  0.0002084194537446215,
                  3.657392074631731e-05,
                  -0.003471118004686213
                ],
                [
                  3.657392074631731e-05,
                  0.0011201872892727068,
                  -0.004028202226458763
                ],
                [
                  -0.003471118004686213,
                  -0.004028202226458763,
                  0.08053004877435263
                ]
              ],
              "params": [
                "log_kappa",
                "log_kdeg",
                "log_fmod_0"
              ]
            },
            "ndata": 7,
            "nfree": 4,
            "r2": 0.9991971849205913,
            "reduced_chisq": 1.4493897080550927e-07,
            "status": "completed",
            "success": true,
            "time_max": 300.0,
            "time_min": 0.0
          },
          "nt_id": 186,
          "params": {
            "fmod0": 0.0013014150358107031,
            "kdeg": 0.030520717119697536,
            "kobs": 0.02961019750226801,
            "log_fmod0": -6.644303117404201,
            "log_fmod0_err": 0.2837781682482862,
            "log_kdeg": -3.4893495761283746,
            "log_kdeg_err": 0.03346919911310557,
            "log_kobs": -3.519636466770382,
            "log_kobs_err": 0.01443673972005527,
            "metadata": {
              "base": "C",
              "fmod_run_ids": [
                678,
                679,
                680,
                681,
                682,
                683,
                684
              ],
              "site": 53,
              "valtype": "modrate"
            }
          },
          "valtype": "modrate"
        },
        {
          "diagnostics": {
            "chisq": 5.913736964292419e-09,
            "covariance": {
              "matrix": [
                [
                  0.009519706810878803,
                  -0.003108686347716781,
                  -0.0047105650784974185
                ],
                [
                  -0.003108686347716781,
                  0.07122751871619444,
                  -0.010938423288374154
                ],
                [
                  -0.0047105650784974185,
                  -0.010938423288374154,
                  0.005534755923699295
                ]
              ],
              "params": [
                "log_kappa",
                "log_kdeg",
                "log_fmod_0"
              ]
            },
            "ndata": 7,
            "nfree": 4,
            "r2": 0.9638347156480503,
            "reduced_chisq": 1.4784342410731048e-09,
            "status": "completed",
            "success": true,
            "time_max": 300.0,
            "time_min": 0.0
          },
          "nt_id": 187,
          "params": {
            "fmod0": 0.0004626244779493751,
            "kdeg": 0.014072844280604905,
            "kobs": 0.00042676847613078297,
            "log_fmod0": -7.678594895711711,
            "log_fmod0_err": 0.07439594023667753,
            "log_kdeg": -4.263508276146178,
            "log_kdeg_err": 0.2668848416755707,
            "log_kobs": -7.759268902251452,
            "log_kobs_err": 0.09756898488187116,
            "metadata": {
              "base": "G",
              "fmod_run_ids": [
                678,
                679,
                680,
                681,
                682,
                683,
                684
              ],
              "site": 54,
              "valtype": "modrate"
            }
          },
          "valtype": "modrate"
        },
        {
          "diagnostics": {
            "chisq": 1.1050639669597916e-08,
            "covariance": {
              "matrix": [
                [
                  0.06869786802631513,
                  0.012767083587050417,
                  -0.01894537074989225
                ],
                [
                  0.012767083587050417,
                  0.3804319596796081,
                  -0.024821276832817596
                ],
                [
                  -0.01894537074989225,
                  -0.024821276832817596,
                  0.0076151269440150856
                ]
              ],
              "params": [
                "log_kappa",
                "log_kdeg",
                "log_fmod_0"
              ]
            },
            "ndata": 7,
            "nfree": 4,
            "r2": 0.7855232328880866,
            "reduced_chisq": 2.762659917399479e-09,
            "status": "completed",
            "success": true,
            "time_max": 300.0,
            "time_min": 0.0
          },
          "nt_id": 188,
          "params": {
            "fmod0": 0.0005757899305857749,
            "kdeg": 0.025894848372261192,
            "kobs": 0.00021712789213375037,
            "log_fmod0": -7.459767667633145,
            "log_fmod0_err": 0.08726469471679303,
            "log_kdeg": -3.6537112346066776,
            "log_kdeg_err": 0.6167916663506472,
            "log_kobs": -8.435024013359303,
            "log_kobs_err": 0.26210278141659454,
            "metadata": {
              "base": "G",
              "fmod_run_ids": [
                678,
                679,
                680,
                681,
                682,
                683,
                684
              ],
              "site": 33,
              "valtype": "modrate"
            }
          },
          "valtype": "modrate"
        },
        {
          "diagnostics": {
            "chisq": 1.0390836806334841e-08,
            "covariance": {
              "matrix": [
                [
                  0.016143368138278404,
                  0.0027437014694924925,
                  -0.0118460292915699
                ],
                [
                  0.0027437014694924925,
                  0.09106457057311051,
                  -0.01652049742861017
                ],
                [
                  -0.0118460292915699,
                  -0.01652049742861017,
                  0.013099844877708662
                ]
              ],
              "params": [
                "log_kappa",
                "log_kdeg",
                "log_fmod_0"
              ]
            },
            "ndata": 7,
            "nfree": 4,
            "r2": 0.9396565206490787,
            "reduced_chisq": 2.5977092015837104e-09,
            "status": "completed",
            "success": true,
            "time_max": 300.0,
            "time_min": 0.0
          },
          "nt_id": 189,
          "params": {
            "fmod0": 0.0004219418717954093,
            "kdeg": 0.023524506930626698,
            "kobs": 0.00043285458780124755,
            "log_fmod0": -7.770642997976557,
            "log_fmod0_err": 0.11445455376571376,
            "log_kdeg": -3.7497125531085933,
            "log_kdeg_err": 0.301769068284194,
            "log_kobs": -7.745108711302989,
            "log_kobs_err": 0.12705655488119613,
            "metadata": {
              "base": "G",
              "fmod_run_ids": [
                678,
                679,
                680,
                681,
                682,
                683,
                684
              ],
              "site": 34,
              "valtype": "modrate"
            }
          },
          "valtype": "modrate"
        },
        {
          "diagnostics": {
            "chisq": 1.7966772955558865e-06,
            "covariance": {
              "matrix": [
                [
                  0.0014137234728683842,
                  0.0002558697841629893,
                  -0.025242079358195488
                ],
                [
                  0.0002558697841629893,
                  0.007651914018611247,
                  -0.029870044497141517
                ],
                [
                  -0.025242079358195488,
                  -0.029870044497141517,
                  0.631010521027815
                ]
              ],
              "params": [
                "log_kappa",
                "log_kdeg",
                "log_fmod_0"
              ]
            },
            "ndata": 7,
            "nfree": 4,
            "r2": 0.9945250577056993,
            "reduced_chisq": 4.4916932388897164e-07,
            "status": "completed",
            "success": true,
            "time_max": 300.0,
            "time_min": 0.0
          },
          "nt_id": 190,
          "params": {
            "fmod0": 0.0008168633760847722,
            "kdeg": 0.029922994434965898,
            "kobs": 0.019798733262954747,
            "log_fmod0": -7.110038703422582,
            "log_fmod0_err": 0.7943617066726057,
            "log_kdeg": -3.509128049501118,
            "log_kdeg_err": 0.08747521945449035,
            "log_kobs": -3.922137319946686,
            "log_kobs_err": 0.03759951426372932,
            "metadata": {
              "base": "A",
              "fmod_run_ids": [
                678,
                679,
                680,
                681,
                682,
                683,
                684
              ],
              "site": 35,
              "valtype": "modrate"
            }
          },
          "valtype": "modrate"
        },
        {
          "diagnostics": {
            "chisq": 2.0664368154779075e-09,
            "covariance": {
              "matrix": [
                [
                  0.0013466880361696389,
