{
  "artifacts": {},
  "engine": "python_baseline",
  "engine_version": "0.1.0",
  "metadata": {
    "buffer_pH": 6.5,
    "done_by": [
      "EKC"
    ],
    "experiment_id": "ekc.01.0xx",
    "fmod_run_id": 515,
    "notes": "Baseline python engine demo using examples/nerd.sqlite",
    "rg_id": 16,
    "rg_label": "60_1",
    "rounds_requested": [
      "round1_free",
      "round2_global",
      "round3_constrained"
    ],
    "temperature_c": 60.0,
    "valtypes": [
      "modrate",
      "GAmodrate"
    ]
  },
  "rounds": [
    {
      "global_params": {},
      "notes": null,
      "per_nt": [
        {
          "diagnostics": {
            "reason": "Non-zero fmod values are required for a fit.",
            "status": "failed"
          },
          "nt_id": 390,
          "params": {},
          "valtype": "modrate"
        },
        {
          "diagnostics": {
            "reason": "Non-zero fmod values are required for a fit.",
            "status": "failed"
          },
          "nt_id": 391,
          "params": {},
          "valtype": "modrate"
        },
        {
          "diagnostics": {
            "reason": "Non-zero fmod values are required for a fit.",
            "status": "failed"
          },
          "nt_id": 392,
          "params": {},
          "valtype": "modrate"
        },
        {
          "diagnostics": {
            "reason": "Non-zero fmod values are required for a fit.",
            "status": "failed"
          },
          "nt_id": 393,
          "params": {},
          "valtype": "modrate"
        },
        {
          "diagnostics": {
            "chisq": 2.1119955050050798e-07,
            "covariance": {
              "matrix": [
                [
                  0.03744812906059988,
                  0.008645241119667762,
                  -0.0798330561764467
                ],
                [
                  0.008645241119667762,
                  0.20150647970331656,
                  -0.08502574408542034
                ],
                [
                  -0.0798330561764467,
                  -0.08502574408542034,
                  0.22570514022349
                ]
              ],
              "params": [
                "log_kappa",
                "log_kdeg",
                "log_fmod_0"
              ]
            },
            "ndata": 7,
            "nfree": 4,
            "r2": 0.8709931927905813,
            "reduced_chisq": 5.2799887625126994e-08,
            "status": "completed",
            "success": true,
            "time_max": 540.0,
            "time_min": 0.0
          },
          "nt_id": 394,
          "params": {
            "fmod0": 0.00047602976957786177,
            "kdeg": 0.02505383187223863,
            "kobs": 0.0013047062157386386,
            "log_fmod0": -7.650030164558507,
            "log_fmod0_err": 0.47508435064048365,
            "log_kdeg": -3.6867284941981784,
            "log_kdeg_err": 0.44889473120467405,
            "log_kobs": -6.641777385590608,
            "log_kobs_err": 0.193515190774781,
            "metadata": {
              "base": "U",
              "fmod_run_ids": [
                509,
                510,
                511,
                512,
                513,
                514,
                515
              ],
              "site": 5,
              "valtype": "modrate"
            }
          },
          "valtype": "modrate"
        },
        {
          "diagnostics": {
            "chisq": 5.655328333333334e-07,
            "ndata": 7,
            "nfree": 4,
            "r2": 0.8753142527288535,
            "reduced_chisq": 1.4138320833333336e-07,
            "status": "completed",
            "success": true,
            "time_max": 540.0,
            "time_min": 0.0
          },
          "nt_id": 395,
          "params": {
            "fmod0": 0.0003000000000030441,
            "kdeg": 1.8515966513371656,
            "kobs": 0.002154485905539246,
            "log_fmod0": -8.111728083297926,
            "log_kdeg": 0.6160483216494532,
            "log_kobs": -6.140203142800633,
            "metadata": {
              "base": "G",
              "fmod_run_ids": [
                509,
                510,
                511,
                512,
                513,
                514,
                515
              ],
              "site": 6,
              "valtype": "modrate"
            }
          },
          "valtype": "modrate"
        },
        {
          "diagnostics": {
            "chisq": 2.295757624242987e-06,
            "covariance": {
              "matrix": [
                [
                  0.0005729717665129165,
                  -2.194921912258102e-05,
                  -0.44861921009081945
                ],
                [
                  -2.194921912258102e-05,
                  0.004014652923921705,
                  -0.902713226382933
                ],
                [
                  -0.44861921009081945,
                  -0.902713226382933,
                  681.1289803994481
                ]
              ],
              "params": [
                "log_kappa",
                "log_kdeg",
                "log_fmod_0"
              ]
            },
            "ndata": 7,
            "nfree": 4,
            "r2": 0.9977965896178254,
            "reduced_chisq": 5.739394060607468e-07,
            "status": "completed",
            "success": true,
            "time_max": 540.0,
            "time_min": 0.0
          },
          "nt_id": 396,
          "params": {
            "fmod0": 2.624157504625464e-05,
            "kdeg": 0.010266829032286972,
            "kobs": 0.03464747190767825,
            "log_fmod0": -10.548165571061185,
            "log_fmod0_err": 26.098447854220144,
            "log_kdeg": -4.5788370629626245,
            "log_kdeg_err": 0.0633612888435968,
            "log_kobs": -3.362530516825361,
            "log_kobs_err": 0.02393682866448512,
            "metadata": {
              "base": "A",
              "fmod_run_ids": [
                509,
                510,
                511,
                512,
                513,
                514,
                515
              ],
              "site": 7,
              "valtype": "modrate"
            }
          },
          "valtype": "modrate"
        },
        {
          "diagnostics": {
            "chisq": 2.2386364482010417e-06,
            "covariance": {
              "matrix": [
                [
                  0.0005089778283574922,
                  4.304605405689803e-06,
                  -0.028916586583878776
                ],
                [
                  4.304605405689803e-06,
                  0.0034818186490187726,
                  -0.05608371964993467
                ],
                [
                  -0.028916586583878776,
                  -0.05608371964993467,
                  3.069206311732967
                ]
              ],
              "params": [
                "log_kappa",
                "log_kdeg",
                "log_fmod_0"
              ]
            },
            "ndata": 7,
            "nfree": 4,
            "r2": 0.9980455685872406,
            "reduced_chisq": 5.596591120502604e-07,
            "status": "completed",
            "success": true,
            "time_max": 540.0,
            "time_min": 0.0
          },
          "nt_id": 397,
          "params": {
            "fmod0": 0.00038807166505614913,
            "kdeg": 0.010639749999939916,
            "kobs": 0.036364675718195204,
            "log_fmod0": -7.854320531643677,
            "log_fmod0_err": 1.7519150412428586,
            "log_kdeg": -4.543158291590928,
            "log_kdeg_err": 0.059006937295700855,
            "log_kobs": -3.3141574228306223,
            "log_kobs_err": 0.022560536969617816,
            "metadata": {
              "base": "A",
              "fmod_run_ids": [
                509,
                510,
                511,
                512,
                513,
                514,
                515
              ],
              "site": 8,
              "valtype": "modrate"
            }
          },
          "valtype": "modrate"
        },
        {
          "diagnostics": {
            "chisq": 7.038706320291387e-06,
            "covariance": {
              "matrix": [
                [
                  0.0010516134014138137,
                  0.00014593283830019262,
                  -0.0771944774881781
                ],
                [
                  0.00014593283830019262,
                  0.00657641460853992,
                  -0.1316173705952085
                ],
                [
                  -0.0771944774881781,
                  -0.1316173705952085,
                  9.474907627311314
                ]
              ],
              "params": [
                "log_kappa",
                "log_kdeg",
                "log_fmod_0"
              ]
            },
            "ndata": 7,
            "nfree": 4,
            "r2": 0.9960226248901399,
            "reduced_chisq": 1.7596765800728468e-06,
            "status": "completed",
            "success": true,
            "time_max": 540.0,
            "time_min": 0.0
          },
          "nt_id": 398,
          "params": {
            "fmod0": 0.0003990221972910641,
            "kdeg": 0.012162227770916495,
            "kobs": 0.04545762634689914,
            "log_fmod0": -7.826493510313399,
            "log_fmod0_err": 3.078133789702994,
            "log_kdeg": -4.409420214378968,
            "log_kdeg_err": 0.08109509608194518,
            "log_kobs": -3.09097467602347,
            "log_kobs_err": 0.032428589260308775,
            "metadata": {
              "base": "C",
              "fmod_run_ids": [
                509,
                510,
                511,
                512,
                513,
                514,
                515
              ],
              "site": 9,
              "valtype": "modrate"
            }
          },
          "valtype": "modrate"
        },
        {
          "diagnostics": {
            "chisq": 9.062772472143466e-08,
            "covariance": {
              "matrix": [
                [
                  0.11375514764372394,
                  0.03227820361377111,
                  -0.05508097297776199
                ],
                [
                  0.03227820361377111,
                  0.6232275502990358,
                  -0.0709766369530926
                ],
                [
                  -0.05508097297776199,
                  -0.0709766369530926,
                  0.037377452511303984
                ]
              ],
              "params": [
                "log_kappa",
                "log_kdeg",
                "log_fmod_0"
              ]
            },
            "ndata": 7,
            "nfree": 4,
            "r2": 0.6905443070888441,
            "reduced_chisq": 2.2656931180358666e-08,
            "status": "completed",
            "success": true,
            "time_max": 540.0,
            "time_min": 0.0
          },
          "nt_id": 399,
          "params": {
            "fmod0": 0.0007523283592937845,
            "kdeg": 0.018778474444806785,
            "kobs": 0.00048427697749863646,
            "log_fmod0": -7.192337681320375,
            "log_fmod0_err": 0.1933324921251055,
            "log_kdeg": -3.9750440414724815,
            "log_kdeg_err": 0.7894476235311851,
            "log_kobs": -7.632853547371112,
            "log_kobs_err": 0.337276070369251,
            "metadata": {
              "base": "U",
              "fmod_run_ids": [
                509,
                510,
                511,
                512,
                513,
                514,
                515
              ],
              "site": 10,
              "valtype": "modrate"
            }
          },
          "valtype": "modrate"
        },
        {
          "diagnostics": {
            "chisq": 5.149886366997746e-08,
            "covariance": {
              "matrix": [
                [
                  0.03279385397458589,
                  0.008510233079869346,
                  -0.02360578767606931
                ],
                [
                  0.008510233079869346,
                  0.17587588396170925,
                  -0.027100857318442962
                ],
                [
                  -0.02360578767606931,
                  -0.027100857318442962,
                  0.022951155704603453
                ]
              ],
              "params": [
                "log_kappa",
                "log_kdeg",
                "log_fmod_0"
              ]
            },
            "ndata": 7,
            "nfree": 4,
            "r2": 0.8853918807687331,
            "reduced_chisq": 1.2874715917494365e-08,
            "status": "completed",
            "success": true,
            "time_max": 540.0,
            "time_min": 0.0
          },
          "nt_id": 400,
          "params": {
            "fmod0": 0.0007326916696165654,
            "kdeg": 0.0223873559191957,
            "kobs": 0.0006853970379293075,
            "log_fmod0": -7.218785586295819,
            "log_fmod0_err": 0.15149638842098995,
            "log_kdeg": -3.7992589473861695,
            "log_kdeg_err": 0.41937558818046294,
            "log_kobs": -7.285512270200295,
            "log_kobs_err": 0.1810907340936744,
            "metadata": {
              "base": "U",
              "fmod_run_ids": [
                509,
                510,
                511,
                512,
                513,
                514,
                515
              ],
              "site": 11,
              "valtype": "modrate"
            }
          },
          "valtype": "modrate"
        },
        {
          "diagnostics": {
            "chisq": 1.1456083331508856e-07,
            "covariance": {
              "matrix": [
                [
                  0.02774975463684897,
                  0.007787564468105415,
                  -0.026495198986434543
                ],
                [
                  0.007787564468105415,
                  0.15084195974495146,
                  -0.03327678040906172
                ],
                [
                  -0.026495198986434543,
                  -0.03327678040906172,
                  0.035132087987637554
                ]
              ],
              "params": [
                "log_kappa",
                "log_kdeg",
                "log_fmod_0"
              ]
            },
            "ndata": 7,
            "nfree": 4,
            "r2": 0.9014951963773388,
            "reduced_chisq": 2.864020832877214e-08,
            "status": "completed",
            "success": true,
            "time_max": 540.0,
            "time_min": 0.0
          },
          "nt_id": 401,
          "params": {
            "fmod0": 0.0008750852206714943,
            "kdeg": 0.019508125291097033,
            "kobs": 0.0011051905311731088,
            "log_fmod0": -7.041189281296114,
            "log_fmod0_err": 0.1874355568925959,
            "log_kdeg": -3.9369242186053843,
            "log_kdeg_err": 0.3883837789415921,
            "log_kobs": -6.807737532475141,
            "log_kobs_err": 0.16658257603017482,
            "metadata": {
              "base": "U",
              "fmod_run_ids": [
                509,
                510,
                511,
                512,
                513,
                514,
                515
              ],
              "site": 12,
              "valtype": "modrate"
            }
          },
          "valtype": "modrate"
        },
        {
          "diagnostics": {
            "chisq": 7.57676841957548e-08,
            "covariance": {
              "matrix": [
                [
                  0.017433552422257463,
                  0.004549952761411985,
                  -0.03270565457727763
                ],
                [
                  0.004549952761411985,
                  0.09348584505564397,
                  -0.03773826351412218
                ],
                [
                  -0.03270565457727763,
                  -0.03773826351412218,
                  0.0829966280898175
                ]
              ],
              "params": [
                "log_kappa",
                "log_kdeg",
                "log_fmod_0"
              ]
            },
            "ndata": 7,
            "nfree": 4,
            "r2": 0.9356551609355256,
            "reduced_chisq": 1.89419210489387e-08,
            "status": "completed",
            "success": true,
            "time_max": 540.0,
            "time_min": 0.0
          },
          "nt_id": 402,
          "params": {
            "fmod0": 0.00046712017177373886,
            "kdeg": 0.022201669561414505,
            "kobs": 0.0011403941388015205,
            "log_fmod0": -7.668924006259699,
            "log_fmod0_err": 0.28809135372276884,
            "log_kdeg": -3.807587787462571,
            "log_kdeg_err": 0.305754550343317,
            "log_kobs": -6.776381340537772,
            "log_kobs_err": 0.1320361784597595,
            "metadata": {
              "base": "U",
              "fmod_run_ids": [
                509,
                510,
                511,
                512,
                513,
                514,
                515
              ],
              "site": 13,
              "valtype": "modrate"
            }
          },
          "valtype": "modrate"
        },
        {
          "diagnostics": {
            "chisq": 1.2922712857609768e-05,
            "covariance": {
              "matrix": [
                [
                  3.6977839844808187e+18,
                  -3.6206719147382236e+18,
                  -17688113.728771634
                ],
                [
                  -3.6206719147382236e+18,
                  3.560930069334559e+18,
                  -6929017.27818359
                ],
                [
                  -17688113.728771634,
                  -6929017.27818359,
                  0.0723891117406119
                ]
              ],
              "params": [
                "log_kappa",
                "log_kdeg",
                "log_fmod_0"
              ]
            },
            "ndata": 7,
            "nfree": 4,
            "r2": -3.6131098113401094e-11,
            "reduced_chisq": 3.230678214402442e-06,
            "status": "completed",
            "success": true,
            "time_max": 540.0,
            "time_min": 0.0
          },
          "nt_id": 403,
          "params": {
            "fmod0": 0.0036311428683711666,
            "kdeg": 5.65477385576827e-10,
            "kobs": 2.493939724526196e-06,
            "log_fmod0": -5.618207840485347,
            "log_fmod0_err": 0.2690522472320421,
            "log_kdeg": -21.293350811310237,
            "log_kdeg_err": 1887042678.196378,
            "log_kobs": -12.90164687919167,
            "log_kobs_err": 1922962294.087125,
            "metadata": {
              "base": "G",
              "fmod_run_ids": [
                509,
                510,
                511,
                512,
                513,
                514,
                515
              ],
              "site": 14,
              "valtype": "modrate"
            }
          },
          "valtype": "modrate"
        },
        {
          "diagnostics": {
            "chisq": 1.0342457895239861e-05,
            "covariance": {
              "matrix": [
                [
                  0.0023462922523910016,
                  -0.0006520351796404666,
                  -0.03653463626061814
                ],
                [
                  -0.0006520351796404666,
                  0.01787325563829848,
                  -0.08578149667213468
                ],
                [
                  -0.03653463626061814,
                  -0.08578149667213468,
                  1.3318268561272717
                ]
              ],
              "params": [
                "log_kappa",
                "log_kdeg",
                "log_fmod_0"
              ]
            },
            "ndata": 7,
            "nfree": 4,
            "r2": 0.9911405791625449,
            "reduced_chisq": 2.5856144738099653e-06,
            "status": "completed",
            "success": true,
            "time_max": 540.0,
            "time_min": 0.0
          },
          "nt_id": 404,
          "params": {
            "fmod0": 0.0012335318818891298,
            "kdeg": 0.008918044546706127,
            "kobs": 0.036688521816228684,
            "log_fmod0": -6.697873775641303,
            "log_fmod0_err": 1.1540480302514586,
            "log_kdeg": -4.71967857764399,
            "log_kdeg_err": 0.1336908958691596,
            "log_kobs": -3.3052913298912885,
            "log_kobs_err": 0.04843854098123726,
            "metadata": {
              "base": "A",
              "fmod_run_ids": [
                509,
                510,
                511,
                512,
                513,
                514,
                515
              ],
              "site": 15,
              "valtype": "modrate"
            }
          },
          "valtype": "modrate"
        },
        {
          "diagnostics": {
            "chisq": 5.090987346818931e-06,
            "covariance": {
              "matrix": [
                [
                  0.001521467011237398,
                  -0.00036419084182311205,
                  -0.030946621211676184
                ],
                [
                  -0.00036419084182311205,
                  0.01151406229210169,
                  -0.07126045130307208
                ],
                [
                  -0.030946621211676184,
                  -0.07126045130307208,
                  1.4303945303231518
                ]
              ],
              "params": [
                "log_kappa",
                "log_kdeg",
                "log_fmod_0"
              ]
            },
            "ndata": 7,
            "nfree": 4,
            "r2": 0.9941925213893947,
            "reduced_chisq": 1.2727468367047327e-06,
            "status": "completed",
            "success": true,
            "time_max": 540.0,
            "time_min": 0.0
          },
          "nt_id": 405,
          "params": {
            "fmod0": 0.0008372623255428059,
            "kdeg": 0.009096368726058497,
            "kobs": 0.031739313083955854,
            "log_fmod0": -7.085373124937817,
            "log_fmod0_err": 1.1959910243489087,
            "log_kdeg": -4.699879986189889,
            "log_kdeg_err": 0.10730359869129129,
            "log_kobs": -3.450199206085429,
            "log_kobs_err": 0.039005986864036626,
            "metadata": {
              "base": "A",
              "fmod_run_ids": [
                509,
                510,
                511,
                512,
                513,
                514,
                515
              ],
              "site": 16,
              "valtype": "modrate"
            }
          },
          "valtype": "modrate"
        },
        {
          "diagnostics": {
            "chisq": 3.595413902880694e-08,
            "covariance": {
              "matrix": [
                [
                  0.007589254330432337,
                  0.002107912724015802,
                  -0.014718600802057658
                ],
                [
                  0.002107912724015802,
                  0.04107591277113064,
                  -0.018161620554738626
                ],
                [
                  -0.014718600802057658,
                  -0.018161620554738626,
                  0.0394055834034155
                ]
              ],
              "params": [
                "log_kappa",
                "log_kdeg",
                "log_fmod_0"
              ]
            },
            "ndata": 7,
            "nfree": 4,
            "r2": 0.9709788884387334,
            "reduced_chisq": 8.988534757201736e-09,
            "status": "completed",
            "success": true,
            "time_max": 540.0,
            "time_min": 0.0
          },
          "nt_id": 406,
          "params": {
            "fmod0": 0.00046381029024374006,
            "kdeg": 0.020040053320341263,
            "kobs": 0.001185524659848864,
            "log_fmod0": -7.676034946576245,
            "log_fmod0_err": 0.19850839630457826,
            "log_kdeg": -3.910022342073341,
            "log_kdeg_err": 0.20267193385155882,
            "log_kobs": -6.737569851453002,
            "log_kobs_err": 0.087116326428703,
            "metadata": {
              "base": "U",
              "fmod_run_ids": [
                509,
                510,
                511,
                512,
                513,
                514,
                515
              ],
              "site": 17,
              "valtype": "modrate"
            }
          },
          "valtype": "modrate"
        },
        {
          "diagnostics": {
            "chisq": 4.871722931899036e-07,
            "covariance": {
              "matrix": [
                [
                  0.00013291472404303398,
                  1.1776952848969693e-05,
                  -0.0032514981221953426
                ],
                [
                  1.1776952848969693e-05,
                  0.0008730765964434769,
                  -0.005914186655224808
                ],
                [
                  -0.0032514981221953426,
                  -0.005914186655224808,
                  0.1395077823337655
                ]
              ],
              "params": [
                "log_kappa",
                "log_kdeg",
                "log_fmod_0"
              ]
            },
            "ndata": 7,
            "nfree": 4,
            "r2": 0.9994877069928293,
            "reduced_chisq": 1.217930732974759e-07,
            "status": "completed",
            "success": true,
            "time_max": 540.0,
            "time_min": 0.0
          },
          "nt_id": 407,
          "params": {
            "fmod0": 0.0008573568777637497,
            "kdeg": 0.011431108387700019,
            "kobs": 0.033125427453690244,
            "log_fmod0": -7.0616562992525616,
            "log_fmod0_err": 0.37350740599587245,
            "log_kdeg": -4.471416834074603,
            "log_kdeg_err": 0.029547869575376782,
            "log_kobs": -3.407454090496663,
            "log_kobs_err": 0.011528864820225537,
            "metadata": {
              "base": "A",
              "fmod_run_ids": [
                509,
                510,
                511,
                512,
                513,
                514,
                515
              ],
              "site": 18,
              "valtype": "modrate"
            }
          },
          "valtype": "modrate"
        },
        {
          "diagnostics": {
            "chisq": 8.14925099247503e-08,
            "covariance": {
              "matrix": [
                [
                  0.010515599342740451,
                  0.0009322183913593432,
                  -0.023329150411504906
                ],
                [
                  0.0009322183913593432,
                  0.06423247055867816,
                  -0.0191495346114881
                ],
                [
                  -0.023329150411504906,
                  -0.0191495346114881,
                  0.0657854917645425
                ]
              ],
              "params": [
                "log_kappa",
                "log_kdeg",
                "log_fmod_0"
              ]
            },
            "ndata": 7,
            "nfree": 4,
            "r2": 0.9597430680455314,
            "reduced_chisq": 2.0373127481187576e-08,
            "status": "completed",
            "success": true,
            "time_max": 540.0,
            "time_min": 0.0
          },
          "nt_id": 408,
          "params": {
            "fmod0": 0.0005540302932671588,
            "kdeg": 0.036239472825844055,
            "kobs": 0.001539893712224461,
            "log_fmod0": -7.49829119172429,
            "log_fmod0_err": 0.25648682571341264,
            "log_kdeg": -3.317606344661396,
            "log_kdeg_err": 0.25344125662306477,
            "log_kobs": -6.476041882974518,
            "log_kobs_err": 0.1025455964083317,
            "metadata": {
              "base": "G",
              "fmod_run_ids": [
                509,
                510,
                511,
                512,
                513,
                514,
                515
              ],
              "site": 19,
              "valtype": "modrate"
            }
          },
          "valtype": "modrate"
        },
        {
          "diagnostics": {
            "chisq": 2.3251930715456702e-07,
            "covariance": {
              "matrix": [
                [
                  0.04966698143652024,
                  -0.0017915053091351225,
                  -0.059443444008432635
                ],
                [
                  -0.0017915053091351225,
                  0.3711230349952746,
                  -0.04065947939867775
                ],
                [
                  -0.059443444008432635,
                  -0.04065947939867775,
                  0.08880642233921565
                ]
              ],
              "params": [
                "log_kappa",
                "log_kdeg",
                "log_fmod_0"
              ]
            },
            "ndata": 7,
            "nfree": 4,
            "r2": 0.8344400449022378,
            "reduced_chisq": 5.8129826788641754e-08,
            "status": "completed",
            "success": true,
            "time_max": 540.0,
            "time_min": 0.0
          },
          "nt_id": 409,
          "params": {
            "fmod0": 0.0008078207338578568,
            "kdeg": 0.04588771684541182,
            "kobs": 0.001197079212588766,
            "log_fmod0": -7.121170388095951,
            "log_fmod0_err": 0.2980040642998274,
            "log_kdeg": -3.081557804582514,
            "log_kdeg_err": 0.6091986826933186,
            "log_kobs": -6.727870678665367,
            "log_kobs_err": 0.22286090154291363,
            "metadata": {
              "base": "U",
              "fmod_run_ids": [
                509,
                510,
                511,
                512,
                513,
                514,
                515
              ],
              "site": 20,
              "valtype": "modrate"
            }
          },
          "valtype": "modrate"
        },
        {
          "diagnostics": {
            "chisq": 1.2222288333599661e-06,
            "ndata": 7,
            "nfree": 4,
            "r2": 0.8782264298247463,
            "reduced_chisq": 3.0555720833999154e-07,
            "status": "completed",
            "success": true,
            "time_max": 540.0,
            "time_min": 0.0
          },
          "nt_id": 410,
          "params": {
            "fmod0": 0.0006060000000447782,
            "kdeg": 0.8548805981032985,
            "kobs": 0.003211986242647716,
            "log_fmod0": -7.408630571821068,
            "log_kdeg": -0.15679347113870468,
            "log_kobs": -5.740865766017717,
            "metadata": {
              "base": "G",
              "fmod_run_ids": [
                509,
                510,
                511,
                512,
                513,
                514,
                515
              ],
              "site": 21,
              "valtype": "modrate"
            }
          },
          "valtype": "modrate"
        },
        {
          "diagnostics": {
            "chisq": 1.6551946833712875e-05,
            "covariance": {
              "matrix": [
                [
                  0.0032873076073651956,
                  -0.0007371137894014496,
                  -0.03530061004222216
                ],
                [
                  -0.0007371137894014496,
                  0.024580864133502422,
                  -0.08004547508865945
                ],
                [
                  -0.03530061004222216,
                  -0.08004547508865945,
                  0.8494134881520758
                ]
              ],
              "params": [
                "log_kappa",
                "log_kdeg",
                "log_fmod_0"
              ]
            },
            "ndata": 7,
            "nfree": 4,
            "r2": 0.9876226794330086,
            "reduced_chisq": 4.137986708428219e-06,
            "status": "completed",
            "success": true,
            "time_max": 540.0,
            "time_min": 0.0
          },
          "nt_id": 411,
          "params": {
            "fmod0": 0.0019626366172836446,
            "kdeg": 0.009164781371098598,
            "kobs": 0.03921729232917814,
            "log_fmod0": -6.233466496828152,
            "log_fmod0_err": 0.9216363101311036,
            "log_kdeg": -4.692387252737835,
            "log_kdeg_err": 0.15678285663140093,
            "log_kobs": -3.2386374986089463,
            "log_kobs_err": 0.05733504693784767,
            "metadata": {
              "base": "A",
              "fmod_run_ids": [
                509,
                510,
                511,
                512,
                513,
                514,
                515
              ],
              "site": 22,
              "valtype": "modrate"
            }
          },
          "valtype": "modrate"
        },
        {
          "diagnostics": {
            "chisq": 2.600333486848791e-07,
            "covariance": {
              "matrix": [
                [
                  0.09839109140791329,
                  0.008981460270581712,
                  -0.06087076640111396
                ],
                [
                  0.008981460270581712,
                  0.5994112479041542,
                  -0.05017810168336304
                ],
                [
                  -0.06087076640111396,
                  -0.05017810168336304,
                  0.04788733973381995
                ]
              ],
              "params": [
                "log_kappa",
                "log_kdeg",
                "log_fmod_0"
              ]
            },
            "ndata": 7,
            "nfree": 4,
            "r2": 0.7180314300736133,
            "reduced_chisq": 6.500833717121977e-08,
            "status": "completed",
            "success": true,
            "time_max": 540.0,
            "time_min": 0.0
          },
          "nt_id": 412,
          "params": {
            "fmod0": 0.0011598853783400236,
            "kdeg": 0.03605831188362208,
            "kobs": 0.0008986401215101662,
            "log_fmod0": -6.759434090521911,
            "log_fmod0_err": 0.21883176125466786,
            "log_kdeg": -3.322617876400892,
            "log_kdeg_err": 0.7742165381236403,
            "log_kobs": -7.014627913415348,
            "log_kobs_err": 0.31367354272860387,
            "metadata": {
              "base": "U",
              "fmod_run_ids": [
                509,
                510,
                511,
                512,
                513,
                514,
                515
              ],
              "site": 23,
              "valtype": "modrate"
            }
          },
          "valtype": "modrate"
        },
        {
          "diagnostics": {
            "chisq": 3.8658235824396353e-07,
            "covariance": {
              "matrix": [
                [
                  0.0756972824391814,
                  0.0055612053449760925,
                  -0.08382158035549665
                ],
                [
                  0.0055612053449760925,
                  0.47225960721822335,
                  -0.06719396937743996
                ],
                [
                  -0.08382158035549665,
                  -0.06719396937743996,
                  0.11765011674694427
                ]
              ],
              "params": [
                "log_kappa",
                "log_kdeg",
                "log_fmod_0"
              ]
            },
            "ndata": 7,
            "nfree": 4,
            "r2": 0.7679529927122711,
            "reduced_chisq": 9.664558956099088e-08,
            "status": "completed",
            "success": true,
            "time_max": 540.0,
            "time_min": 0.0
          },
          "nt_id": 413,
          "params": {
            "fmod0": 0.0009028268537351939,
            "kdeg": 0.0374172344057777,
            "kobs": 0.0012499479536670374,
            "log_fmod0": -7.009979768519542,
            "log_fmod0_err": 0.3430016279071344,
            "log_kdeg": -3.285623867714641,
            "log_kdeg_err": 0.6872114719780392,
            "log_kobs": -6.684653365601144,
            "log_kobs_err": 0.2751313912282301,
            "metadata": {
              "base": "U",
              "fmod_run_ids": [
                509,
                510,
                511,
                512,
                513,
                514,
                515
              ],
              "site": 24,
              "valtype": "modrate"
            }
          },
          "valtype": "modrate"
        },
        {
          "diagnostics": {
            "chisq": 1.2574426070763073e-05,
            "covariance": {
              "matrix": [
                [
                  0.0018271942245875453,
                  -0.00012009722071713623,
                  -0.030382116116272676
                ],
                [
                  -0.00012009722071713623,
                  0.012801290335390823,
                  -0.06169930197870719
                ],
                [
                  -0.030382116116272676,
                  -0.06169930197870719,
                  0.9972184173398064
                ]
              ],
              "params": [
                "log_kappa",
                "log_kdeg",
                "log_fmod_0"
              ]
            },
            "ndata": 7,
            "nfree": 4,
            "r2": 0.9930922443394753,
            "reduced_chisq": 3.143606517690768e-06,
            "status": "completed",
            "success": true,
            "time_max": 540.0,
            "time_min": 0.0
          },
          "nt_id": 414,
          "params": {
            "fmod0": 0.0016023489958522158,
            "kdeg": 0.010077987842990825,
            "kobs": 0.0459690050112972,
            "log_fmod0": -6.43628460396684,
            "log_fmod0_err": 0.9986082401721941,
            "log_kdeg": -4.5974016550162995,
            "log_kdeg_err": 0.1131427873767958,
            "log_kobs": -3.079787913703284,
            "log_kobs_err": 0.04274569246821889,
            "metadata": {
              "base": "C",
              "fmod_run_ids": [
                509,
                510,
                511,
                512,
                513,
                514,
                515
              ],
              "site": 25,
              "valtype": "modrate"
            }
          },
          "valtype": "modrate"
        },
        {
          "diagnostics": {
            "chisq": 2.0043210952080342e-06,
            "covariance": {
              "matrix": [
                [
                  0.00045997061155015066,
                  -2.767946692246558e-05,
                  -0.009359940473079306
                ],
                [
                  -2.767946692246558e-05,
                  0.003248476981284399,
                  -0.019104198629814138
                ],
                [
                  -0.009359940473079306,
                  -0.019104198629814138,
                  0.37550584446512864
                ]
              ],
              "params": [
                "log_kappa",
                "log_kdeg",
                "log_fmod_0"
              ]
            },
            "ndata": 7,
            "nfree": 4,
