{
  "artifacts": {},
  "engine": "python_baseline",
  "engine_version": "0.1.0",
  "metadata": {
    "buffer_pH": 8.0,
    "done_by": [
      "EKC"
    ],
    "experiment_id": "ekc.01.0xx",
    "fmod_run_id": 351,
    "notes": "Baseline python engine demo using examples/nerd.sqlite",
    "rg_id": 126,
    "rg_label": "4",
    "rounds_requested": [
      "round1_free",
      "round2_global",
      "round3_constrained"
    ],
    "temperature_c": 23.0,
    "valtypes": [
      "modrate",
      "GAmodrate"
    ]
  },
  "rounds": [
    {
      "global_params": {},
      "notes": null,
      "per_nt": [
        {
          "diagnostics": {
            "reason": "Non-zero fmod values are required for a fit.",
            "status": "failed"
          },
          "nt_id": 555,
          "params": {},
          "valtype": "modrate"
        },
        {
          "diagnostics": {
            "chisq": 2.8982705677746775e-05,
            "covariance": {
              "matrix": [
                [
                  0.6469962007563698,
                  0.038730594931230815,
                  -5.574917277352064
                ],
                [
                  0.038730594931230815,
                  4.237794505456758,
                  -8.517991104370376
                ],
                [
                  -5.574917277352064,
                  -8.517991104370376,
                  76.30759024578536
                ]
              ],
              "params": [
                "log_kappa",
                "log_kdeg",
                "log_fmod_0"
              ]
            },
            "ndata": 7,
            "nfree": 4,
            "r2": 0.2795923110897891,
            "reduced_chisq": 7.245676419436694e-06,
            "status": "completed",
            "success": true,
            "time_max": 34890.0,
            "time_min": 0.0
          },
          "nt_id": 556,
          "params": {
            "fmod0": 0.0002881658059544606,
            "kdeg": 0.0001842932926488053,
            "kobs": 0.0035721496836222774,
            "log_fmod0": -8.151974528369044,
            "log_fmod0_err": 8.735421583746566,
            "log_kdeg": -8.5989820876089,
            "log_kdeg_err": 2.0585904171196265,
            "log_kobs": -5.634587712136378,
            "log_kobs_err": 0.8043607404370068,
            "metadata": {
              "base": "G",
              "fmod_run_ids": [
                345,
                346,
                347,
                348,
                349,
                350,
                351
              ],
              "site": 103,
              "valtype": "modrate"
            }
          },
          "valtype": "modrate"
        },
        {
          "diagnostics": {
            "chisq": 1.707399489762446e-05,
            "covariance": {
              "matrix": [
                [
                  0.006674229061294217,
                  0.0014138153479655669,
                  -0.17531625726053604
                ],
                [
                  0.0014138153479655669,
                  0.04145965801732719,
                  -0.20883595571787653
                ],
                [
                  -0.17531625726053604,
                  -0.20883595571787653,
                  6.265731841039219
                ]
              ],
              "params": [
                "log_kappa",
                "log_kdeg",
                "log_fmod_0"
              ]
            },
            "ndata": 7,
            "nfree": 4,
            "r2": 0.9749114651029536,
            "reduced_chisq": 4.268498724406115e-06,
            "status": "completed",
            "success": true,
            "time_max": 34890.0,
            "time_min": 0.0
          },
          "nt_id": 557,
          "params": {
            "fmod0": 0.0008036256350842204,
            "kdeg": 0.00027766481347453063,
            "kobs": 0.028087460841203827,
            "log_fmod0": -7.126377025228391,
            "log_fmod0_err": 2.503144390769182,
            "log_kdeg": -8.189095878649168,
            "log_kdeg_err": 0.20361644829759504,
            "log_kobs": -3.5724320356433097,
            "log_kobs_err": 0.08169595498734449,
            "metadata": {
              "base": "A",
              "fmod_run_ids": [
                345,
                346,
                347,
                348,
                349,
                350,
                351
              ],
              "site": 104,
              "valtype": "modrate"
            }
          },
          "valtype": "modrate"
        },
        {
          "diagnostics": {
            "chisq": 3.951947932788109e-06,
            "covariance": {
              "matrix": [
                [
                  0.003104460826567162,
                  0.0005118210410365886,
                  -0.04370559424553052
                ],
                [
                  0.0005118210410365886,
                  0.01941007478617868,
                  -0.058372869286280105
                ],
                [
                  -0.04370559424553052,
                  -0.058372869286280105,
                  0.8898373492814052
                ]
              ],
              "params": [
                "log_kappa",
                "log_kdeg",
                "log_fmod_0"
              ]
            },
            "ndata": 7,
            "nfree": 4,
            "r2": 0.9880319750826814,
            "reduced_chisq": 9.879869831970273e-07,
            "status": "completed",
            "success": true,
            "time_max": 34890.0,
            "time_min": 0.0
          },
          "nt_id": 558,
          "params": {
            "fmod0": 0.001007446295050193,
            "kdeg": 0.0002255405294614825,
            "kobs": 0.01947758003352801,
            "log_fmod0": -6.9003365707253055,
            "log_fmod0_err": 0.9433119045582989,
            "log_kdeg": -8.39701068363481,
            "log_kdeg_err": 0.13932004445225632,
            "log_kobs": -3.938491216743033,
            "log_kobs_err": 0.05571768863266998,
            "metadata": {
              "base": "A",
              "fmod_run_ids": [
                345,
                346,
                347,
                348,
                349,
                350,
                351
              ],
              "site": 105,
              "valtype": "modrate"
            }
          },
          "valtype": "modrate"
        },
        {
          "diagnostics": {
            "chisq": 6.808024724495553e-06,
            "covariance": {
              "matrix": [
                [
                  0.13010788286582864,
                  0.005979062942979572,
                  -0.25483762703858187
                ],
                [
                  0.005979062942979572,
                  0.8559572483886967,
                  -0.39412395870813094
                ],
                [
                  -0.25483762703858187,
                  -0.39412395870813094,
                  0.8013729657578798
                ]
              ],
              "params": [
                "log_kappa",
                "log_kdeg",
                "log_fmod_0"
              ]
            },
            "ndata": 7,
            "nfree": 4,
            "r2": 0.6586939076906959,
            "reduced_chisq": 1.7020061811238881e-06,
            "status": "completed",
            "success": true,
            "time_max": 34890.0,
            "time_min": 0.0
          },
          "nt_id": 559,
          "params": {
            "fmod0": 0.001360714918363733,
            "kdeg": 0.00018096155679103303,
            "kobs": 0.003860892893021437,
            "log_fmod0": -6.5997450420855674,
            "log_fmod0_err": 0.8951943731714804,
            "log_kdeg": -8.617225942676832,
            "log_kdeg_err": 0.9251795762924605,
            "log_kobs": -5.556856802820008,
            "log_kobs_err": 0.3607047031379389,
            "metadata": {
              "base": "U",
              "fmod_run_ids": [
                345,
                346,
                347,
                348,
                349,
                350,
                351
              ],
              "site": 106,
              "valtype": "modrate"
            }
          },
          "valtype": "modrate"
        },
        {
          "diagnostics": {
            "chisq": 2.297239667620376e-06,
            "covariance": {
              "matrix": [
                [
                  0.26234703441593776,
                  -0.07104076156896993,
                  -0.2969126361412315
                ],
                [
                  -0.07104076156896993,
                  1.9068463079891402,
                  -0.5787989558733452
                ],
                [
                  -0.2969126361412315,
                  -0.5787989558733452,
                  0.6858598209043689
                ]
              ],
              "params": [
                "log_kappa",
                "log_kdeg",
                "log_fmod_0"
              ]
            },
            "ndata": 7,
            "nfree": 4,
            "r2": 0.4909053286750612,
            "reduced_chisq": 5.74309916905094e-07,
            "status": "completed",
            "success": true,
            "time_max": 34890.0,
            "time_min": 0.0
          },
          "nt_id": 560,
          "params": {
            "fmod0": 0.0008280943704722693,
            "kdeg": 0.0001387011616588274,
            "kobs": 0.0015888693135492832,
            "log_fmod0": -7.096383436073232,
            "log_fmod0_err": 0.8281665417682418,
            "log_kdeg": -8.88318885534455,
            "log_kdeg_err": 1.3808860590175933,
            "log_kobs": -6.444732639272196,
            "log_kobs_err": 0.5121982374197882,
            "metadata": {
              "base": "U",
              "fmod_run_ids": [
                345,
                346,
                347,
                348,
                349,
                350,
                351
              ],
              "site": 107,
              "valtype": "modrate"
            }
          },
          "valtype": "modrate"
        },
        {
          "diagnostics": {
            "chisq": 2.770052833333334e-06,
            "ndata": 7,
            "nfree": 4,
            "r2": 0.15598626615474864,
            "reduced_chisq": 6.925132083333335e-07,
            "status": "completed",
            "success": true,
            "time_max": 34890.0,
            "time_min": 0.0
          },
          "nt_id": 561,
          "params": {
            "fmod0": 0.0005140000000370985,
            "kdeg": 2.9953166678167284e+16,
            "kobs": 0.0007731321229669083,
            "log_fmod0": -7.573287292436933,
            "log_kdeg": 37.93841144604207,
            "log_kobs": -7.165060601644884,
            "metadata": {
              "base": "G",
              "fmod_run_ids": [
                345,
                346,
                347,
                348,
                349,
                350,
                351
              ],
              "site": 108,
              "valtype": "modrate"
            }
          },
          "valtype": "modrate"
        },
        {
          "diagnostics": {
            "chisq": 2.2344987574573707e-06,
            "covariance": {
              "matrix": [
                [
                  0.49974186600065396,
                  0.032812862150063904,
                  -0.24743505928417578
                ],
                [
                  0.032812862150063904,
                  3.274820231125631,
                  -0.3770219780613261
                ],
                [
                  -0.24743505928417578,
                  -0.3770219780613261,
                  0.19389539688424715
                ]
              ],
              "params": [
                "log_kappa",
                "log_kdeg",
                "log_fmod_0"
              ]
            },
            "ndata": 7,
            "nfree": 4,
            "r2": 0.3338582758385924,
            "reduced_chisq": 5.586246893643427e-07,
            "status": "completed",
            "success": true,
            "time_max": 34890.0,
            "time_min": 0.0
          },
          "nt_id": 562,
          "params": {
            "fmod0": 0.0015887767088272231,
            "kdeg": 0.00018549863740788988,
            "kobs": 0.0011258123062473278,
            "log_fmod0": -6.444790924381006,
            "log_fmod0_err": 0.4403355503297992,
            "log_kdeg": -8.59246302145379,
            "log_kdeg_err": 1.8096464381546002,
            "log_kobs": -6.789250453880815,
            "log_kobs_err": 0.7069242293206918,
            "metadata": {
              "base": "C",
              "fmod_run_ids": [
                345,
                346,
                347,
                348,
                349,
                350,
                351
              ],
              "site": 109,
              "valtype": "modrate"
            }
          },
          "valtype": "modrate"
        },
        {
          "diagnostics": {
            "chisq": 6.265424053347214e-06,
            "covariance": {
              "matrix": [
                [
                  0.2709745125631313,
                  -0.11368146595207072,
                  -0.770106577889159
                ],
                [
                  -0.11368146595207072,
                  2.0391971334416663,
                  -1.6463237149494516
                ],
                [
                  -0.770106577889159,
                  -1.6463237149494516,
                  5.030864837936634
                ]
              ],
              "params": [
                "log_kappa",
                "log_kdeg",
                "log_fmod_0"
              ]
            },
            "ndata": 7,
            "nfree": 4,
            "r2": 0.4864591604832965,
            "reduced_chisq": 1.5663560133368035e-06,
            "status": "completed",
            "success": true,
            "time_max": 34890.0,
            "time_min": 0.0
          },
          "nt_id": 563,
          "params": {
            "fmod0": 0.0005000875044243925,
            "kdeg": 0.0001278420042782061,
            "kobs": 0.002611901313457323,
            "log_fmod0": -7.6007274660055595,
            "log_fmod0_err": 2.24295894700207,
            "log_kdeg": -8.964715398048197,
            "log_kdeg_err": 1.4280045985365966,
            "log_kobs": -5.947676850265889,
            "log_kobs_err": 0.5205521228110892,
            "metadata": {
              "base": "G",
              "fmod_run_ids": [
                345,
                346,
                347,
                348,
                349,
                350,
                351
              ],
              "site": 110,
              "valtype": "modrate"
            }
          },
          "valtype": "modrate"
        },
        {
          "diagnostics": {
            "chisq": 7.515267186919194e-06,
            "covariance": {
              "matrix": [
                [
                  0.5160509324832427,
                  -0.0641390789000378,
                  -2.0505386346517716
                ],
                [
                  -0.0641390789000378,
                  3.5960395558425726,
                  -3.624150202622451
                ],
                [
                  -2.0505386346517716,
                  -3.624150202622451,
                  14.874590888596408
                ]
              ],
              "params": [
                "log_kappa",
                "log_kdeg",
                "log_fmod_0"
              ]
            },
            "ndata": 7,
            "nfree": 4,
            "r2": 0.327378233278002,
            "reduced_chisq": 1.8788167967297986e-06,
            "status": "completed",
            "success": true,
            "time_max": 34890.0,
            "time_min": 0.0
          },
          "nt_id": 564,
          "params": {
            "fmod0": 0.0003254707738499197,
            "kdeg": 0.00015324037987529213,
            "kobs": 0.00203633731194422,
            "log_fmod0": -8.030237888826386,
            "log_fmod0_err": 3.8567591172636657,
            "log_kdeg": -8.783502759178411,
            "log_kdeg_err": 1.8963226402283375,
            "log_kobs": -6.196602520173319,
            "log_kobs_err": 0.7183668509078371,
            "metadata": {
              "base": "G",
              "fmod_run_ids": [
                345,
                346,
                347,
                348,
                349,
                350,
                351
              ],
              "site": 111,
              "valtype": "modrate"
            }
          },
          "valtype": "modrate"
        },
        {
          "diagnostics": {
            "chisq": 1.3481769574640338e-05,
            "covariance": {
              "matrix": [
                [
                  0.8115214882689666,
                  0.08372998422154877,
                  -4.542692065176317
                ],
                [
                  0.08372998422154877,
                  5.247664695813774,
                  -6.66858154948086
                ],
                [
                  -4.542692065176317,
                  -6.66858154948086,
                  39.05574296127489
                ]
              ],
              "params": [
                "log_kappa",
                "log_kdeg",
                "log_fmod_0"
              ]
            },
            "ndata": 7,
            "nfree": 4,
            "r2": 0.23639895614904471,
            "reduced_chisq": 3.3704423936600846e-06,
            "status": "completed",
            "success": true,
            "time_max": 34890.0,
            "time_min": 0.0
          },
          "nt_id": 565,
          "params": {
            "fmod0": 0.00027663425467720337,
            "kdeg": 0.00019620450992111521,
            "kobs": 0.002175178919645523,
            "log_fmod0": -8.19281430447369,
            "log_fmod0_err": 6.249459413523292,
            "log_kdeg": -8.53635302475104,
            "log_kdeg_err": 2.2907781856421137,
            "log_kobs": -6.130644355918827,
            "log_kobs_err": 0.9008448746976178,
            "metadata": {
              "base": "G",
              "fmod_run_ids": [
                345,
                346,
                347,
                348,
                349,
                350,
                351
              ],
              "site": 112,
              "valtype": "modrate"
            }
          },
          "valtype": "modrate"
        },
        {
          "diagnostics": {
            "chisq": 2.6791556374693143e-06,
            "covariance": {
              "matrix": [
                [
                  0.03326514648454127,
                  0.007729093531425613,
                  -0.2896843183367244
                ],
                [
                  0.007729093531425613,
                  0.21355085247005975,
                  -0.3298097101789076
                ],
                [
                  -0.2896843183367244,
                  -0.3298097101789076,
                  3.344235100187167
                ]
              ],
              "params": [
                "log_kappa",
                "log_kdeg",
                "log_fmod_0"
              ]
            },
            "ndata": 7,
            "nfree": 4,
            "r2": 0.8839624476807326,
            "reduced_chisq": 6.697889093673286e-07,
            "status": "completed",
            "success": true,
            "time_max": 34890.0,
            "time_min": 0.0
          },
          "nt_id": 566,
          "params": {
            "fmod0": 0.0004390870758242102,
            "kdeg": 0.0003152155874353974,
            "kobs": 0.004888479260448555,
            "log_fmod0": -7.730812814161108,
            "log_fmod0_err": 1.8287249930449265,
            "log_kdeg": -8.062253748679817,
            "log_kdeg_err": 0.46211562673216294,
            "log_kobs": -5.320874013545998,
            "log_kobs_err": 0.18238735286346275,
            "metadata": {
              "base": "A",
              "fmod_run_ids": [
                345,
                346,
                347,
                348,
                349,
                350,
                351
              ],
              "site": 113,
              "valtype": "modrate"
            }
          },
          "valtype": "modrate"
        },
        {
          "diagnostics": {
            "chisq": 7.219599346279106e-06,
            "covariance": {
              "matrix": [
                [
                  0.0012734118902046124,
                  0.00027000752621305295,
                  -0.07702742631882113
                ],
                [
                  0.00027000752621305295,
                  0.00787819757575343,
                  -0.08680681674638566
                ],
                [
                  -0.07702742631882113,
                  -0.08680681674638566,
                  6.220209872278734
                ]
              ],
              "params": [
                "log_kappa",
                "log_kdeg",
                "log_fmod_0"
              ]
            },
            "ndata": 7,
            "nfree": 4,
            "r2": 0.9951886908335945,
            "reduced_chisq": 1.8048998365697765e-06,
            "status": "completed",
            "success": true,
            "time_max": 34890.0,
            "time_min": 0.0
          },
          "nt_id": 567,
          "params": {
            "fmod0": 0.0005277655163125476,
            "kdeg": 0.0003018390491816135,
            "kobs": 0.04258002758749681,
            "log_fmod0": -7.546858470791589,
            "log_fmod0_err": 2.4940348578716245,
            "log_kdeg": -8.105616632387347,
            "log_kdeg_err": 0.08875921121637703,
            "log_kobs": -3.1563699716190143,
            "log_kobs_err": 0.03568489722844403,
            "metadata": {
              "base": "A",
              "fmod_run_ids": [
                345,
                346,
                347,
                348,
                349,
                350,
                351
              ],
              "site": 114,
              "valtype": "modrate"
            }
          },
          "valtype": "modrate"
        },
        {
          "diagnostics": {
            "chisq": 7.248865544105317e-06,
            "covariance": {
              "matrix": [
                [
                  0.0016250369091808281,
                  0.00034760228983401093,
                  -0.0541638773429698
                ],
                [
                  0.00034760228983401093,
                  0.010081747271543007,
                  -0.06169509555684071
                ],
                [
                  -0.0541638773429698,
                  -0.06169509555684071,
                  2.4166072334458697
                ]
              ],
              "params": [
                "log_kappa",
                "log_kdeg",
                "log_fmod_0"
              ]
            },
            "ndata": 7,
            "nfree": 4,
            "r2": 0.9938360438518914,
            "reduced_chisq": 1.8122163860263293e-06,
            "status": "completed",
            "success": true,
            "time_max": 34890.0,
            "time_min": 0.0
          },
          "nt_id": 568,
          "params": {
            "fmod0": 0.0008475513180423966,
            "kdeg": 0.00029824010389662835,
            "kobs": 0.037556788540221125,
            "log_fmod0": -7.073159168280468,
            "log_fmod0_err": 1.5545440596669717,
            "log_kdeg": -8.117611678101268,
            "log_kdeg_err": 0.10040790442760474,
            "log_kobs": -3.281901130421628,
            "log_kobs_err": 0.04031174654093802,
            "metadata": {
              "base": "A",
              "fmod_run_ids": [
                345,
                346,
                347,
                348,
                349,
                350,
                351
              ],
              "site": 115,
              "valtype": "modrate"
            }
          },
          "valtype": "modrate"
        },
        {
          "diagnostics": {
            "chisq": 2.5859757915836236e-05,
            "covariance": {
              "matrix": [
                [
                  0.6858601866033832,
                  0.1021210659669285,
                  -2.0424463013391283
                ],
                [
                  0.1021210659669285,
                  4.371417679639109,
                  -2.8459293485559303
                ],
                [
                  -2.0424463013391283,
                  -2.8459293485559303,
                  8.98698610194556
                ]
              ],
              "params": [
                "log_kappa",
                "log_kdeg",
                "log_fmod_0"
              ]
            },
            "ndata": 7,
            "nfree": 4,
            "r2": 0.268516351589304,
            "reduced_chisq": 6.464939478959059e-06,
            "status": "completed",
            "success": true,
            "time_max": 34890.0,
            "time_min": 0.0
          },
          "nt_id": 569,
          "params": {
            "fmod0": 0.0008060272939497315,
            "kdeg": 0.0002138351690491433,
            "kobs": 0.003289404947703639,
            "log_fmod0": -7.1233929525697945,
            "log_fmod0_err": 2.997830232342312,
            "log_kdeg": -8.450305077816301,
            "log_kdeg_err": 2.0907935526108523,
            "log_kobs": -5.717048597522638,
            "log_kobs_err": 0.8281667625565416,
            "metadata": {
              "base": "G",
              "fmod_run_ids": [
                345,
                346,
                347,
                348,
                349,
                350,
                351
              ],
              "site": 116,
              "valtype": "modrate"
            }
          },
          "valtype": "modrate"
        },
        {
          "diagnostics": {
            "chisq": 2.4149623516697497e-05,
            "covariance": {
              "matrix": [
                [
                  0.8158873549934795,
                  0.10987027842273007,
                  -9.812064319801445
                ],
                [
                  0.10987027842273007,
                  5.222181987392528,
                  -13.911586813795823
                ],
                [
                  -9.812064319801445,
                  -13.911586813795823,
                  176.53750750380763
                ]
              ],
              "params": [
                "log_kappa",
                "log_kdeg",
                "log_fmod_0"
              ]
            },
            "ndata": 7,
            "nfree": 4,
            "r2": 0.23572065153475863,
            "reduced_chisq": 6.037405879174374e-06,
            "status": "completed",
            "success": true,
            "time_max": 34890.0,
            "time_min": 0.0
          },
          "nt_id": 570,
          "params": {
            "fmod0": 0.0001752034940128048,
            "kdeg": 0.0002076019241913279,
            "kobs": 0.0029104311384413736,
            "log_fmod0": -8.64956243666538,
            "log_fmod0_err": 13.286741794127243,
            "log_kdeg": -8.479888137971141,
            "log_kdeg_err": 2.285209396837088,
            "log_kobs": -5.839454051232989,
            "log_kobs_err": 0.903264831039867,
            "metadata": {
              "base": "G",
              "fmod_run_ids": [
                345,
                346,
                347,
                348,
                349,
                350,
                351
              ],
              "site": 117,
              "valtype": "modrate"
            }
          },
          "valtype": "modrate"
        },
        {
          "diagnostics": {
            "chisq": 2.011341531371845e-05,
            "covariance": {
              "matrix": [
                [
                  0.4139843602142154,
                  0.0154105136758927,
                  -3.7104605108354303
                ],
                [
                  0.0154105136758927,
                  2.73195733791784,
                  -5.783207252451303
                ],
                [
                  -3.7104605108354303,
                  -5.783207252451303,
                  53.7536751204753
                ]
              ],
              "params": [
                "log_kappa",
                "log_kdeg",
                "log_fmod_0"
              ]
            },
            "ndata": 7,
            "nfree": 4,
            "r2": 0.37751638309824265,
            "reduced_chisq": 5.028353828429612e-06,
            "status": "completed",
            "success": true,
            "time_max": 34890.0,
            "time_min": 0.0
          },
          "nt_id": 571,
          "params": {
            "fmod0": 0.00028499416274343787,
            "kdeg": 0.00017905737884351747,
            "kobs": 0.0037194174943543496,
            "log_fmod0": -8.163041859507347,
            "log_fmod0_err": 7.331689786159484,
            "log_kdeg": -8.627804251290977,
            "log_kdeg_err": 1.6528633754541964,
            "log_kobs": -5.594188210497344,
            "log_kobs_err": 0.6434161640914964,
            "metadata": {
              "base": "G",
              "fmod_run_ids": [
                345,
                346,
                347,
                348,
                349,
                350,
                351
              ],
              "site": 118,
              "valtype": "modrate"
            }
          },
          "valtype": "modrate"
        },
        {
          "diagnostics": {
            "chisq": 8.542149781615691e-06,
            "covariance": {
              "matrix": [
                [
                  0.7201965755421204,
                  0.1381819577502767,
                  -2.1829456343029574
                ],
                [
                  0.1381819577502767,
                  4.558932995068832,
                  -2.86622834082006
                ],
                [
                  -2.1829456343029574,
                  -2.86622834082006,
                  9.392395017196266
                ]
              ],
              "params": [
                "log_kappa",
                "log_kdeg",
                "log_fmod_0"
              ]
            },
            "ndata": 7,
            "nfree": 4,
            "r2": 0.25925339155865146,
            "reduced_chisq": 2.135537445403923e-06,
            "status": "completed",
            "success": true,
            "time_max": 34890.0,
            "time_min": 0.0
          },
          "nt_id": 572,
          "params": {
            "fmod0": 0.0004579235671282245,
            "kdeg": 0.0002393267210683357,
            "kobs": 0.0018499031310978797,
            "log_fmod0": -7.688808271776283,
            "log_fmod0_err": 3.064701456454815,
            "log_kdeg": -8.337680905813995,
            "log_kdeg_err": 2.1351658003698053,
            "log_kobs": -6.292622002831532,
            "log_kobs_err": 0.8486439627677324,
            "metadata": {
              "base": "G",
              "fmod_run_ids": [
                345,
                346,
                347,
                348,
                349,
                350,
                351
              ],
              "site": 119,
              "valtype": "modrate"
            }
          },
          "valtype": "modrate"
        },
        {
          "diagnostics": {
            "chisq": 5.302157020696445e-06,
            "covariance": {
              "matrix": [
                [
                  0.6848265247685864,
                  -0.06510804936328407,
                  -0.6175125063890691
                ],
                [
                  -0.06510804936328407,
                  4.731349527084066,
                  -1.069531442535293
                ],
                [
                  -0.6175125063890691,
                  -1.069531442535293,
                  0.9946922971351522
                ]
              ],
              "params": [
                "log_kappa",
                "log_kdeg",
                "log_fmod_0"
              ]
            },
            "ndata": 7,
            "nfree": 4,
            "r2": 0.2680751307901752,
            "reduced_chisq": 1.3255392551741113e-06,
            "status": "completed",
            "success": true,
            "time_max": 34890.0,
            "time_min": 0.0
          },
          "nt_id": 573,
          "params": {
            "fmod0": 0.0010600728017731377,
            "kdeg": 0.00015686946933574585,
            "kobs": 0.0014827230190684662,
            "log_fmod0": -6.849417692298533,
            "log_fmod0_err": 0.9973426177273045,
            "log_kdeg": -8.760096503930011,
            "log_kdeg_err": 2.17516655157348,
            "log_kobs": -6.513875003958988,
            "log_kobs_err": 0.8275424610064347,
            "metadata": {
              "base": "U",
              "fmod_run_ids": [
                345,
                346,
                347,
                348,
                349,
                350,
                351
              ],
              "site": 120,
              "valtype": "modrate"
            }
          },
          "valtype": "modrate"
        },
        {
          "diagnostics": {
            "chisq": 4.022705169239531e-06,
            "covariance": {
              "matrix": [
                [
                  0.3144323552985695,
                  -0.10611706828151335,
                  -0.3569741416212281
                ],
                [
                  -0.10611706828151335,
                  2.3234461033092533,
                  -0.7256691516198983
                ],
                [
                  -0.3569741416212281,
                  -0.7256691516198983,
                  0.87166805092864
                ]
              ],
              "params": [
                "log_kappa",
                "log_kdeg",
                "log_fmod_0"
              ]
            },
            "ndata": 7,
            "nfree": 4,
            "r2": 0.4472544589430242,
            "reduced_chisq": 1.0056762923098827e-06,
            "status": "completed",
            "success": true,
            "time_max": 34890.0,
            "time_min": 0.0
          },
          "nt_id": 574,
          "params": {
            "fmod0": 0.0009676516495280025,
            "kdeg": 0.00013346899950183994,
            "kobs": 0.0019293968432415672,
            "log_fmod0": -6.940638401645153,
            "log_fmod0_err": 0.9336316462763246,
            "log_kdeg": -8.921641320559056,
            "log_kdeg_err": 1.5242854402339652,
            "log_kobs": -6.250547841363933,
            "log_kobs_err": 0.560742681894797,
            "metadata": {
              "base": "C",
              "fmod_run_ids": [
                345,
                346,
                347,
                348,
                349,
                350,
                351
              ],
              "site": 121,
              "valtype": "modrate"
            }
          },
          "valtype": "modrate"
        },
        {
          "diagnostics": {
            "chisq": 3.939998426466016e-06,
            "covariance": {
              "matrix": [
                [
                  0.0020287490716388084,
                  0.0004383602545989572,
                  -0.06725502723656693
                ],
                [
                  0.0004383602545989572,
                  0.012662802830778556,
                  -0.07951898545673736
                ],
                [
                  -0.06725502723656693,
                  -0.07951898545673736,
                  3.0194053362926794
                ]
              ],
              "params": [
                "log_kappa",
                "log_kdeg",
                "log_fmod_0"
              ]
            },
            "ndata": 7,
            "nfree": 4,
            "r2": 0.9922111549063103,
            "reduced_chisq": 9.84999606616504e-07,
            "status": "completed",
            "success": true,
            "time_max": 34890.0,
            "time_min": 0.0
          },
          "nt_id": 575,
          "params": {
            "fmod0": 0.0005568261612488876,
            "kdeg": 0.00028353233471020787,
            "kobs": 0.0243985591300454,
            "log_fmod0": -7.493257465046231,
            "log_fmod0_err": 1.7376436160193147,
            "log_kdeg": -8.168184385885096,
            "log_kdeg_err": 0.11252911992359381,
            "log_kobs": -3.7132312004739414,
            "log_kobs_err": 0.045041637088796056,
            "metadata": {
              "base": "A",
              "fmod_run_ids": [
                345,
                346,
                347,
                348,
                349,
                350,
                351
              ],
              "site": 122,
              "valtype": "modrate"
            }
          },
          "valtype": "modrate"
        },
        {
          "diagnostics": {
            "chisq": 5.104058691432197e-06,
            "covariance": {
              "matrix": [
                [
                  0.09696260168758586,
                  0.01599315915196855,
                  -0.6370518578284945
                ],
                [
                  0.01599315915196855,
                  0.6152913778269663,
                  -0.8687693967095328
                ],
                [
                  -0.6370518578284945,
                  -0.8687693967095328,
                  6.0942019365678375
                ]
              ],
              "params": [
                "log_kappa",
                "log_kdeg",
                "log_fmod_0"
              ]
            },
            "ndata": 7,
            "nfree": 4,
            "r2": 0.7222257920087112,
            "reduced_chisq": 1.2760146728580493e-06,
            "status": "completed",
            "success": true,
            "time_max": 34890.0,
            "time_min": 0.0
          },
          "nt_id": 576,
          "params": {
            "fmod0": 0.0004365528304068784,
            "kdeg": 0.00022209683444149233,
            "kobs": 0.0038943007993935655,
            "log_fmod0": -7.736601158148408,
            "log_fmod0_err": 2.4686437443600155,
            "log_kdeg": -8.412397080017818,
            "log_kdeg_err": 0.784405110785853,
            "log_kobs": -5.548241128124514,
            "log_kobs_err": 0.3113881848875867,
            "metadata": {
              "base": "A",
              "fmod_run_ids": [
                345,
                346,
                347,
                348,
                349,
                350,
                351
              ],
              "site": 123,
              "valtype": "modrate"
            }
          },
          "valtype": "modrate"
        },
        {
          "diagnostics": {
            "chisq": 2.8777616542853805e-06,
            "covariance": {
              "matrix": [
                [
                  0.016716128989237054,
                  -0.0018901351286869535,
                  -0.05935504513855176
                ],
                [
                  -0.0018901351286869535,
                  0.11553777545349007,
                  -0.1036247306363194
                ],
                [
                  -0.05935504513855176,
                  -0.1036247306363194,
                  0.3810214286181739
                ]
              ],
              "params": [
                "log_kappa",
                "log_kdeg",
                "log_fmod_0"
              ]
            },
            "ndata": 7,
            "nfree": 4,
            "r2": 0.937866705920879,
