{
  "artifacts": {},
  "engine": "python_baseline",
  "engine_version": "0.1.0",
  "metadata": {
    "buffer_pH": 6.5,
    "done_by": [
      "EKC"
    ],
    "experiment_id": "ekc.01.0xx",
    "fmod_run_id": 799,
    "notes": "Baseline python engine demo using examples/nerd.sqlite",
    "rg_id": 68,
    "rg_label": "45_3_A8C",
    "rounds_requested": [
      "round1_free",
      "round2_global",
      "round3_constrained"
    ],
    "temperature_c": 45.0,
    "valtypes": [
      "modrate",
      "GAmodrate"
    ]
  },
  "rounds": [
    {
      "global_params": {},
      "notes": null,
      "per_nt": [
        {
          "diagnostics": {
            "reason": "Non-zero fmod values are required for a fit.",
            "status": "failed"
          },
          "nt_id": 470,
          "params": {},
          "valtype": "modrate"
        },
        {
          "diagnostics": {
            "reason": "Non-zero fmod values are required for a fit.",
            "status": "failed"
          },
          "nt_id": 471,
          "params": {},
          "valtype": "modrate"
        },
        {
          "diagnostics": {
            "reason": "Non-zero fmod values are required for a fit.",
            "status": "failed"
          },
          "nt_id": 472,
          "params": {},
          "valtype": "modrate"
        },
        {
          "diagnostics": {
            "reason": "Non-zero fmod values are required for a fit.",
            "status": "failed"
          },
          "nt_id": 473,
          "params": {},
          "valtype": "modrate"
        },
        {
          "diagnostics": {
            "chisq": 5.001994857214038e-06,
            "covariance": {
              "matrix": [
                [
                  2.541564513062821e+18,
                  -2.309106681623108e+18,
                  249967823.36235142
                ],
                [
                  -2.309106681623108e+18,
                  2.236220988950192e+18,
                  -294838255.2800083
                ],
                [
                  249967823.36235142,
                  -294838255.2800083,
                  0.08843707023763982
                ]
              ],
              "params": [
                "log_kappa",
                "log_kdeg",
                "log_fmod_0"
              ]
            },
            "ndata": 7,
            "nfree": 4,
            "r2": -1.4230616685040332e-11,
            "reduced_chisq": 1.2504987143035094e-06,
            "status": "completed",
            "success": true,
            "time_max": 2940.0,
            "time_min": 0.0
          },
          "nt_id": 474,
          "params": {
            "fmod0": 0.002412857146970359,
            "kdeg": 4.9878309432624226e-14,
            "kobs": 0.00045092838411347146,
            "log_fmod0": -6.026943695513034,
            "log_fmod0_err": 0.2973837087630051,
            "log_kdeg": -30.62919016736319,
            "log_kdeg_err": 1495399942.8080075,
            "log_kobs": -7.704202024610599,
            "log_kobs_err": 1594228500.8940284,
            "metadata": {
              "base": "U",
              "fmod_run_ids": [
                793,
                794,
                795,
                796,
                797,
                798,
                799
              ],
              "site": 5,
              "valtype": "modrate"
            }
          },
          "valtype": "modrate"
        },
        {
          "diagnostics": {
            "chisq": 7.85042137559817e-08,
            "covariance": {
              "matrix": [
                [
                  0.1360297379865056,
                  -0.27376201080198115,
                  0.005140240624477813
                ],
                [
                  -0.27376201080198115,
                  0.8051830649166348,
                  -0.08819693431639396
                ],
                [
                  0.005140240624477813,
                  -0.08819693431639396,
                  0.03077439597973191
                ]
              ],
              "params": [
                "log_kappa",
                "log_kdeg",
                "log_fmod_0"
              ]
            },
            "ndata": 7,
            "nfree": 4,
            "r2": 0.8534688041851352,
            "reduced_chisq": 1.9626053438995425e-08,
            "status": "completed",
            "success": true,
            "time_max": 2940.0,
            "time_min": 0.0
          },
          "nt_id": 475,
          "params": {
            "fmod0": 0.0006449337167438675,
            "kdeg": 0.0006787163440385358,
            "kobs": 0.0008370047858036781,
            "log_fmod0": -7.346363011187349,
            "log_fmod0_err": 0.17542632635876496,
            "log_kdeg": -7.295307273155776,
            "log_kdeg_err": 0.8973199345365257,
            "log_kobs": -7.085680769685078,
            "log_kobs_err": 0.36882209530681,
            "metadata": {
              "base": "G",
              "fmod_run_ids": [
                793,
                794,
                795,
                796,
                797,
                798,
                799
              ],
              "site": 6,
              "valtype": "modrate"
            }
          },
          "valtype": "modrate"
        },
        {
          "diagnostics": {
            "chisq": 1.3709915867750928e-07,
            "covariance": {
              "matrix": [
                [
                  0.0005637515189669186,
                  1.6156812542871375e-05,
                  -0.0037617572373680546
                ],
                [
                  1.6156812542871375e-05,
                  0.0039000563918671527,
                  -0.006151820456112712
                ],
                [
                  -0.0037617572373680546,
                  -0.006151820456112712,
                  0.04137550872081319
                ]
              ],
              "params": [
                "log_kappa",
                "log_kdeg",
                "log_fmod_0"
              ]
            },
            "ndata": 7,
            "nfree": 4,
            "r2": 0.9977697752162642,
            "reduced_chisq": 3.427478966937732e-08,
            "status": "completed",
            "success": true,
            "time_max": 2940.0,
            "time_min": 0.0
          },
          "nt_id": 476,
          "params": {
            "fmod0": 0.0008419695070977822,
            "kdeg": 0.0021035589428526507,
            "kobs": 0.008292432127045217,
            "log_fmod0": -7.0797667592259605,
            "log_fmod0_err": 0.20340970655505403,
            "log_kdeg": -6.1641246340034215,
            "log_kdeg_err": 0.06245043147863073,
            "log_kobs": -4.792411972036953,
            "log_kobs_err": 0.023743452128258825,
            "metadata": {
              "base": "A",
              "fmod_run_ids": [
                793,
                794,
                795,
                796,
                797,
                798,
                799
              ],
              "site": 7,
              "valtype": "modrate"
            }
          },
          "valtype": "modrate"
        },
        {
          "diagnostics": {
            "chisq": 5.801713516810443e-06,
            "covariance": {
              "matrix": [
                [
                  237215.79091396104,
                  -238754.1318733122,
                  70.69213999317246
                ],
                [
                  -238754.1318733122,
                  240303.29127165626,
                  -71.28436323905079
                ],
                [
                  70.69213999317246,
                  -71.28436323905079,
                  0.05808983137186065
                ]
              ],
              "params": [
                "log_kappa",
                "log_kdeg",
                "log_fmod_0"
              ]
            },
            "ndata": 7,
            "nfree": 4,
            "r2": 0.23141726701858567,
            "reduced_chisq": 1.4504283792026108e-06,
            "status": "completed",
            "success": true,
            "time_max": 2940.0,
            "time_min": 0.0
          },
          "nt_id": 477,
          "params": {
            "fmod0": 0.003624288762143882,
            "kdeg": 4.3930162331165365e-06,
            "kobs": 0.1135430261348847,
            "log_fmod0": -5.620097213472448,
            "log_fmod0_err": 0.241018321651821,
            "log_kdeg": -12.335494497754027,
            "log_kdeg_err": 490.20739618212235,
            "log_kobs": -2.1755734290063504,
            "log_kobs_err": 487.04803758352324,
            "metadata": {
              "base": "C",
              "fmod_run_ids": [
                793,
                794,
                795,
                796,
                797,
                798,
                799
              ],
              "site": 8,
              "valtype": "modrate"
            }
          },
          "valtype": "modrate"
        },
        {
          "diagnostics": {
            "chisq": 2.567762688425318e-05,
            "covariance": {
              "matrix": [
                [
                  3.5542626008459843e+18,
                  -3.583663572229694e+18,
                  207803292.93661642
                ],
                [
                  -3.583663572229694e+18,
                  3.6153793775974636e+18,
                  -219734656.12886474
                ],
                [
                  207803292.93661642,
                  -219734656.12886474,
                  0.10045087691028069
                ]
              ],
              "params": [
                "log_kappa",
                "log_kdeg",
                "log_fmod_0"
              ]
            },
            "ndata": 7,
            "nfree": 4,
            "r2": -1.0557956731105378e-09,
            "reduced_chisq": 6.419406721063295e-06,
            "status": "completed",
            "success": true,
            "time_max": 2940.0,
            "time_min": 0.0
          },
          "nt_id": 478,
          "params": {
            "fmod0": 0.004915142870045822,
            "kdeg": 3.743235011840952e-12,
            "kobs": 0.0011990639447767332,
            "log_fmod0": -5.3154344576374575,
            "log_fmod0_err": 0.3169398632395122,
            "log_kdeg": -26.311070901950576,
            "log_kdeg_err": 1901415098.7087126,
            "log_kobs": -6.726214072601772,
            "log_kobs_err": 1885275205.5989025,
            "metadata": {
              "base": "C",
              "fmod_run_ids": [
                793,
                794,
                795,
                796,
                797,
                798,
                799
              ],
              "site": 9,
              "valtype": "modrate"
            }
          },
          "valtype": "modrate"
        },
        {
          "diagnostics": {
            "chisq": 4.1235901723950624e-07,
            "covariance": {
              "matrix": [
                [
                  0.4544569256167895,
                  -0.1166759006548113,
                  -0.04273309659637501
                ],
                [
                  -0.1166759006548113,
                  3.4136815217090097,
                  -0.08416355820081202
                ],
                [
                  -0.04273309659637501,
                  -0.08416355820081202,
                  0.008127545127469571
                ]
              ],
              "params": [
                "log_kappa",
                "log_kdeg",
                "log_fmod_0"
              ]
            },
            "ndata": 7,
            "nfree": 4,
            "r2": 0.3570048791498679,
            "reduced_chisq": 1.0308975430987656e-07,
            "status": "completed",
            "success": true,
            "time_max": 2940.0,
            "time_min": 0.0
          },
          "nt_id": 479,
          "params": {
            "fmod0": 0.003203973544597341,
            "kdeg": 0.0016923155307665431,
            "kobs": 0.0005060543276391525,
            "log_fmod0": -5.743363506802204,
            "log_fmod0_err": 0.09015289860825092,
            "log_kdeg": -6.381657551279491,
            "log_kdeg_err": 1.8476150902471569,
            "log_kobs": -7.588866527564424,
            "log_kobs_err": 0.6741342044554552,
            "metadata": {
              "base": "U",
              "fmod_run_ids": [
                793,
                794,
                795,
                796,
                797,
                798,
                799
              ],
              "site": 10,
              "valtype": "modrate"
            }
          },
          "valtype": "modrate"
        },
        {
          "diagnostics": {
            "chisq": 1.5700152541089808e-07,
            "covariance": {
              "matrix": [
                [
                  5141.504450008887,
                  -6286.675302879352,
                  4.034677450111195
                ],
                [
                  -6286.675302879352,
                  7723.702675117537,
                  -5.343313765826839
                ],
                [
                  4.034677450111195,
                  -5.343313765826839,
                  0.010438985636504382
                ]
              ],
              "params": [
                "log_kappa",
                "log_kdeg",
                "log_fmod_0"
              ]
            },
            "ndata": 7,
            "nfree": 4,
            "r2": 0.010101837034724226,
            "reduced_chisq": 3.925038135272452e-08,
            "status": "completed",
            "success": true,
            "time_max": 2940.0,
            "time_min": 0.0
          },
          "nt_id": 480,
          "params": {
            "fmod0": 0.0014399454222177013,
            "kdeg": 0.00014015816771326326,
            "kobs": 0.00012977026467662288,
            "log_fmod0": -6.543150067350205,
            "log_fmod0_err": 0.10217135428535917,
            "log_kdeg": -8.87273900368368,
            "log_kdeg_err": 87.88459862295291,
            "log_kobs": -8.9497448656347,
            "log_kobs_err": 71.704284739539,
            "metadata": {
              "base": "U",
              "fmod_run_ids": [
                793,
                794,
                795,
                796,
                797,
                798,
                799
              ],
              "site": 11,
              "valtype": "modrate"
            }
          },
          "valtype": "modrate"
        },
        {
          "diagnostics": {
            "chisq": 1.8349669126796645e-07,
            "covariance": {
              "matrix": [
                [
                  0.42033278927379214,
                  -0.3599360748825182,
                  -0.04963503496527186
                ],
                [
                  -0.3599360748825182,
                  3.4529454283151857,
                  -0.1383803816275073
                ],
                [
                  -0.04963503496527186,
                  -0.1383803816275073,
                  0.020066085396103616
                ]
              ],
              "params": [
                "log_kappa",
                "log_kdeg",
                "log_fmod_0"
              ]
            },
            "ndata": 7,
            "nfree": 4,
            "r2": 0.3951327017191044,
            "reduced_chisq": 4.587417281699161e-08,
            "status": "completed",
            "success": true,
            "time_max": 2940.0,
            "time_min": 0.0
          },
          "nt_id": 481,
          "params": {
            "fmod0": 0.001313083603554416,
            "kdeg": 0.0012892158312066823,
            "kobs": 0.00037289621528979706,
            "log_fmod0": -6.635377011998983,
            "log_fmod0_err": 0.14165481070582678,
            "log_kdeg": -6.653721128229724,
            "log_kdeg_err": 1.8582102755918626,
            "log_kobs": -7.89421042022817,
            "log_kobs_err": 0.6483307715000053,
            "metadata": {
              "base": "U",
              "fmod_run_ids": [
                793,
                794,
                795,
                796,
                797,
                798,
                799
              ],
              "site": 12,
              "valtype": "modrate"
            }
          },
          "valtype": "modrate"
        },
        {
          "diagnostics": {
            "chisq": 9.175919452450921e-06,
            "covariance": {
              "matrix": [
                [
                  2.919835668193406e+18,
                  -2.951677284085852e+18,
                  82474475.51278096
                ],
                [
                  -2.951677284085852e+18,
                  2.985081435217928e+18,
                  -92822721.99915794
                ],
                [
                  82474475.51278096,
                  -92822721.99915794,
                  0.1309573842757795
                ]
              ],
              "params": [
                "log_kappa",
                "log_kdeg",
                "log_fmod_0"
              ]
            },
            "ndata": 7,
            "nfree": 4,
            "r2": -2.6024089549991913e-09,
            "reduced_chisq": 2.2939798631127302e-06,
            "status": "completed",
            "success": true,
            "time_max": 2940.0,
            "time_min": 0.0
          },
          "nt_id": 482,
          "params": {
            "fmod0": 0.002437285721793098,
            "kdeg": 5.5552744229224056e-12,
            "kobs": 0.0007248594624938203,
            "log_fmod0": -6.016870267964455,
            "log_fmod0_err": 0.36188034524657386,
            "log_kdeg": -25.916273292991008,
            "log_kdeg_err": 1727738821.4709792,
            "log_kobs": -7.229532766736048,
            "log_kobs_err": 1708752664.4290583,
            "metadata": {
              "base": "U",
              "fmod_run_ids": [
                793,
                794,
                795,
                796,
                797,
                798,
                799
              ],
              "site": 13,
              "valtype": "modrate"
            }
          },
          "valtype": "modrate"
        },
        {
          "diagnostics": {
            "chisq": 3.877792699184181e-08,
            "covariance": {
              "matrix": [
                [
                  0.6414016877431977,
                  -1.2891599568905656,
                  0.02799683810790306
                ],
                [
                  -1.2891599568905656,
                  3.593371626796911,
                  -0.3154441110213442
                ],
                [
                  0.02799683810790306,
                  -0.3154441110213442,
                  0.08759365478872379
                ]
              ],
              "params": [
                "log_kappa",
                "log_kdeg",
                "log_fmod_0"
              ]
            },
            "ndata": 7,
            "nfree": 4,
            "r2": 0.5829561686595184,
            "reduced_chisq": 9.694481747960452e-09,
            "status": "completed",
            "success": true,
            "time_max": 2940.0,
            "time_min": 0.0
          },
          "nt_id": 483,
          "params": {
            "fmod0": 0.0002674819491530251,
            "kdeg": 0.0006477759525870632,
            "kobs": 0.0002928515730649314,
            "log_fmod0": -8.226458473706852,
            "log_fmod0_err": 0.2959622523037757,
            "log_kdeg": -7.341965673578524,
            "log_kdeg_err": 1.8956190616252284,
            "log_kobs": -8.135844653870667,
            "log_kobs_err": 0.8008755756940011,
            "metadata": {
              "base": "G",
              "fmod_run_ids": [
                793,
                794,
                795,
                796,
                797,
                798,
                799
              ],
              "site": 14,
              "valtype": "modrate"
            }
          },
          "valtype": "modrate"
        },
        {
          "diagnostics": {
            "chisq": 6.890025543813609e-08,
            "covariance": {
              "matrix": [
                [
                  0.0005589695456420087,
                  3.0563744073225985e-05,
                  -0.005482339312914462
                ],
                [
                  3.0563744073225985e-05,
                  0.0038453655597339488,
                  -0.008816699011777202
                ],
                [
                  -0.005482339312914462,
                  -0.008816699011777202,
                  0.08709097141454245
                ]
              ],
              "params": [
                "log_kappa",
                "log_kdeg",
                "log_fmod_0"
              ]
            },
            "ndata": 7,
            "nfree": 4,
            "r2": 0.9977837702440467,
            "reduced_chisq": 1.7225063859534023e-08,
            "status": "completed",
            "success": true,
            "time_max": 2940.0,
            "time_min": 0.0
          },
          "nt_id": 484,
          "params": {
            "fmod0": 0.00041267344850975165,
            "kdeg": 0.002161202674607123,
            "kobs": 0.005890693187569044,
            "log_fmod0": -7.7928539593312385,
            "log_fmod0_err": 0.2951117947736797,
            "log_kdeg": -6.137090418438622,
            "log_kdeg_err": 0.062011011600633874,
            "log_kobs": -5.134381599352257,
            "log_kobs_err": 0.02364253678525231,
            "metadata": {
              "base": "A",
              "fmod_run_ids": [
                793,
                794,
                795,
                796,
                797,
                798,
                799
              ],
              "site": 15,
              "valtype": "modrate"
            }
          },
          "valtype": "modrate"
        },
        {
          "diagnostics": {
            "chisq": 1.8428927498059525e-07,
            "covariance": {
              "matrix": [
                [
                  0.0019018769146560825,
                  0.00010585197767912313,
                  -0.005268983745000659
                ],
                [
                  0.00010585197767912313,
                  0.013088417866684516,
                  -0.00847283531546902
                ],
                [
                  -0.005268983745000659,
                  -0.00847283531546902,
                  0.023631370834373163
                ]
              ],
              "params": [
                "log_kappa",
                "log_kdeg",
                "log_fmod_0"
              ]
            },
            "ndata": 7,
            "nfree": 4,
            "r2": 0.9924942061053266,
            "reduced_chisq": 4.607231874514881e-08,
            "status": "completed",
            "success": true,
            "time_max": 2940.0,
            "time_min": 0.0
          },
          "nt_id": 485,
          "params": {
            "fmod0": 0.00129573443775813,
            "kdeg": 0.0021631506668107264,
            "kobs": 0.005219236581686004,
            "log_fmod0": -6.648677611186045,
            "log_fmod0_err": 0.15372498441819132,
            "log_kdeg": -6.136189478029007,
            "log_kdeg_err": 0.11440462344977373,
            "log_kobs": -5.255404136502133,
            "log_kobs_err": 0.04361051380866869,
            "metadata": {
              "base": "A",
              "fmod_run_ids": [
                793,
                794,
                795,
                796,
                797,
                798,
                799
              ],
              "site": 16,
              "valtype": "modrate"
            }
          },
          "valtype": "modrate"
        },
        {
          "diagnostics": {
            "chisq": 1.5210068023410965e-08,
            "covariance": {
              "matrix": [
                [
                  0.3858820897421314,
                  -0.7168972359415624,
                  -0.007197010551795132
                ],
                [
                  -0.7168972359415624,
                  2.8534222740864226,
                  -0.080134484532795
                ],
                [
                  -0.007197010551795132,
                  -0.080134484532795,
                  0.007437240074336443
                ]
              ],
              "params": [
                "log_kappa",
                "log_kdeg",
                "log_fmod_0"
              ]
            },
            "ndata": 7,
            "nfree": 4,
            "r2": 0.5485401882499839,
            "reduced_chisq": 3.802517005852741e-09,
            "status": "completed",
            "success": true,
            "time_max": 2940.0,
            "time_min": 0.0
          },
          "nt_id": 486,
          "params": {
            "fmod0": 0.0005906776672831648,
            "kdeg": 0.0008486263278616304,
            "kobs": 0.00015748378853744263,
            "log_fmod0": -7.43424009157222,
            "log_fmod0_err": 0.08623943456642351,
            "log_kdeg": -7.071891600622367,
            "log_kdeg_err": 1.689207587623979,
            "log_kobs": -8.756188034917233,
            "log_kobs_err": 0.6211940837951786,
            "metadata": {
              "base": "U",
              "fmod_run_ids": [
                793,
                794,
                795,
                796,
                797,
                798,
                799
              ],
              "site": 17,
              "valtype": "modrate"
            }
          },
          "valtype": "modrate"
        },
        {
          "diagnostics": {
            "chisq": 1.2924304521320814e-05,
            "covariance": {
              "matrix": [
                [
                  0.001913354569205727,
                  0.00024245785360048325,
                  -0.03526072561584066
                ],
                [
                  0.00024245785360048325,
                  0.012360437108090457,
                  -0.051277379609506145
                ],
                [
                  -0.03526072561584066,
                  -0.051277379609506145,
                  0.9863103382950559
                ]
              ],
              "params": [
                "log_kappa",
                "log_kdeg",
                "log_fmod_0"
              ]
            },
            "ndata": 7,
            "nfree": 4,
            "r2": 0.9927792497535198,
            "reduced_chisq": 3.2310761303302034e-06,
            "status": "completed",
            "success": true,
            "time_max": 2940.0,
            "time_min": 0.0
          },
          "nt_id": 487,
          "params": {
            "fmod0": 0.0017050004088579,
            "kdeg": 0.0024091089566159033,
            "kobs": 0.045602853705360394,
            "log_fmod0": -6.374189928447331,
            "log_fmod0_err": 0.9931315815616055,
            "log_kdeg": -6.028498327390922,
            "log_kdeg_err": 0.1111775027066648,
            "log_kobs": -3.0877849831620185,
            "log_kobs_err": 0.04374190861411659,
            "metadata": {
              "base": "A",
              "fmod_run_ids": [
                793,
                794,
                795,
                796,
                797,
                798,
                799
              ],
              "site": 18,
              "valtype": "modrate"
            }
          },
          "valtype": "modrate"
        },
        {
          "diagnostics": {
            "chisq": 6.372288571428572e-07,
            "ndata": 7,
            "nfree": 4,
            "r2": 1.1102230246251565e-16,
            "reduced_chisq": 1.593072142857143e-07,
            "status": "completed",
            "success": true,
            "time_max": 2940.0,
            "time_min": 0.0
          },
          "nt_id": 488,
          "params": {
            "fmod0": 0.0017211428571481933,
            "kdeg": 79157210.08172624,
            "kobs": 1.8466743442960274e-18,
            "log_fmod0": -6.364766756976812,
            "log_kdeg": 18.186946434036702,
            "log_kobs": -40.833145304249356,
            "metadata": {
              "base": "G",
              "fmod_run_ids": [
                793,
                794,
                795,
                796,
                797,
                798,
                799
              ],
              "site": 19,
              "valtype": "modrate"
            }
          },
          "valtype": "modrate"
        },
        {
          "diagnostics": {
            "chisq": 1.0314573126215256e-07,
            "covariance": {
              "matrix": [
                [
                  0.06905025298716809,
                  -0.09608314121770008,
                  -0.010875157651373236
                ],
                [
                  -0.09608314121770008,
                  0.5694375140240471,
                  -0.04604120990460567
                ],
                [
                  -0.010875157651373236,
                  -0.04604120990460567,
                  0.012859019791993092
                ]
              ],
              "params": [
                "log_kappa",
                "log_kdeg",
                "log_fmod_0"
              ]
            },
            "ndata": 7,
            "nfree": 4,
            "r2": 0.825625287677638,
            "reduced_chisq": 2.578643281553814e-08,
            "status": "completed",
            "success": true,
            "time_max": 2940.0,
            "time_min": 0.0
          },
          "nt_id": 489,
          "params": {
            "fmod0": 0.0012000377466417377,
            "kdeg": 0.0010583142571203648,
            "kobs": 0.0007732379664528682,
            "log_fmod0": -6.725402267148116,
            "log_fmod0_err": 0.11339761810546592,
            "log_kdeg": -6.851077960236199,
            "log_kdeg_err": 0.7546108361427413,
            "log_kobs": -7.164923708818452,
            "log_kobs_err": 0.262774148247441,
            "metadata": {
              "base": "U",
              "fmod_run_ids": [
                793,
                794,
                795,
                796,
                797,
                798,
                799
              ],
              "site": 20,
              "valtype": "modrate"
            }
          },
          "valtype": "modrate"
        },
        {
          "diagnostics": {
            "chisq": 1.5371065621939436e-07,
            "covariance": {
              "matrix": [
                [
                  0.1334130883558897,
                  -0.26576150597534226,
                  0.00048014788097349684
                ],
                [
                  -0.26576150597534226,
                  0.8634590412094912,
                  -0.08984450259883449
                ],
                [
                  0.00048014788097349684,
                  -0.08984450259883449,
                  0.03015566019075985
                ]
              ],
              "params": [
                "log_kappa",
                "log_kdeg",
                "log_fmod_0"
              ]
            },
            "ndata": 7,
            "nfree": 4,
            "r2": 0.8289932848820201,
            "reduced_chisq": 3.842766405484859e-08,
            "status": "completed",
            "success": true,
            "time_max": 2940.0,
            "time_min": 0.0
          },
          "nt_id": 490,
          "params": {
            "fmod0": 0.0009188374009147823,
            "kdeg": 0.0007352707065631487,
            "kobs": 0.0010412637652544823,
            "log_fmod0": -6.992401381714441,
            "log_fmod0_err": 0.17365385164389488,
            "log_kdeg": -7.2152718183110895,
            "log_kdeg_err": 0.9292249680295355,
            "log_kobs": -6.867320144638328,
            "log_kobs_err": 0.36525756440611834,
            "metadata": {
              "base": "G",
              "fmod_run_ids": [
                793,
                794,
                795,
                796,
                797,
                798,
                799
              ],
              "site": 21,
              "valtype": "modrate"
            }
          },
          "valtype": "modrate"
        },
        {
          "diagnostics": {
            "chisq": 8.811828043558129e-07,
            "covariance": {
              "matrix": [
                [
                  0.0018887241590124814,
                  -0.0001930578828305137,
                  -0.006496110577231435
                ],
                [
                  -0.0001930578828305137,
                  0.013522814267353913,
                  -0.011559172832201812
                ],
                [
                  -0.006496110577231435,
                  -0.011559172832201812,
                  0.040328928691707636
                ]
              ],
              "params": [
                "log_kappa",
                "log_kdeg",
                "log_fmod_0"
              ]
            },
            "ndata": 7,
            "nfree": 4,
            "r2": 0.9926017178985902,
            "reduced_chisq": 2.2029570108895323e-07,
            "status": "completed",
            "success": true,
            "time_max": 2940.0,
            "time_min": 0.0
          },
          "nt_id": 491,
          "params": {
            "fmod0": 0.0021322836637235948,
            "kdeg": 0.0018763520364797747,
            "kobs": 0.011538078827645739,
            "log_fmod0": -6.150561731001961,
            "log_fmod0_err": 0.20082063811199197,
            "log_kdeg": -6.278425793294902,
            "log_kdeg_err": 0.11628763591781334,
            "log_kobs": -4.4621025111682,
            "log_kobs_err": 0.04345945419597998,
            "metadata": {
              "base": "A",
              "fmod_run_ids": [
                793,
                794,
                795,
                796,
                797,
                798,
                799
              ],
              "site": 22,
              "valtype": "modrate"
            }
          },
          "valtype": "modrate"
        },
        {
          "diagnostics": {
            "chisq": 3.861686857317617e-06,
            "covariance": {
              "matrix": [
                [
                  5.908168512555882e+17,
                  -7.47511990912028e+17,
                  43660812.34720057
                ],
                [
                  -7.47511990912028e+17,
                  1.2075398401787374e+18,
                  -126592667.00856073
                ],
                [
                  43660812.34720057,
                  -126592667.00856073,
                  0.03795610714308958
                ]
              ],
              "params": [
                "log_kappa",
                "log_kdeg",
                "log_fmod_0"
              ]
            },
            "ndata": 7,
            "nfree": 4,
            "r2": -4.5255132974375556e-11,
            "reduced_chisq": 9.654217143294042e-07,
            "status": "completed",
            "success": true,
            "time_max": 2940.0,
            "time_min": 0.0
          },
          "nt_id": 492,
          "params": {
            "fmod0": 0.003004142858497038,
            "kdeg": 1.4596691907849897e-13,
            "kobs": 0.0003385047255923387,
            "log_fmod0": -5.807762990120112,
            "log_fmod0_err": 0.1948232715644863,
            "log_kdeg": -29.555396380529967,
            "log_kdeg_err": 1098881176.5512855,
            "log_kobs": -7.9909725053184335,
            "log_kobs_err": 768646115.7487158,
            "metadata": {
              "base": "U",
              "fmod_run_ids": [
                793,
                794,
                795,
                796,
                797,
                798,
                799
              ],
              "site": 23,
              "valtype": "modrate"
            }
          },
          "valtype": "modrate"
        },
        {
          "diagnostics": {
            "chisq": 5.062957142857141e-07,
            "ndata": 7,
            "nfree": 4,
            "r2": 0.0,
            "reduced_chisq": 1.2657392857142853e-07,
            "status": "completed",
            "success": true,
            "time_max": 2940.0,
            "time_min": 0.0
          },
          "nt_id": 493,
          "params": {
            "fmod0": 0.001499428571434863,
            "kdeg": 4.203102715438502e-19,
            "kobs": 4.540987258083741e-06,
            "log_fmod0": -6.502671195831521,
            "log_kdeg": -42.31329377256186,
            "log_kobs": -12.302366111823826,
            "metadata": {
              "base": "U",
              "fmod_run_ids": [
                793,
                794,
                795,
                796,
                797,
                798,
                799
              ],
              "site": 24,
              "valtype": "modrate"
            }
          },
          "valtype": "modrate"
        },
        {
          "diagnostics": {
            "chisq": 2.01479960101047e-07,
            "covariance": {
              "matrix": [
                [
                  0.004893355003061047,
                  -0.0033740640059059315,
                  -0.004754349975358749
                ],
                [
                  -0.0033740640059059315,
                  0.03944537900568488,
                  -0.011959783719606236
                ],
                [
                  -0.004754349975358749,
                  -0.011959783719606236,
                  0.013362617112186814
                ]
              ],
              "params": [
                "log_kappa",
                "log_kdeg",
                "log_fmod_0"
              ]
            },
            "ndata": 7,
            "nfree": 4,
            "r2": 0.98197766249041,
            "reduced_chisq": 5.036999002526175e-08,
            "status": "completed",
            "success": true,
            "time_max": 2940.0,
            "time_min": 0.0
          },
          "nt_id": 494,
          "params": {
            "fmod0": 0.001700646969139752,
            "kdeg": 0.001375036553252971,
            "kobs": 0.0035526086800557193,
            "log_fmod0": -6.376746530236185,
            "log_fmod0_err": 0.11559678677275945,
            "log_kdeg": -6.589274964032977,
            "log_kdeg_err": 0.19860860758206045,
            "log_kobs": -5.640073105904812,
            "log_kobs_err": 0.06995251963339882,
            "metadata": {
              "base": "C",
              "fmod_run_ids": [
                793,
                794,
                795,
                796,
                797,
                798,
                799
              ],
              "site": 25,
              "valtype": "modrate"
            }
          },
          "valtype": "modrate"
        },
        {
          "diagnostics": {
            "chisq": 7.75252929747753e-08,
            "covariance": {
              "matrix": [
                [
                  0.0007403809223600981,
                  -4.034762522001594e-05,
                  -0.0019047710870988242
                ],
                [
                  -4.034762522001594e-05,
                  0.005262132631332521,
                  -0.0033048037511987927
                ],
                [
                  -0.0019047710870988242,
                  -0.0033048037511987927,
                  0.00856724843923072
                ]
              ],
              "params": [
                "log_kappa",
                "log_kdeg",
                "log_fmod_0"
              ]
            },
            "ndata": 7,
            "nfree": 4,
