{
  "artifacts": {},
  "engine": "python_baseline",
  "engine_version": "0.1.0",
  "metadata": {
    "buffer_pH": 6.5,
    "done_by": [
      "EKC"
    ],
    "experiment_id": "ekc.01.0xx",
    "fmod_run_id": 690,
    "initial_kdeg": 0.019966431018638382,
    "initial_kdeg_source": "arrhenius:nmr:deg:dms:Schwalbe_bistris",
    "initial_log_kdeg": -3.9137028646700216,
    "notes": "Baseline python engine demo using examples/nerd.sqlite",
    "rg_id": 27,
    "rg_label": "70_2_A8C",
    "rounds_requested": [
      "round1_free",
      "round2_global",
      "round3_constrained"
    ],
    "rt_protocol": [
      "MRT"
    ],
    "selected_site_bases": [
      "10_U",
      "11_U",
      "12_U",
      "13_U",
      "14_G",
      "15_A",
      "16_A",
      "17_U",
      "18_A",
      "19_G",
      "1_A",
      "20_U",
      "21_G",
      "22_A",
      "23_U",
      "24_U",
      "25_C",
      "26_A",
      "27_G",
      "28_G",
      "29_A",
      "2_G",
      "30_G",
      "31_G",
      "32_U",
      "33_U",
      "34_A",
      "35_A",
      "36_U",
      "3_G",
      "4_U",
      "5_U",
      "61_G",
      "62_G",
      "6_G",
      "7_A",
      "8_C",
      "9_C"
    ],
    "temperature_c": 70.0,
    "valtypes": [
      "modrate",
      "GAmodrate"
    ]
  },
  "rounds": [
    {
      "global_params": {},
      "notes": null,
      "per_nt": [
        {
          "diagnostics": {
            "reason": "Non-zero fmod values are required for a fit.",
            "status": "failed"
          },
          "nt_id": 470,
          "params": {},
          "valtype": "modrate"
        },
        {
          "diagnostics": {
            "reason": "Non-zero fmod values are required for a fit.",
            "status": "failed"
          },
          "nt_id": 471,
          "params": {},
          "valtype": "modrate"
        },
        {
          "diagnostics": {
            "reason": "Non-zero fmod values are required for a fit.",
            "status": "failed"
          },
          "nt_id": 472,
          "params": {},
          "valtype": "modrate"
        },
        {
          "diagnostics": {
            "reason": "Non-zero fmod values are required for a fit.",
            "status": "failed"
          },
          "nt_id": 473,
          "params": {},
          "valtype": "modrate"
        },
        {
          "diagnostics": {
            "chisq": 6.279584278238386e-07,
            "covariance": {
              "matrix": [
                [
                  0.08108824168454157,
                  -0.02006089238281094,
                  -0.16274139912245963
                ],
                [
                  -0.02006089238281094,
                  1.0658461876885155,
                  -0.08324748107665665
                ],
                [
                  -0.16274139912245963,
                  -0.08324748107665665,
                  0.39784038611881445
                ]
              ],
              "params": [
                "log_kappa",
                "log_kdeg",
                "log_fmod_0"
              ]
            },
            "ndata": 7,
            "nfree": 4,
            "r2": 0.756216665037998,
            "reduced_chisq": 1.5698960695595964e-07,
            "status": "completed",
            "success": true,
            "time_max": 300.0,
            "time_min": 0.0
          },
          "nt_id": 474,
          "params": {
            "fmod0": 0.0006280901801391681,
            "kdeg": 0.09803058186254376,
            "kobs": 0.0015332524795926168,
            "log_fmod0": -7.3728268028576975,
            "log_fmod0_err": 0.6307458966325619,
            "log_kdeg": -2.322475789170229,
            "log_kdeg_err": 1.0323982698980638,
            "log_kobs": -6.480363996245977,
            "log_kobs_err": 0.2847599720546088,
            "metadata": {
              "base": "U",
              "fmod_run_ids": [
                685,
                686,
                687,
                688,
                689,
                690,
                691
              ],
              "site": 5,
              "valtype": "modrate"
            }
          },
          "valtype": "modrate"
        },
        {
          "diagnostics": {
            "chisq": 2.4676018506907342e-06,
            "covariance": {
              "matrix": [
                [
                  0.18332122460042155,
                  -0.01679859129481156,
                  -1.0899164887380437
                ],
                [
                  -0.01679859129481156,
                  1.695693277561418,
                  -0.6855104554881264
                ],
                [
                  -1.0899164887380437,
                  -0.6855104554881264,
                  7.986133941820611
                ]
              ],
              "params": [
                "log_kappa",
                "log_kdeg",
                "log_fmod_0"
              ]
            },
            "ndata": 7,
            "nfree": 4,
            "r2": 0.5776382453002438,
            "reduced_chisq": 6.169004626726836e-07,
            "status": "completed",
            "success": true,
            "time_max": 300.0,
            "time_min": 0.0
          },
          "nt_id": 475,
          "params": {
            "fmod0": 0.0002777493912457321,
            "kdeg": 0.07858451283182566,
            "kobs": 0.0020252266558948803,
            "log_fmod0": -8.188791321181474,
            "log_fmod0_err": 2.825974865744671,
            "log_kdeg": -2.543580636724499,
            "log_kdeg_err": 1.3021878810530445,
            "log_kobs": -6.202073655850222,
            "log_kobs_err": 0.42816027910167187,
            "metadata": {
              "base": "G",
              "fmod_run_ids": [
                685,
                686,
                687,
                688,
                689,
                690,
                691
              ],
              "site": 6,
              "valtype": "modrate"
            }
          },
          "valtype": "modrate"
        },
        {
          "diagnostics": {
            "chisq": 1.2075199903100668e-05,
            "covariance": {
              "matrix": [
                [
                  0.005195756050960017,
                  0.000873204594841589,
                  -0.09160525837077277
                ],
                [
                  0.000873204594841589,
                  0.028352072178808595,
                  -0.10054260558419564
                ],
                [
                  -0.09160525837077277,
                  -0.10054260558419564,
                  2.201607766059199
                ]
              ],
              "params": [
                "log_kappa",
                "log_kdeg",
                "log_fmod_0"
              ]
            },
            "ndata": 7,
            "nfree": 4,
            "r2": 0.9802944668625462,
            "reduced_chisq": 3.018799975775167e-06,
            "status": "completed",
            "success": true,
            "time_max": 300.0,
            "time_min": 0.0
          },
          "nt_id": 476,
          "params": {
            "fmod0": 0.001143957459052239,
            "kdeg": 0.03390314779707714,
            "kobs": 0.02707750897054755,
            "log_fmod0": -6.7732615728591,
            "log_fmod0_err": 1.4837815762635682,
            "log_kdeg": -3.3842474135355185,
            "log_kdeg_err": 0.16838073577107507,
            "log_kobs": -3.6090518229628645,
            "log_kobs_err": 0.07208159301069876,
            "metadata": {
              "base": "A",
              "fmod_run_ids": [
                685,
                686,
                687,
                688,
                689,
                690,
                691
              ],
              "site": 7,
              "valtype": "modrate"
            }
          },
          "valtype": "modrate"
        },
        {
          "diagnostics": {
            "chisq": 9.206467461507807e-05,
            "covariance": {
              "matrix": [
                [
                  0.008895709183000523,
                  0.00028091545130636664,
                  -0.028642006286165447
                ],
                [
                  0.00028091545130636664,
                  0.0587249422865107,
                  -0.02224323931935634
                ],
                [
                  -0.028642006286165447,
                  -0.02224323931935634,
                  0.11676313840783407
                ]
              ],
              "params": [
                "log_kappa",
                "log_kdeg",
                "log_fmod_0"
              ]
            },
            "ndata": 7,
            "nfree": 4,
            "r2": 0.967592532349002,
            "reduced_chisq": 2.3016168653769516e-05,
            "status": "completed",
            "success": true,
            "time_max": 300.0,
            "time_min": 0.0
          },
          "nt_id": 477,
          "params": {
            "fmod0": 0.013994344991913888,
            "kdeg": 0.056635472837679425,
            "kobs": 0.05953002378177674,
            "log_fmod0": -4.26910196011724,
            "log_fmod0_err": 0.34170621651915273,
            "log_kdeg": -2.8711197615044295,
            "log_kdeg_err": 0.2423322972418466,
            "log_kobs": -2.821274492324616,
            "log_kobs_err": 0.09431706729431595,
            "metadata": {
              "base": "C",
              "fmod_run_ids": [
                685,
                686,
                687,
                688,
                689,
                690,
                691
              ],
              "site": 8,
              "valtype": "modrate"
            }
          },
          "valtype": "modrate"
        },
        {
          "diagnostics": {
            "chisq": 2.4898465551493055e-05,
            "covariance": {
              "matrix": [
                [
                  0.012995274151362396,
                  0.002016668183144564,
                  -0.13696763550648125
                ],
                [
                  0.002016668183144564,
                  0.07268848284708532,
                  -0.14251832818517907
                ],
                [
                  -0.13696763550648125,
                  -0.14251832818517907,
                  1.9326435712747934
                ]
              ],
              "params": [
                "log_kappa",
                "log_kdeg",
                "log_fmod_0"
              ]
            },
            "ndata": 7,
            "nfree": 4,
            "r2": 0.9519597783568245,
            "reduced_chisq": 6.224616387873264e-06,
            "status": "completed",
            "success": true,
            "time_max": 300.0,
            "time_min": 0.0
          },
          "nt_id": 478,
          "params": {
            "fmod0": 0.0017635440109667164,
            "kdeg": 0.037525164708089545,
            "kobs": 0.024584774571676012,
            "log_fmod0": -6.340429851998095,
            "log_fmod0_err": 1.3901955154850678,
            "log_kdeg": -3.282743512182716,
            "log_kdeg_err": 0.2696080170304387,
            "log_kobs": -3.705627947504344,
            "log_kobs_err": 0.11399681640889098,
            "metadata": {
              "base": "C",
              "fmod_run_ids": [
                685,
                686,
                687,
                688,
                689,
                690,
                691
              ],
              "site": 9,
              "valtype": "modrate"
            }
          },
          "valtype": "modrate"
        },
        {
          "diagnostics": {
            "chisq": 1.190781468233533e-08,
            "covariance": {
              "matrix": [
                [
                  0.014959380171989637,
                  -0.000416005037678226,
                  -0.008647713112867569
                ],
                [
                  -0.000416005037678226,
                  0.1212798436502066,
                  -0.006034564678666503
                ],
                [
                  -0.008647713112867569,
                  -0.006034564678666503,
                  0.006213396871712287
                ]
              ],
              "params": [
                "log_kappa",
                "log_kdeg",
                "log_fmod_0"
              ]
            },
            "ndata": 7,
            "nfree": 4,
            "r2": 0.9435682979531732,
            "reduced_chisq": 2.9769536705838325e-09,
            "status": "completed",
            "success": true,
            "time_max": 300.0,
            "time_min": 0.0
          },
          "nt_id": 479,
          "params": {
            "fmod0": 0.0006913817189758513,
            "kdeg": 0.06983860786443855,
            "kobs": 0.0004919249437210786,
            "log_fmod0": -7.276818471416631,
            "log_fmod0_err": 0.07882510305551327,
            "log_kdeg": -2.661568300861966,
            "log_kdeg_err": 0.34825255727733945,
            "log_kobs": -7.617184406521863,
            "log_kobs_err": 0.12230854496718387,
            "metadata": {
              "base": "U",
              "fmod_run_ids": [
                685,
                686,
                687,
                688,
                689,
                690,
                691
              ],
              "site": 10,
              "valtype": "modrate"
            }
          },
          "valtype": "modrate"
        },
        {
          "diagnostics": {
            "chisq": 2.3972191104495704e-08,
            "covariance": {
              "matrix": [
                [
                  0.007847411359576376,
                  -0.005736437704576816,
                  -0.008449906576732119
                ],
                [
                  -0.005736437704576816,
                  0.2822305413235406,
                  -0.002997386459566227
                ],
                [
                  -0.008449906576732119,
                  -0.002997386459566227,
                  0.010968279772019245
                ]
              ],
              "params": [
                "log_kappa",
                "log_kdeg",
                "log_fmod_0"
              ]
            },
            "ndata": 7,
            "nfree": 4,
            "r2": 0.9700300194403132,
            "reduced_chisq": 5.993047776123926e-09,
            "status": "completed",
            "success": true,
            "time_max": 300.0,
            "time_min": 0.0
          },
          "nt_id": 480,
          "params": {
            "fmod0": 0.0007391592454311953,
            "kdeg": 0.1415735078227115,
            "kobs": 0.0009599713281714594,
            "log_fmod0": -7.209997172501943,
            "log_fmod0_err": 0.10472955538919873,
            "log_kdeg": -1.954936206873861,
            "log_kdeg_err": 0.5312537447618987,
            "log_kobs": -6.948607140436468,
            "log_kobs_err": 0.08858561598575909,
            "metadata": {
              "base": "U",
              "fmod_run_ids": [
                685,
                686,
                687,
                688,
                689,
                690,
                691
              ],
              "site": 11,
              "valtype": "modrate"
            }
          },
          "valtype": "modrate"
        },
        {
          "diagnostics": {
            "chisq": 3.784715930731067e-08,
            "covariance": {
              "matrix": [
                [
                  0.00600476963620463,
                  0.0006381282909982748,
                  -0.0069041845267654185
                ],
                [
                  0.0006381282909982748,
                  0.03784816334202741,
                  -0.006257192511332977
                ],
                [
                  -0.0069041845267654185,
                  -0.006257192511332977,
                  0.010226852502837804
                ]
              ],
              "params": [
                "log_kappa",
                "log_kdeg",
                "log_fmod_0"
              ]
            },
            "ndata": 7,
            "nfree": 4,
            "r2": 0.976616159975726,
            "reduced_chisq": 9.461789826827667e-09,
            "status": "completed",
            "success": true,
            "time_max": 300.0,
            "time_min": 0.0
          },
          "nt_id": 481,
          "params": {
            "fmod0": 0.0009553033725034697,
            "kdeg": 0.04912050810124881,
            "kobs": 0.0013833406067796465,
            "log_fmod0": -6.9534816003862945,
            "log_fmod0_err": 0.10112790170293164,
            "log_kdeg": -3.0134786511159515,
            "log_kdeg_err": 0.19454604427237118,
            "log_kobs": -6.583253975508465,
            "log_kobs_err": 0.07749044867727009,
            "metadata": {
              "base": "U",
              "fmod_run_ids": [
                685,
                686,
                687,
                688,
                689,
                690,
                691
              ],
              "site": 12,
              "valtype": "modrate"
            }
          },
          "valtype": "modrate"
        },
        {
          "diagnostics": {
            "chisq": 2.694793320264289e-07,
            "covariance": {
              "matrix": [
                [
                  0.03805266444753192,
                  0.0065915763684618305,
                  -0.09372329094632491
                ],
                [
                  0.0065915763684618305,
                  0.2144065030618011,
                  -0.1018980588137344
                ],
                [
                  -0.09372329094632491,
                  -0.1018980588137344,
                  0.31162232469341405
                ]
              ],
              "params": [
                "log_kappa",
                "log_kdeg",
                "log_fmod_0"
              ]
            },
            "ndata": 7,
            "nfree": 4,
            "r2": 0.8686728511876531,
            "reduced_chisq": 6.736983300660723e-08,
            "status": "completed",
            "success": true,
            "time_max": 300.0,
            "time_min": 0.0
          },
          "nt_id": 482,
          "params": {
            "fmod0": 0.0004555346671968212,
            "kdeg": 0.035941614614407445,
            "kobs": 0.0014579006789419806,
            "log_fmod0": -7.694038736154135,
            "log_fmod0_err": 0.558231425748689,
            "log_kdeg": -3.325859473360168,
            "log_kdeg_err": 0.46304049829556065,
            "log_kobs": -6.530757769155012,
            "log_kobs_err": 0.19507092158374584,
            "metadata": {
              "base": "U",
              "fmod_run_ids": [
                685,
                686,
                687,
                688,
                689,
                690,
                691
              ],
              "site": 13,
              "valtype": "modrate"
            }
          },
          "valtype": "modrate"
        },
        {
          "diagnostics": {
            "chisq": 4.2309941310741286e-05,
            "covariance": {
              "matrix": [
                [
                  8520753285.4292,
                  -8520303573.177338,
                  6129.954525455226
                ],
                [
                  -8520303573.177338,
                  8519853885.393226,
                  -6130.099895011473
                ],
                [
                  6129.954525455226,
                  -6130.099895011473,
                  0.547128221565885
                ]
              ],
              "params": [
                "log_kappa",
                "log_kdeg",
                "log_fmod_0"
              ]
            },
            "ndata": 7,
            "nfree": 4,
            "r2": 0.2552887542084554,
            "reduced_chisq": 1.0577485327685321e-05,
            "status": "completed",
            "success": true,
            "time_max": 300.0,
            "time_min": 0.0
          },
          "nt_id": 483,
          "params": {
            "fmod0": 0.0024955560050660534,
            "kdeg": 1.3254599058774137e-10,
            "kobs": 101918.1860071079,
            "log_fmod0": -5.993243726883655,
            "log_fmod0_err": 0.7396811621001883,
            "log_kdeg": -22.74409143195171,
            "log_kdeg_err": 92303.05458322182,
            "log_kobs": 11.531925672444185,
            "log_kobs_err": 92307.92644962404,
            "metadata": {
              "base": "G",
              "fmod_run_ids": [
                685,
                686,
                687,
                688,
                689,
                690,
                691
              ],
              "site": 14,
              "valtype": "modrate"
            }
          },
          "valtype": "modrate"
        },
        {
          "diagnostics": {
            "chisq": 4.901411263454713e-06,
            "covariance": {
              "matrix": [
                [
                  0.0017530395265936312,
                  0.00030547319515003324,
                  -0.04229835090043387
                ],
                [
                  0.00030547319515003324,
                  0.009437338004385159,
                  -0.04851034089210337
                ],
                [
                  -0.04229835090043387,
                  -0.04851034089210337,
                  1.4151143611650447
                ]
              ],
              "params": [
                "log_kappa",
                "log_kdeg",
                "log_fmod_0"
              ]
            },
            "ndata": 7,
            "nfree": 4,
            "r2": 0.9932863129259987,
            "reduced_chisq": 1.2253528158636782e-06,
            "status": "completed",
            "success": true,
            "time_max": 300.0,
            "time_min": 0.0
          },
          "nt_id": 484,
          "params": {
            "fmod0": 0.0009039840882733569,
            "kdeg": 0.03116962399648194,
            "kobs": 0.02970842491400825,
            "log_fmod0": -7.008698799194531,
            "log_fmod0_err": 1.1895857939489043,
            "log_kdeg": -3.468311248269492,
            "log_kdeg_err": 0.09714596236789853,
            "log_kobs": -3.516324606261074,
            "log_kobs_err": 0.04186931485698842,
            "metadata": {
              "base": "A",
              "fmod_run_ids": [
                685,
                686,
                687,
                688,
                689,
                690,
                691
              ],
              "site": 15,
              "valtype": "modrate"
            }
          },
          "valtype": "modrate"
        },
        {
          "diagnostics": {
            "chisq": 2.037693461230851e-06,
            "covariance": {
              "matrix": [
                [
                  0.0011843344614385258,
                  0.00021328560211015285,
                  -0.027299099407927442
                ],
                [
                  0.00021328560211015285,
                  0.006388313097019887,
                  -0.03334652671790875
                ],
                [
                  -0.027299099407927442,
                  -0.03334652671790875,
                  0.8939999935360696
                ]
              ],
              "params": [
                "log_kappa",
                "log_kdeg",
                "log_fmod_0"
              ]
            },
            "ndata": 7,
            "nfree": 4,
            "r2": 0.9954250904465347,
            "reduced_chisq": 5.094233653077128e-07,
            "status": "completed",
            "success": true,
            "time_max": 300.0,
            "time_min": 0.0
          },
          "nt_id": 485,
          "params": {
            "fmod0": 0.0007275736523593026,
            "kdeg": 0.02817537260670489,
            "kobs": 0.02306854971896799,
            "log_fmod0": -7.225795323686656,
            "log_fmod0_err": 0.9455157288676216,
            "log_kdeg": -3.569306994415974,
            "log_kdeg_err": 0.07992692348026344,
            "log_kobs": -3.7692850731432204,
            "log_kobs_err": 0.034414160769057345,
            "metadata": {
              "base": "A",
              "fmod_run_ids": [
                685,
                686,
                687,
                688,
                689,
                690,
                691
              ],
              "site": 16,
              "valtype": "modrate"
            }
          },
          "valtype": "modrate"
        },
        {
          "diagnostics": {
            "chisq": 1.4952667179567145e-07,
            "covariance": {
              "matrix": [
                [
                  0.02617659458758665,
                  0.004724614888009616,
                  -0.041003347194544994
                ],
                [
                  0.004724614888009616,
                  0.1457039659526107,
                  -0.055004390807185104
                ],
                [
                  -0.041003347194544994,
                  -0.055004390807185104,
                  0.09479147971458539
                ]
              ],
              "params": [
                "log_kappa",
                "log_kdeg",
                "log_fmod_0"
              ]
            },
            "ndata": 7,
            "nfree": 4,
            "r2": 0.9058297663978397,
            "reduced_chisq": 3.738166794891786e-08,
            "status": "completed",
            "success": true,
            "time_max": 300.0,
            "time_min": 0.0
          },
          "nt_id": 486,
          "params": {
            "fmod0": 0.0005982579367624842,
            "kdeg": 0.024911395732356664,
            "kobs": 0.0012934680717427386,
            "log_fmod0": -7.421488564631976,
            "log_fmod0_err": 0.30788224975562556,
            "log_kdeg": -3.6924299202718385,
            "log_kdeg_err": 0.38171188867077577,
            "log_kobs": -6.650428240258809,
            "log_kobs_err": 0.16179182484781687,
            "metadata": {
              "base": "U",
              "fmod_run_ids": [
                685,
                686,
                687,
                688,
                689,
                690,
                691
              ],
              "site": 17,
              "valtype": "modrate"
            }
          },
          "valtype": "modrate"
        },
        {
          "diagnostics": {
            "chisq": 1.981425503687496e-06,
            "covariance": {
              "matrix": [
                [
                  0.0011675023511923332,
                  0.00020887280468984346,
                  -0.01949004615206233
                ],
                [
                  0.00020887280468984346,
                  0.0063104006480593665,
                  -0.024381516769354707
                ],
                [
                  -0.01949004615206233,
                  -0.024381516769354707,
                  0.46728419774784147
                ]
              ],
              "params": [
                "log_kappa",
                "log_kdeg",
                "log_fmod_0"
              ]
            },
            "ndata": 7,
            "nfree": 4,
            "r2": 0.9954886635182475,
            "reduced_chisq": 4.95356375921874e-07,
            "status": "completed",
            "success": true,
            "time_max": 300.0,
            "time_min": 0.0
          },
          "nt_id": 487,
          "params": {
            "fmod0": 0.000989061125883273,
            "kdeg": 0.02707367584544091,
            "kobs": 0.02287463554898591,
            "log_fmod0": -6.918754422504974,
            "log_fmod0_err": 0.6835818881069344,
            "log_kdeg": -3.6091933941999876,
            "log_kdeg_err": 0.07943803023778577,
            "log_kobs": -3.777726600232241,
            "log_kobs_err": 0.034168733532168455,
            "metadata": {
              "base": "A",
              "fmod_run_ids": [
                685,
                686,
                687,
                688,
                689,
                690,
                691
              ],
              "site": 18,
              "valtype": "modrate"
            }
          },
          "valtype": "modrate"
        },
        {
          "diagnostics": {
            "chisq": 4.641502233450553e-07,
            "covariance": {
              "matrix": [
                [
                  0.16903215063334304,
                  -0.348117920815518,
                  0.0043191445252232525
                ],
                [
                  -0.348117920815518,
                  1.2536580283406464,
                  -0.313535136161996
                ],
                [
                  0.0043191445252232525,
                  -0.313535136161996,
                  0.21848728128936057
                ]
              ],
              "params": [
                "log_kappa",
                "log_kdeg",
                "log_fmod_0"
              ]
            },
            "ndata": 7,
            "nfree": 4,
            "r2": 0.775739873189407,
            "reduced_chisq": 1.1603755583626382e-07,
            "status": "completed",
            "success": true,
            "time_max": 300.0,
            "time_min": 0.0
          },
          "nt_id": 488,
          "params": {
            "fmod0": 0.000603840798311439,
            "kdeg": 0.0072796683604018945,
            "kobs": 0.0015055763821867616,
            "log_fmod0": -7.412199973727068,
            "log_fmod0_err": 0.46742623085291285,
            "log_kdeg": -4.922669972701048,
            "log_kdeg_err": 1.1196687136562522,
            "log_kobs": -6.498579475901545,
            "log_kobs_err": 0.41113519751213595,
            "metadata": {
              "base": "G",
              "fmod_run_ids": [
                685,
                686,
                687,
                688,
                689,
                690,
                691
              ],
              "site": 19,
              "valtype": "modrate"
            }
          },
          "valtype": "modrate"
        },
        {
          "diagnostics": {
            "chisq": 1.572132418057835e-06,
            "covariance": {
              "matrix": [
                [
                  2949249359703.3364,
                  -2949077744734.1763,
                  475419.2269326771
                ],
                [
                  -2949077744734.1763,
                  2948906139751.3013,
                  -475391.6298934279
                ],
                [
                  475419.2269326771,
                  -475391.6298934279,
                  0.14664606386960863
                ]
              ],
              "params": [
                "log_kappa",
                "log_kdeg",
                "log_fmod_0"
              ]
            },
            "ndata": 7,
            "nfree": 4,
            "r2": 0.68141734164166,
            "reduced_chisq": 3.9303310451445875e-07,
            "status": "completed",
            "success": true,
            "time_max": 300.0,
            "time_min": 0.0
          },
          "nt_id": 489,
          "params": {
            "fmod0": 0.00133896516012357,
            "kdeg": 1.0246459443136138e-08,
            "kobs": 634.3655252520789,
            "log_fmod0": -6.615858231936801,
            "log_fmod0_err": 0.38294394350819627,
            "log_kdeg": -18.396333611215127,
            "log_kdeg_err": 1717237.939177708,
            "log_kobs": 6.45262532655539,
            "log_kobs_err": 1717337.86999045,
            "metadata": {
              "base": "U",
              "fmod_run_ids": [
                685,
                686,
                687,
                688,
                689,
                690,
                691
              ],
              "site": 20,
              "valtype": "modrate"
            }
          },
          "valtype": "modrate"
        },
        {
          "diagnostics": {
            "chisq": 6.565809863927442e-06,
            "covariance": {
              "matrix": [
                [
                  59585824.44327575,
                  -59578922.69680106,
                  -3024.3591814645233
                ],
                [
                  -59578922.69680106,
                  59572021.93246096,
                  3023.8415657947526
                ],
                [
                  -3024.3591814645233,
                  3023.8415657947526,
                  0.43062940080144707
                ]
              ],
              "params": [
                "log_kappa",
                "log_kdeg",
                "log_fmod_0"
              ]
            },
            "ndata": 7,
            "nfree": 4,
            "r2": 0.5785148307018672,
            "reduced_chisq": 1.6414524659818606e-06,
            "status": "completed",
            "success": true,
            "time_max": 300.0,
            "time_min": 0.0
          },
          "nt_id": 490,
          "params": {
            "fmod0": 0.0013755449157273213,
            "kdeg": 2.5400096221043408e-11,
            "kobs": 419136.73907189636,
            "log_fmod0": -6.588905324023494,
            "log_fmod0_err": 0.6562235905554197,
            "log_kdeg": -24.396268153681177,
            "log_kdeg_err": 7718.291386858944,
            "log_kobs": 12.945952491898568,
            "log_kobs_err": 7719.185477968239,
            "metadata": {
              "base": "G",
              "fmod_run_ids": [
                685,
                686,
                687,
                688,
                689,
                690,
                691
              ],
              "site": 21,
              "valtype": "modrate"
            }
          },
          "valtype": "modrate"
        },
        {
          "diagnostics": {
            "chisq": 2.5924419115929307e-06,
            "covariance": {
              "matrix": [
                [
                  0.0009794220248254871,
                  0.00017380498873659003,
                  -0.01901169721562946
                ],
                [
                  0.00017380498873659003,
                  0.005256351875079771,
                  -0.022771872560776178
                ],
                [
                  -0.01901169721562946,
                  -0.022771872560776178,
                  0.5207587445034191
                ]
              ],
              "params": [
                "log_kappa",
                "log_kdeg",
                "log_fmod_0"
              ]
            },
            "ndata": 7,
            "nfree": 4,
            "r2": 0.9962357904327537,
            "reduced_chisq": 6.481104778982327e-07,
            "status": "completed",
            "success": true,
            "time_max": 300.0,
            "time_min": 0.0
          },
          "nt_id": 491,
          "params": {
            "fmod0": 0.0010776953443489513,
            "kdeg": 0.028901542669473652,
            "kobs": 0.028809084470329607,
            "log_fmod0": -6.832930458358802,
            "log_fmod0_err": 0.7216361579795036,
            "log_kdeg": -3.5438603057218265,
            "log_kdeg_err": 0.07250070258335274,
            "log_kobs": -3.54706450858121,
            "log_kobs_err": 0.03129571895364424,
            "metadata": {
              "base": "A",
              "fmod_run_ids": [
                685,
                686,
                687,
                688,
                689,
                690,
                691
              ],
              "site": 22,
              "valtype": "modrate"
            }
          },
          "valtype": "modrate"
        },
        {
          "diagnostics": {
            "chisq": 3.654308621116455e-08,
            "covariance": {
              "matrix": [
                [
                  0.007247338231228843,
                  0.00040363082751887974,
                  -0.005495783166027535
                ],
                [
                  0.00040363082751887974,
                  0.049972970583702064,
                  -0.004475557631899842
                ],
                [
                  -0.005495783166027535,
                  -0.004475557631899842,
                  0.005274077790527359
                ]
              ],
              "params": [
                "log_kappa",
                "log_kdeg",
                "log_fmod_0"
              ]
            },
            "ndata": 7,
            "nfree": 4,
            "r2": 0.9718725131874916,
            "reduced_chisq": 9.135771552791138e-09,
            "status": "completed",
            "success": true,
            "time_max": 300.0,
            "time_min": 0.0
          },
          "nt_id": 492,
          "params": {
            "fmod0": 0.0013116872918543076,
            "kdeg": 0.05737064043567409,
            "kobs": 0.001238695433548687,
            "log_fmod0": -6.636440961492075,
            "log_fmod0_err": 0.07262284620233056,
            "log_kdeg": -2.8582225971802897,
            "log_kdeg_err": 0.22354634996729889,
            "log_kobs": -6.693696522897807,
            "log_kobs_err": 0.08513129995030526,
            "metadata": {
              "base": "U",
              "fmod_run_ids": [
                685,
                686,
                687,
                688,
                689,
                690,
                691
              ],
              "site": 23,
              "valtype": "modrate"
            }
          },
          "valtype": "modrate"
        },
        {
          "diagnostics": {
            "chisq": 2.2751826978705379e-07,
            "covariance": {
              "matrix": [
                [
                  0.0264851969154884,
                  0.004256301575958343,
                  -0.03513680010442028
                ],
                [
                  0.004256301575958343,
                  0.15224542506348931,
                  -0.03660587178543371
                ],
                [
                  -0.03513680010442028,
                  -0.03660587178543371,
                  0.06210079375395923
                ]
              ],
              "params": [
                "log_kappa",
                "log_kdeg",
                "log_fmod_0"
              ]
            },
            "ndata": 7,
            "nfree": 4,
            "r2": 0.9047348744581614,
            "reduced_chisq": 5.6879567446763446e-08,
            "status": "completed",
            "success": true,
            "time_max": 300.0,
            "time_min": 0.0
          },
          "nt_id": 493,
          "params": {
            "fmod0": 0.0009416791073923766,
            "kdeg": 0.038846520524024236,
            "kobs": 0.0016089549370492716,
            "log_fmod0": -6.967845991748978,
            "log_fmod0_err": 0.24920030849491184,
            "log_kdeg": -3.248136767980556,
            "log_kdeg_err": 0.3901863978452982,
            "log_kobs": -6.432170418170011,
            "log_kobs_err": 0.16274273229698585,
            "metadata": {
              "base": "U",
              "fmod_run_ids": [
                685,
                686,
                687,
                688,
                689,
                690,
                691
              ],
              "site": 24,
              "valtype": "modrate"
            }
          },
          "valtype": "modrate"
        },
        {
          "diagnostics": {
            "chisq": 2.6989335126515008e-05,
            "covariance": {
              "matrix": [
                [
                  0.005500232167764415,
                  0.0007919302503284155,
                  -0.08386955972507111
                ],
                [
                  0.0007919302503284155,
