{
  "artifacts": {},
  "engine": "python_baseline",
  "engine_version": "0.1.0",
  "metadata": {
    "buffer_pH": 6.5,
    "done_by": [
      "EKC"
    ],
    "experiment_id": "ekc.01.0xx",
    "fmod_run_id": 614,
    "initial_kdeg": 0.0012555088265308954,
    "initial_kdeg_source": "arrhenius:nmr:deg:dms:Schwalbe_bistris",
    "initial_log_kdeg": -6.680214349099913,
    "notes": "Baseline python engine demo using examples/nerd.sqlite",
    "outlier_specs": [
      "64:063_fourU_A8C42c_a_6_m:19_G:modrate",
      "64:063_fourU_A8C42c_a_6_m:8_C:modrate",
      "64:063_fourU_A8C42c_a_6_m:9_C:modrate",
      "64:063_fourU_A8C42c_a_6_m:25_C:modrate"
    ],
    "outliers_applied": 4,
    "rg_id": 64,
    "rg_label": "42_1_A8C",
    "rounds_requested": [
      "round1_free",
      "round2_global",
      "round3_constrained"
    ],
    "rt_protocol": [
      "MRT"
    ],
    "selected_site_bases": [
      "10_U",
      "11_U",
      "12_U",
      "13_U",
      "14_G",
      "15_A",
      "16_A",
      "17_U",
      "18_A",
      "19_G",
      "1_A",
      "20_U",
      "21_G",
      "22_A",
      "23_U",
      "24_U",
      "25_C",
      "26_A",
      "27_G",
      "28_G",
      "29_A",
      "2_G",
      "30_G",
      "31_G",
      "32_U",
      "33_U",
      "34_A",
      "35_A",
      "36_U",
      "3_G",
      "4_U",
      "5_U",
      "61_G",
      "62_G",
      "63_A",
      "64_A",
      "65_G",
      "6_G",
      "7_A",
      "8_C",
      "9_C"
    ],
    "temperature_c": 42.0,
    "valtypes": [
      "modrate",
      "GAmodrate"
    ]
  },
  "rounds": [
    {
      "global_params": {},
      "notes": null,
      "per_nt": [
        {
          "diagnostics": {
            "reason": "Non-zero fmod values are required for a fit.",
            "status": "failed"
          },
          "nt_id": 470,
          "params": {},
          "valtype": "modrate"
        },
        {
          "diagnostics": {
            "reason": "Non-zero fmod values are required for a fit.",
            "status": "failed"
          },
          "nt_id": 471,
          "params": {},
          "valtype": "modrate"
        },
        {
          "diagnostics": {
            "reason": "Non-zero fmod values are required for a fit.",
            "status": "failed"
          },
          "nt_id": 472,
          "params": {},
          "valtype": "modrate"
        },
        {
          "diagnostics": {
            "reason": "Non-zero fmod values are required for a fit.",
            "status": "failed"
          },
          "nt_id": 473,
          "params": {},
          "valtype": "modrate"
        },
        {
          "diagnostics": {
            "chisq": 7.345844857149305e-06,
            "covariance": {
              "matrix": [
                [
                  1.5993690115199757e+18,
                  -1.3041743610718141e+18,
                  -104237498.95559677
                ],
                [
                  -1.3041743610718141e+18,
                  1.6450452923814595e+18,
                  -87654642.95004132
                ],
                [
                  -104237498.95559677,
                  -87654642.95004132,
                  0.0980824453842873
                ]
              ],
              "params": [
                "log_kappa",
                "log_kdeg",
                "log_fmod_0"
              ]
            },
            "ndata": 7,
            "nfree": 4,
            "r2": -8.779643678735738e-13,
            "reduced_chisq": 1.8364612142873263e-06,
            "status": "completed",
            "success": true,
            "time_max": 4080.0,
            "time_min": 0.0
          },
          "nt_id": 474,
          "params": {
            "fmod0": 0.0025598571469986793,
            "kdeg": 4.434896940557883e-15,
            "kobs": 0.0001947869289475607,
            "log_fmod0": -5.967803824001294,
            "log_fmod0_err": 0.31318117022625624,
            "log_kdeg": -33.04927201717385,
            "log_kdeg_err": 1282593190.5251405,
            "log_kobs": -8.543604268865653,
            "log_kobs_err": 1264661619.3749123,
            "metadata": {
              "base": "U",
              "fmod_run_ids": [
                608,
                609,
                610,
                611,
                612,
                613,
                614
              ],
              "site": 5,
              "valtype": "modrate"
            }
          },
          "valtype": "modrate"
        },
        {
          "diagnostics": {
            "chisq": 4.227208423722117e-08,
            "covariance": {
              "matrix": [
                [
                  0.06995663054177793,
                  -0.12722016222101568,
                  -0.005018050826320038
                ],
                [
                  -0.12722016222101568,
                  0.5272270763519904,
                  -0.04472203502439542
                ],
                [
                  -0.005018050826320038,
                  -0.04472203502439542,
                  0.012866325559202698
                ]
              ],
              "params": [
                "log_kappa",
                "log_kdeg",
                "log_fmod_0"
              ]
            },
            "ndata": 7,
            "nfree": 4,
            "r2": 0.8643366353895948,
            "reduced_chisq": 1.0568021059305292e-08,
            "status": "completed",
            "success": true,
            "time_max": 4080.0,
            "time_min": 0.0
          },
          "nt_id": 475,
          "params": {
            "fmod0": 0.0007468852134418656,
            "kdeg": 0.0006348110311110752,
            "kobs": 0.0005948459750321022,
            "log_fmod0": -7.1995990480366565,
            "log_fmod0_err": 0.11342982658543871,
            "log_kdeg": -7.362183192161373,
            "log_kdeg_err": 0.7261040396196611,
            "log_kobs": -7.427208051422364,
            "log_kobs_err": 0.2644931578354683,
            "metadata": {
              "base": "G",
              "fmod_run_ids": [
                608,
                609,
                610,
                611,
                612,
                613,
                614
              ],
              "site": 6,
              "valtype": "modrate"
            }
          },
          "valtype": "modrate"
        },
        {
          "diagnostics": {
            "chisq": 2.2288838841250143e-07,
            "covariance": {
              "matrix": [
                [
                  0.0017034074953695022,
                  -8.540019041598858e-05,
                  -0.005730222304221651
                ],
                [
                  -8.540019041598858e-05,
                  0.012393686331510478,
                  -0.010034116416419958
                ],
                [
                  -0.005730222304221651,
                  -0.010034116416419958,
                  0.033634669658897796
                ]
              ],
              "params": [
                "log_kappa",
                "log_kdeg",
                "log_fmod_0"
              ]
            },
            "ndata": 7,
            "nfree": 4,
            "r2": 0.993276928412352,
            "reduced_chisq": 5.572209710312536e-08,
            "status": "completed",
            "success": true,
            "time_max": 4080.0,
            "time_min": 0.0
          },
          "nt_id": 476,
          "params": {
            "fmod0": 0.001175555548111488,
            "kdeg": 0.0014240928862317502,
            "kobs": 0.006040168343117489,
            "log_fmod0": -6.746014436220586,
            "log_fmod0_err": 0.1833975726635928,
            "log_kdeg": -6.554220239024348,
            "log_kdeg_err": 0.11132693443866348,
            "log_kobs": -5.1093233960467455,
            "log_kobs_err": 0.041272357521342326,
            "metadata": {
              "base": "A",
              "fmod_run_ids": [
                608,
                609,
                610,
                611,
                612,
                613,
                614
              ],
              "site": 7,
              "valtype": "modrate"
            }
          },
          "valtype": "modrate"
        },
        {
          "diagnostics": {
            "chisq": 1.2712894187168076e-07,
            "covariance": {
              "matrix": [
                [
                  0.08549398850000574,
                  0.10889859779538802,
                  -0.19874090329112465
                ],
                [
                  0.10889859779538802,
                  0.24417880220990087,
                  -0.29145240796403993
                ],
                [
                  -0.19874090329112465,
                  -0.29145240796403993,
                  0.4857482866707722
                ]
              ],
              "params": [
                "log_kappa",
                "log_kdeg",
                "log_fmod_0"
              ]
            },
            "ndata": 6,
            "nfree": 3,
            "r2": 0.9004987689454013,
            "reduced_chisq": 4.2376313957226917e-08,
            "status": "completed",
            "success": true,
            "time_max": 4080.0,
            "time_min": 240.0
          },
          "nt_id": 477,
          "params": {
            "fmod0": 0.0008470972259627846,
            "kdeg": 0.0018877715122581514,
            "kobs": 0.0019113387598838204,
            "log_fmod0": -7.073695081277988,
            "log_fmod0_err": 0.6969564453183371,
            "log_kdeg": -6.272358239632174,
            "log_kdeg_err": 0.4941445155113035,
            "log_kobs": -6.25995136104914,
            "log_kobs_err": 0.2923935507154796,
            "metadata": {
              "base": "C",
              "fmod_run_ids": [
                608,
                609,
                610,
                611,
                612,
                613
              ],
              "site": 8,
              "valtype": "modrate"
            }
          },
          "valtype": "modrate"
        },
        {
          "diagnostics": {
            "chisq": 1.7166493673898681e-09,
            "covariance": {
              "matrix": [
                [
                  0.0034236227302786152,
                  0.00433428011239204,
                  -0.0010480267392542551
                ],
                [
                  0.00433428011239204,
                  0.016430688385886023,
                  -0.001988405779993424
                ],
                [
                  -0.0010480267392542551,
                  -0.001988405779993424,
                  0.00037511071991035546
                ]
              ],
              "params": [
                "log_kappa",
                "log_kdeg",
                "log_fmod_0"
              ]
            },
            "ndata": 6,
            "nfree": 3,
            "r2": 0.993211949327456,
            "reduced_chisq": 5.722164557966227e-10,
            "status": "completed",
            "success": true,
            "time_max": 4080.0,
            "time_min": 240.0
          },
          "nt_id": 478,
          "params": {
            "fmod0": 0.0025829777225024313,
            "kdeg": 0.001298029583445497,
            "kobs": 0.0007814998102178852,
            "log_fmod0": -5.9588123895659315,
            "log_fmod0_err": 0.0193677752958453,
            "log_kdeg": -6.646907869399487,
            "log_kdeg_err": 0.12818224676563453,
            "log_kobs": -7.154295650946169,
            "log_kobs_err": 0.05851173156110333,
            "metadata": {
              "base": "C",
              "fmod_run_ids": [
                608,
                609,
                610,
                611,
                612,
                613
              ],
              "site": 9,
              "valtype": "modrate"
            }
          },
          "valtype": "modrate"
        },
        {
          "diagnostics": {
            "chisq": 8.004204195801384e-08,
            "covariance": {
              "matrix": [
                [
                  0.09902471204712208,
                  0.022321569908784696,
                  -0.012172322579005255
                ],
                [
                  0.022321569908784696,
                  0.7062099942394308,
                  -0.011072491839426485
                ],
                [
                  -0.012172322579005255,
                  -0.011072491839426485,
                  0.0018632536907459889
                ]
              ],
              "params": [
                "log_kappa",
                "log_kdeg",
                "log_fmod_0"
              ]
            },
            "ndata": 7,
            "nfree": 4,
            "r2": 0.7178248604187814,
            "reduced_chisq": 2.001051048950346e-08,
            "status": "completed",
            "success": true,
            "time_max": 4080.0,
            "time_min": 0.0
          },
          "nt_id": 479,
          "params": {
            "fmod0": 0.003265407395837471,
            "kdeg": 0.004369041986604733,
            "kobs": 0.00049196045140973,
            "log_fmod0": -5.724370747364666,
            "log_fmod0_err": 0.043165422397400316,
            "log_kdeg": -5.4332115189412,
            "log_kdeg_err": 0.8403630133694788,
            "log_kobs": -7.617112228016435,
            "log_kobs_err": 0.31468192202146295,
            "metadata": {
              "base": "U",
              "fmod_run_ids": [
                608,
                609,
                610,
                611,
                612,
                613,
                614
              ],
              "site": 10,
              "valtype": "modrate"
            }
          },
          "valtype": "modrate"
        },
        {
          "diagnostics": {
            "chisq": 5.987968571429102e-07,
            "ndata": 7,
            "nfree": 4,
            "r2": -8.903988657493755e-14,
            "reduced_chisq": 1.4969921428572754e-07,
            "status": "completed",
            "success": true,
            "time_max": 4080.0,
            "time_min": 0.0
          },
          "nt_id": 480,
          "params": {
            "fmod0": 0.0016421428571948497,
            "kdeg": 1.916335534168799e-15,
            "kobs": 5.144424687254936e-05,
            "log_fmod0": -6.411753269790644,
            "log_kdeg": -33.888361608476586,
            "log_kobs": -9.875011921712035,
            "metadata": {
              "base": "U",
              "fmod_run_ids": [
                608,
                609,
                610,
                611,
                612,
                613,
                614
              ],
              "site": 11,
              "valtype": "modrate"
            }
          },
          "valtype": "modrate"
        },
        {
          "diagnostics": {
            "chisq": 6.229993904464637e-07,
            "covariance": {
              "matrix": [
                [
                  4.380830433833047,
                  -2.92471009246281,
                  -0.2655294549883055
                ],
                [
                  -2.92471009246281,
                  35.85825722103149,
                  -0.6577079577933117
                ],
                [
                  -0.2655294549883055,
                  -0.6577079577933117,
                  0.0450940850883417
                ]
              ],
              "params": [
                "log_kappa",
                "log_kdeg",
                "log_fmod_0"
              ]
            },
            "ndata": 7,
            "nfree": 4,
            "r2": 0.05689603374216812,
            "reduced_chisq": 1.5574984761161592e-07,
            "status": "completed",
            "success": true,
            "time_max": 4080.0,
            "time_min": 0.0
          },
          "nt_id": 481,
          "params": {
            "fmod0": 0.0016238852733826312,
            "kdeg": 0.0010184562098633908,
            "kobs": 0.0002063034496609785,
            "log_fmod0": -6.422933684206912,
            "log_fmod0_err": 0.2123536792437129,
            "log_kdeg": -6.889467317955743,
            "log_kdeg_err": 5.988176452062137,
            "log_kobs": -8.4861624164516,
            "log_kobs_err": 2.093043342559596,
            "metadata": {
              "base": "U",
              "fmod_run_ids": [
                608,
                609,
                610,
                611,
                612,
                613,
                614
              ],
              "site": 12,
              "valtype": "modrate"
            }
          },
          "valtype": "modrate"
        },
        {
          "diagnostics": {
            "chisq": 1.0278693719042846e-05,
            "covariance": {
              "matrix": [
                [
                  2.673810618958026e+18,
                  -2.5821635698975877e+18,
                  -35836978.69578816
                ],
                [
                  -2.5821635698975877e+18,
                  2.509783745473758e+18,
                  -7.708589411349962e-07
                ],
                [
                  -35836978.69578816,
                  -7.708589411349962e-07,
                  0.12849985588110102
                ]
              ],
              "params": [
                "log_kappa",
                "log_kdeg",
                "log_fmod_0"
              ]
            },
            "ndata": 7,
            "nfree": 4,
            "r2": -4.628148975172053e-10,
            "reduced_chisq": 2.5696734297607116e-06,
            "status": "completed",
            "success": true,
            "time_max": 4080.0,
            "time_min": 0.0
          },
          "nt_id": 482,
          "params": {
            "fmod0": 0.002613428577208582,
            "kdeg": 1.0285807123463294e-12,
            "kobs": 0.0004423285194146828,
            "log_fmod0": -5.9470922885916195,
            "log_fmod0_err": 0.3584687655585923,
            "log_kdeg": -27.60284121311032,
            "log_kdeg_err": 1584229700.9820762,
            "log_kobs": -7.723457695370664,
            "log_kobs_err": 1635179078.5592954,
            "metadata": {
              "base": "U",
              "fmod_run_ids": [
                608,
                609,
                610,
                611,
                612,
                613,
                614
              ],
              "site": 13,
              "valtype": "modrate"
            }
          },
          "valtype": "modrate"
        },
        {
          "diagnostics": {
            "chisq": 1.0878396955936477e-08,
            "covariance": {
              "matrix": [
                [
                  0.169440862133069,
                  -0.23200862419903195,
                  -0.021451066864527545
                ],
                [
                  -0.23200862419903195,
                  1.4096912816995175,
                  -0.08687329178370522
                ],
                [
                  -0.021451066864527545,
                  -0.08687329178370522,
                  0.018868257788551498
                ]
              ],
              "params": [
                "log_kappa",
                "log_kdeg",
                "log_fmod_0"
              ]
            },
            "ndata": 7,
            "nfree": 4,
            "r2": 0.655746931774162,
            "reduced_chisq": 2.719599238984119e-09,
            "status": "completed",
            "success": true,
            "time_max": 4080.0,
            "time_min": 0.0
          },
          "nt_id": 483,
          "params": {
            "fmod0": 0.00032065856872868874,
            "kdeg": 0.0007822287097393267,
            "kobs": 0.00015814036709174668,
            "log_fmod0": -8.045133649730388,
            "log_fmod0_err": 0.1373617770289519,
            "log_kdeg": -7.153363392481954,
            "log_kdeg_err": 1.1873042077325917,
            "log_kobs": -8.752027520015558,
            "log_kobs_err": 0.411631949844845,
            "metadata": {
              "base": "G",
              "fmod_run_ids": [
                608,
                609,
                610,
                611,
                612,
                613,
                614
              ],
              "site": 14,
              "valtype": "modrate"
            }
          },
          "valtype": "modrate"
        },
        {
          "diagnostics": {
            "chisq": 1.6464102214909847e-07,
            "covariance": {
              "matrix": [
                [
                  0.0020444300852846156,
                  -0.00021101615524743162,
                  -0.012111689284449568
                ],
                [
                  -0.00021101615524743162,
                  0.015096148401182204,
                  -0.021917174479299723
                ],
                [
                  -0.012111689284449568,
                  -0.021917174479299723,
                  0.12982436009155313
                ]
              ],
              "params": [
                "log_kappa",
                "log_kdeg",
                "log_fmod_0"
              ]
            },
            "ndata": 7,
            "nfree": 4,
            "r2": 0.9919395350047853,
            "reduced_chisq": 4.116025553727462e-08,
            "status": "completed",
            "success": true,
            "time_max": 4080.0,
            "time_min": 0.0
          },
          "nt_id": 484,
          "params": {
            "fmod0": 0.0005115572708494669,
            "kdeg": 0.0013676673659020141,
            "kobs": 0.004736578902660759,
            "log_fmod0": -7.578051012370249,
            "log_fmod0_err": 0.3603114764915949,
            "log_kdeg": -6.594648642928802,
            "log_kdeg_err": 0.12286638434161805,
            "log_kobs": -5.352440154355944,
            "log_kobs_err": 0.04521537443486027,
            "metadata": {
              "base": "A",
              "fmod_run_ids": [
                608,
                609,
                610,
                611,
                612,
                613,
                614
              ],
              "site": 15,
              "valtype": "modrate"
            }
          },
          "valtype": "modrate"
        },
        {
          "diagnostics": {
            "chisq": 1.701506988560792e-07,
            "covariance": {
              "matrix": [
                [
                  0.002614579503241605,
                  -0.0011339731481404833,
                  -0.004316259017506785
                ],
                [
                  -0.0011339731481404833,
                  0.020662195952479378,
                  -0.00938234657107215
                ],
                [
                  -0.004316259017506785,
                  -0.00938234657107215,
                  0.016386880013789726
                ]
              ],
              "params": [
                "log_kappa",
                "log_kdeg",
                "log_fmod_0"
              ]
            },
            "ndata": 7,
            "nfree": 4,
            "r2": 0.9899379281400745,
            "reduced_chisq": 4.25376747140198e-08,
            "status": "completed",
            "success": true,
            "time_max": 4080.0,
            "time_min": 0.0
          },
          "nt_id": 485,
          "params": {
            "fmod0": 0.0014275073683911298,
            "kdeg": 0.0011290076006556116,
            "kobs": 0.0043319097784130295,
            "log_fmod0": -6.551825454702331,
            "log_fmod0_err": 0.12801124955952006,
            "log_kdeg": -6.786416261635669,
            "log_kdeg_err": 0.14374350751418088,
            "log_kobs": -5.441746776834735,
            "log_kobs_err": 0.05113295906987591,
            "metadata": {
              "base": "A",
              "fmod_run_ids": [
                608,
                609,
                610,
                611,
                612,
                613,
                614
              ],
              "site": 16,
              "valtype": "modrate"
            }
          },
          "valtype": "modrate"
        },
        {
          "diagnostics": {
            "chisq": 6.402448599836559e-08,
            "covariance": {
              "matrix": [
                [
                  17.03407826419702,
                  -32.69427410917942,
                  -0.05476812277901236
                ],
                [
                  -32.69427410917942,
                  120.53756613458104,
                  -0.8943163364902157
                ],
                [
                  -0.05476812277901236,
                  -0.8943163364902157,
                  0.022214436364129144
                ]
              ],
              "params": [
                "log_kappa",
                "log_kdeg",
                "log_fmod_0"
              ]
            },
            "ndata": 7,
            "nfree": 4,
            "r2": 0.029679999158744308,
            "reduced_chisq": 1.6006121499591398e-08,
            "status": "completed",
            "success": true,
            "time_max": 4080.0,
            "time_min": 0.0
          },
          "nt_id": 486,
          "params": {
            "fmod0": 0.0006936021408321265,
            "kdeg": 0.0005877391210947452,
            "kobs": 5.174340231028225e-05,
            "log_fmod0": -7.273612045951197,
            "log_fmod0_err": 0.14904508165024818,
            "log_kdeg": -7.439227380124592,
            "log_kdeg_err": 10.978960157254468,
            "log_kobs": -9.869213625535288,
            "log_kobs_err": 4.12723615318981,
            "metadata": {
              "base": "U",
              "fmod_run_ids": [
                608,
                609,
                610,
                611,
                612,
                613,
                614
              ],
              "site": 17,
              "valtype": "modrate"
            }
          },
          "valtype": "modrate"
        },
        {
          "diagnostics": {
            "chisq": 2.5472637425540474e-05,
            "covariance": {
              "matrix": [
                [
                  0.0028858535699846917,
                  -6.056594343942825e-05,
                  -0.034073431220224513
                ],
                [
                  -6.056594343942825e-05,
                  0.019935797772344617,
                  -0.05626483706609873
                ],
                [
                  -0.034073431220224513,
                  -0.05626483706609873,
                  0.6799607173326165
                ]
              ],
              "params": [
                "log_kappa",
                "log_kdeg",
                "log_fmod_0"
              ]
            },
            "ndata": 7,
            "nfree": 4,
            "r2": 0.9891914851330911,
            "reduced_chisq": 6.368159356385119e-06,
            "status": "completed",
            "success": true,
            "time_max": 4080.0,
            "time_min": 0.0
          },
          "nt_id": 487,
          "params": {
            "fmod0": 0.002815157272886737,
            "kdeg": 0.0014676876657864898,
            "kobs": 0.05206474482012994,
            "log_fmod0": -5.872737149364368,
            "log_fmod0_err": 0.8245973061638127,
            "log_kdeg": -6.5240671331526245,
            "log_kdeg_err": 0.14119418462650868,
            "log_kobs": -2.9552672421910087,
            "log_kobs_err": 0.05372014119475759,
            "metadata": {
              "base": "A",
              "fmod_run_ids": [
                608,
                609,
                610,
                611,
                612,
                613,
                614
              ],
              "site": 18,
              "valtype": "modrate"
            }
          },
          "valtype": "modrate"
        },
        {
          "diagnostics": {
            "chisq": 9.725479717062336e-08,
            "covariance": {
              "matrix": [
                [
                  0.11773428564832593,
                  0.1413599964177782,
                  -9052574.764726492
                ],
                [
                  0.1413599964177782,
                  0.241829453648987,
                  -11608191.943546426
                ],
                [
                  -9052574.764726492,
                  -11608191.943546426,
                  711476196425751.5
                ]
              ],
              "params": [
                "log_kappa",
                "log_kdeg",
                "log_fmod_0"
              ]
            },
            "ndata": 6,
            "nfree": 3,
            "r2": 0.9080177046507106,
            "reduced_chisq": 3.2418265723541123e-08,
            "status": "completed",
            "success": true,
            "time_max": 4080.0,
            "time_min": 240.0
          },
          "nt_id": 488,
          "params": {
            "fmod0": 3.9471614194315925e-12,
            "kdeg": 0.0024510135452863457,
            "kobs": 0.0019606889798605993,
            "log_fmod0": -26.258024423344388,
            "log_fmod0_err": 26673511.137938917,
            "log_kdeg": -6.011253648018815,
            "log_kdeg_err": 0.4917615821198185,
            "log_kobs": -6.2344593471714695,
            "log_kobs_err": 0.34312430057972565,
            "metadata": {
              "base": "G",
              "fmod_run_ids": [
                608,
                609,
                610,
                611,
                612,
                613
              ],
              "site": 19,
              "valtype": "modrate"
            }
          },
          "valtype": "modrate"
        },
        {
          "diagnostics": {
            "chisq": 4.34733304406466e-07,
            "covariance": {
              "matrix": [
                [
                  0.759423777202453,
                  -0.8899192075975001,
                  -0.068128069894288
                ],
                [
                  -0.8899192075975001,
                  6.373298979485332,
                  -0.232808542661236
                ],
                [
                  -0.068128069894288,
                  -0.232808542661236,
                  0.030431049040988648
                ]
              ],
              "params": [
                "log_kappa",
                "log_kdeg",
                "log_fmod_0"
              ]
            },
            "ndata": 7,
            "nfree": 4,
            "r2": 0.2825205483337281,
            "reduced_chisq": 1.086833261016165e-07,
            "status": "completed",
            "success": true,
            "time_max": 4080.0,
            "time_min": 0.0
          },
          "nt_id": 489,
          "params": {
            "fmod0": 0.0016109943263308349,
            "kdeg": 0.0008418829102506103,
            "kobs": 0.0004495350383294496,
            "log_fmod0": -6.430903696624144,
            "log_fmod0_err": 0.1744449742497291,
            "log_kdeg": -7.0798696148519715,
            "log_kdeg_err": 2.5245393598605927,
            "log_kobs": -7.707296757525548,
            "log_kobs_err": 0.8714492396017413,
            "metadata": {
              "base": "U",
              "fmod_run_ids": [
                608,
                609,
                610,
                611,
                612,
                613,
                614
              ],
              "site": 20,
              "valtype": "modrate"
            }
          },
          "valtype": "modrate"
        },
        {
          "diagnostics": {
            "chisq": 1.935113026375336e-08,
            "covariance": {
              "matrix": [
                [
                  0.01108148481067763,
                  -0.020124055184264408,
                  -0.0010721583114861302
                ],
                [
                  -0.020124055184264408,
                  0.08358427285524869,
                  -0.00946886995265314
                ],
                [
                  -0.0010721583114861302,
                  -0.00946886995265314,
                  0.0036394827653562774
                ]
              ],
              "params": [
                "log_kappa",
                "log_kdeg",
                "log_fmod_0"
              ]
            },
            "ndata": 7,
            "nfree": 4,
            "r2": 0.9756825520884903,
            "reduced_chisq": 4.83778256593834e-09,
            "status": "completed",
            "success": true,
            "time_max": 4080.0,
            "time_min": 0.0
          },
          "nt_id": 490,
          "params": {
            "fmod0": 0.0009503207373984905,
            "kdeg": 0.0006357758798854277,
            "kobs": 0.0010098175908069672,
            "log_fmod0": -6.958711012035725,
            "log_fmod0_err": 0.060328125823336146,
            "log_kdeg": -7.360664446845392,
            "log_kdeg_err": 0.2891094478830616,
            "log_kobs": -6.897985567601102,
            "log_kobs_err": 0.10526863165576739,
            "metadata": {
              "base": "G",
              "fmod_run_ids": [
                608,
                609,
                610,
                611,
                612,
                613,
                614
              ],
              "site": 21,
              "valtype": "modrate"
            }
          },
          "valtype": "modrate"
        },
        {
          "diagnostics": {
            "chisq": 8.854154215273916e-07,
            "covariance": {
              "matrix": [
                [
                  0.0021773185700233637,
                  -0.0008899542051801555,
                  -0.005110427563131262
                ],
                [
                  -0.0008899542051801555,
                  0.017040350643777503,
                  -0.010909541593749322
                ],
                [
                  -0.005110427563131262,
                  -0.010909541593749322,
                  0.027023258659943962
                ]
              ],
              "params": [
                "log_kappa",
                "log_kdeg",
                "log_fmod_0"
              ]
            },
            "ndata": 7,
            "nfree": 4,
            "r2": 0.9916420800410914,
            "reduced_chisq": 2.213538553818479e-07,
            "status": "completed",
            "success": true,
            "time_max": 4080.0,
            "time_min": 0.0
          },
          "nt_id": 491,
          "params": {
            "fmod0": 0.0025410568687152936,
            "kdeg": 0.0011420948798074662,
            "kobs": 0.010882206418982937,
            "log_fmod0": -5.9751751944477585,
            "log_fmod0_err": 0.16438752586478075,
            "log_kdeg": -6.774891089056308,
            "log_kdeg_err": 0.1305386940480772,
            "log_kobs": -4.5206262622522395,
            "log_kobs_err": 0.046661746324193266,
            "metadata": {
              "base": "A",
              "fmod_run_ids": [
                608,
                609,
                610,
                611,
                612,
                613,
                614
              ],
              "site": 22,
              "valtype": "modrate"
            }
          },
          "valtype": "modrate"
        },
        {
          "diagnostics": {
            "chisq": 6.440479429053301e-06,
            "covariance": {
              "matrix": [
                [
                  1.2184476946006912e+18,
                  -1.2145044430970834e+18,
                  -36772091.2359034
                ],
                [
                  -1.2145044430970834e+18,
                  1.364297629688027e+18,
                  -24784467.704646323
                ],
                [
                  -36772091.2359034,
                  -24784467.704646323,
                  0.04727585222883307
                ]
              ],
              "params": [
                "log_kappa",
                "log_kdeg",
                "log_fmod_0"
              ]
            },
            "ndata": 7,
            "nfree": 4,
            "r2": -7.481903985251392e-11,
            "reduced_chisq": 1.6101198572633252e-06,
            "status": "completed",
            "success": true,
            "time_max": 4080.0,
            "time_min": 0.0
          },
          "nt_id": 492,
          "params": {
            "fmod0": 0.0032622857163177527,
            "kdeg": 2.203674557292782e-13,
            "kobs": 0.0002884455595021774,
            "log_fmod0": -5.72532718931255,
            "log_fmod0_err": 0.21743010883691585,
            "log_kdeg": -29.14347998856524,
            "log_kdeg_err": 1168031519.13295,
            "log_kobs": -8.151004191721428,
            "log_kobs_err": 1103833182.41512,
            "metadata": {
              "base": "U",
              "fmod_run_ids": [
                608,
                609,
                610,
                611,
                612,
                613,
                614
              ],
              "site": 23,
              "valtype": "modrate"
            }
          },
          "valtype": "modrate"
        },
        {
          "diagnostics": {
            "chisq": 1.3516360004157753e-06,
            "covariance": {
              "matrix": [
                [
                  3.963889434991306e+17,
                  -4.0428638314434816e+17,
                  -29236861.668758772
                ],
                [
                  -4.0428638314434816e+17,
                  4.180058867462683e+17,
                  17596623.364160154
                ],
                [
                  -29236861.668758772,
                  17596623.364160154,
                  0.0452907940247865
                ]
              ],
              "params": [
                "log_kappa",
                "log_kdeg",
                "log_fmod_0"
              ]
            },
            "ndata": 7,
            "nfree": 4,
            "r2": -3.0760904934368227e-10,
            "reduced_chisq": 3.379090001039438e-07,
            "status": "completed",
            "success": true,
            "time_max": 4080.0,
            "time_min": 0.0
          },
          "nt_id": 493,
          "params": {
            "fmod0": 0.0016970000064776103,
            "kdeg": 1.022317696453993e-12,
            "kobs": 0.00014124304022819124,
            "log_fmod0": -6.378893288912953,
            "log_fmod0_err": 0.2128163387167125,
            "log_kdeg": -27.608948814866167,
            "log_kdeg_err": 646533747.5695049,
            "log_kobs": -8.865028461872434,
            "log_kobs_err": 629594268.9535306,
            "metadata": {
              "base": "U",
              "fmod_run_ids": [
                608,
                609,
                610,
                611,
                612,
                613,
                614
              ],
              "site": 24,
              "valtype": "modrate"
            }
          },
          "valtype": "modrate"
        },
        {
          "diagnostics": {
            "chisq": 3.6125189705091938e-09,
            "covariance": {
              "matrix": [
                [
                  0.0038424473622809645,
                  0.004844167596812484,
                  -0.004499820300026329
                ],
                [
                  0.004844167596812484,
                  0.010167772706806296,
                  -0.00638908554045848
                ],
                [
                  -0.004499820300026329,
                  -0.00638908554045848,
                  0.0054940920082455795
                ]
              ],
              "params": [
                "log_kappa",
                "log_kdeg",
                "log_fmod_0"
              ]
            },
            "ndata": 6,
            "nfree": 3,
