{
  "artifacts": {},
  "engine": "python_baseline",
  "engine_version": "0.1.0",
  "metadata": {
    "buffer_pH": 6.4,
    "done_by": [
      "EKC"
    ],
    "experiment_id": "ekc.01.0xx",
    "fmod_run_id": 855,
    "initial_kdeg": 0.030500380987197977,
    "initial_kdeg_source": "arrhenius:nmr:deg:dms:Schwalbe_bistris",
    "initial_log_kdeg": -3.4900161040632476,
    "notes": "Baseline python engine demo using examples/nerd.sqlite",
    "rg_id": 88,
    "rg_label": "75_2_15",
    "rounds_requested": [
      "round1_free",
      "round2_global",
      "round3_constrained"
    ],
    "rt_protocol": [
      "MRT"
    ],
    "selected_site_bases": [
      "17_G",
      "18_G",
      "19_C",
      "1_U",
      "20_A",
      "21_G",
      "22_A",
      "23_U",
      "24_C",
      "25_U",
      "26_G",
      "27_A",
      "28_G",
      "29_C",
      "2_A",
      "30_C",
      "31_U",
      "32_G",
      "33_G",
      "34_G",
      "35_A",
      "36_G",
      "37_C",
      "38_U",
      "39_C",
      "3_A",
      "40_U",
      "41_C",
      "42_U",
      "43_G",
      "44_C",
      "45_C",
      "61_A",
      "62_A",
      "63_U",
      "64_C",
      "65_C"
    ],
    "temperature_c": 75.0,
    "valtypes": [
      "modrate",
      "GAmodrate"
    ]
  },
  "rounds": [
    {
      "global_params": {},
      "notes": null,
      "per_nt": [
        {
          "diagnostics": {
            "reason": "Non-zero fmod values are required for a fit.",
            "status": "failed"
          },
          "nt_id": 315,
          "params": {},
          "valtype": "modrate"
        },
        {
          "diagnostics": {
            "reason": "Non-zero fmod values are required for a fit.",
            "status": "failed"
          },
          "nt_id": 316,
          "params": {},
          "valtype": "modrate"
        },
        {
          "diagnostics": {
            "reason": "Non-zero fmod values are required for a fit.",
            "status": "failed"
          },
          "nt_id": 317,
          "params": {},
          "valtype": "modrate"
        },
        {
          "diagnostics": {
            "reason": "Non-zero fmod values are required for a fit.",
            "status": "failed"
          },
          "nt_id": 318,
          "params": {},
          "valtype": "modrate"
        },
        {
          "diagnostics": {
            "chisq": 3.167942627142585e-08,
            "covariance": {
              "matrix": [
                [
                  0.015294872913228216,
                  0.0026782380962210115,
                  -0.024442393019889288
                ],
                [
                  0.0026782380962210115,
                  0.08595054499289369,
                  -0.027108417652581672
                ],
                [
                  -0.024442393019889288,
                  -0.027108417652581672,
                  0.05297576430875087
                ]
              ],
              "params": [
                "log_kappa",
                "log_kdeg",
                "log_fmod_0"
              ]
            },
            "ndata": 7,
            "nfree": 4,
            "r2": 0.9426852646822611,
            "reduced_chisq": 7.919856567856463e-09,
            "status": "completed",
            "success": true,
            "time_max": 200.0,
            "time_min": 0.0
          },
          "nt_id": 319,
          "params": {
            "fmod0": 0.00038039588095471646,
            "kdeg": 0.04935536340839977,
            "kobs": 0.0007901769074066945,
            "log_fmod0": -7.874298055546416,
            "log_fmod0_err": 0.23016464608786222,
            "log_kdeg": -3.008708837986729,
            "log_kdeg_err": 0.29317323375931453,
            "log_kobs": -7.143253704146359,
            "log_kobs_err": 0.12367244201206758,
            "metadata": {
              "base": "G",
              "fmod_run_ids": [
                849,
                850,
                851,
                852,
                853,
                854,
                855
              ],
              "site": 18,
              "valtype": "modrate"
            }
          },
          "valtype": "modrate"
        },
        {
          "diagnostics": {
            "chisq": 7.842986239684072e-07,
            "covariance": {
              "matrix": [
                [
                  0.00031569962698214634,
                  3.4732790849339174e-05,
                  -0.007878290203152035
                ],
                [
                  3.4732790849339174e-05,
                  0.001832192829084258,
                  -0.01088644478966693
                ],
                [
                  -0.007878290203152035,
                  -0.01088644478966693,
                  0.2973916123385395
                ]
              ],
              "params": [
                "log_kappa",
                "log_kdeg",
                "log_fmod_0"
              ]
            },
            "ndata": 7,
            "nfree": 4,
            "r2": 0.9987779727879998,
            "reduced_chisq": 1.960746559921018e-07,
            "status": "completed",
            "success": true,
            "time_max": 200.0,
            "time_min": 0.0
          },
          "nt_id": 320,
          "params": {
            "fmod0": 0.0007813397309851814,
            "kdeg": 0.03541954252215896,
            "kobs": 0.027850369316312712,
            "log_fmod0": -7.154500507848037,
            "log_fmod0_err": 0.545336237873974,
            "log_kdeg": -3.340491562516648,
            "log_kdeg_err": 0.04280412163663983,
            "log_kobs": -3.5809090517878746,
            "log_kobs_err": 0.01776793817476148,
            "metadata": {
              "base": "C",
              "fmod_run_ids": [
                849,
                850,
                851,
                852,
                853,
                854,
                855
              ],
              "site": 19,
              "valtype": "modrate"
            }
          },
          "valtype": "modrate"
        },
        {
          "diagnostics": {
            "chisq": 1.9131950014728614e-06,
            "covariance": {
              "matrix": [
                [
                  0.002009724578589823,
                  0.00029550425090697606,
                  -0.07657364709117946
                ],
                [
                  0.00029550425090697606,
                  0.011499283654547214,
                  -0.09966310174226632
                ],
                [
                  -0.07657364709117946,
                  -0.09966310174226632,
                  4.244784077233983
                ]
              ],
              "params": [
                "log_kappa",
                "log_kdeg",
                "log_fmod_0"
              ]
            },
            "ndata": 7,
            "nfree": 4,
            "r2": 0.9921967015368713,
            "reduced_chisq": 4.782987503682153e-07,
            "status": "completed",
            "success": true,
            "time_max": 200.0,
            "time_min": 0.0
          },
          "nt_id": 321,
          "params": {
            "fmod0": 0.0003255269413159111,
            "kdeg": 0.03892280681811401,
            "kobs": 0.01709733928358618,
            "log_fmod0": -8.03006533072112,
            "log_fmod0_err": 2.0602873773418073,
            "log_kdeg": -3.246174906635855,
            "log_kdeg_err": 0.10723471291772647,
            "log_kobs": -4.068832425031163,
            "log_kobs_err": 0.04482995180222507,
            "metadata": {
              "base": "A",
              "fmod_run_ids": [
                849,
                850,
                851,
                852,
                853,
                854,
                855
              ],
              "site": 20,
              "valtype": "modrate"
            }
          },
          "valtype": "modrate"
        },
        {
          "diagnostics": {
            "chisq": 1.7137931420100266e-08,
            "covariance": {
              "matrix": [
                [
                  0.009143996184634164,
                  8.907692582470409e-05,
                  -0.013176073337877221
                ],
                [
                  8.907692582470409e-05,
                  0.057646013606825836,
                  -0.021296445731007592
                ],
                [
                  -0.013176073337877221,
                  -0.021296445731007592,
                  0.03187061988450053
                ]
              ],
              "params": [
                "log_kappa",
                "log_kdeg",
                "log_fmod_0"
              ]
            },
            "ndata": 7,
            "nfree": 4,
            "r2": 0.9647392126999121,
            "reduced_chisq": 4.2844828550250665e-09,
            "status": "completed",
            "success": true,
            "time_max": 200.0,
            "time_min": 0.0
          },
          "nt_id": 322,
          "params": {
            "fmod0": 0.0003460330946917094,
            "kdeg": 0.02978904935875333,
            "kobs": 0.0007410516989904617,
            "log_fmod0": -7.968976138082658,
            "log_fmod0_err": 0.17852344351513202,
            "log_kdeg": -3.5136144241876326,
            "log_kdeg_err": 0.24009584254381797,
            "log_kobs": -7.207440165884049,
            "log_kobs_err": 0.09562424475327459,
            "metadata": {
              "base": "G",
              "fmod_run_ids": [
                849,
                850,
                851,
                852,
                853,
                854,
                855
              ],
              "site": 21,
              "valtype": "modrate"
            }
          },
          "valtype": "modrate"
        },
        {
          "diagnostics": {
            "chisq": 1.1084286744347745e-06,
            "covariance": {
              "matrix": [
                [
                  0.0016096207486751251,
                  0.00026295803325432425,
                  -0.03779386020023503
                ],
                [
                  0.00026295803325432425,
                  0.009092080485343724,
                  -0.04665232277778792
                ],
                [
                  -0.03779386020023503,
                  -0.04665232277778792,
                  1.2574499733917048
                ]
              ],
              "params": [
                "log_kappa",
                "log_kdeg",
                "log_fmod_0"
              ]
            },
            "ndata": 7,
            "nfree": 4,
            "r2": 0.9937290663390773,
            "reduced_chisq": 2.771071686086936e-07,
            "status": "completed",
            "success": true,
            "time_max": 200.0,
            "time_min": 0.0
          },
          "nt_id": 323,
          "params": {
            "fmod0": 0.0004576692356293676,
            "kdeg": 0.04197883650064526,
            "kobs": 0.014539789216893017,
            "log_fmod0": -7.68936382770602,
            "log_fmod0_err": 1.1213607686162848,
            "log_kdeg": -3.17058968053721,
            "log_kdeg_err": 0.09535240157092911,
            "log_kobs": -4.230866303756739,
            "log_kobs_err": 0.04012007912099782,
            "metadata": {
              "base": "A",
              "fmod_run_ids": [
                849,
                850,
                851,
                852,
                853,
                854,
                855
              ],
              "site": 22,
              "valtype": "modrate"
            }
          },
          "valtype": "modrate"
        },
        {
          "diagnostics": {
            "chisq": 8.429944475937607e-07,
            "covariance": {
              "matrix": [
                [
                  0.012122959744809054,
                  -0.004178566281733747,
                  -0.03617485127152224
                ],
                [
                  -0.004178566281733747,
                  0.17503381755610734,
                  -0.017355026015401342
                ],
                [
                  -0.03617485127152224,
                  -0.017355026015401342,
                  0.13191887741529618
                ]
              ],
              "params": [
                "log_kappa",
                "log_kdeg",
                "log_fmod_0"
              ]
            },
            "ndata": 7,
            "nfree": 4,
            "r2": 0.9543118434643275,
            "reduced_chisq": 2.1074861189844017e-07,
            "status": "completed",
            "success": true,
            "time_max": 200.0,
            "time_min": 0.0
          },
          "nt_id": 324,
          "params": {
            "fmod0": 0.001263772591663635,
            "kdeg": 0.13765603870480164,
            "kobs": 0.004617459271035618,
            "log_fmod0": -6.673653911102032,
            "log_fmod0_err": 0.36320638405085365,
            "log_kdeg": -1.9829971783608542,
            "log_kdeg_err": 0.4183704310250754,
            "log_kobs": -5.37791066649597,
            "log_kobs_err": 0.11010431301638031,
            "metadata": {
              "base": "U",
              "fmod_run_ids": [
                849,
                850,
                851,
                852,
                853,
                854,
                855
              ],
              "site": 23,
              "valtype": "modrate"
            }
          },
          "valtype": "modrate"
        },
        {
          "diagnostics": {
            "chisq": 5.547680538227269e-07,
            "covariance": {
              "matrix": [
                [
                  0.0003227364888623504,
                  5.0348888222701966e-05,
                  -0.006081676935872724
                ],
                [
                  5.0348888222701966e-05,
                  0.0018158669669406464,
                  -0.007563776792219749
                ],
                [
                  -0.006081676935872724,
                  -0.007563776792219749,
                  0.1634251199666059
                ]
              ],
              "params": [
                "log_kappa",
                "log_kdeg",
                "log_fmod_0"
              ]
            },
            "ndata": 7,
            "nfree": 4,
            "r2": 0.998747261798655,
            "reduced_chisq": 1.3869201345568173e-07,
            "status": "completed",
            "success": true,
            "time_max": 200.0,
            "time_min": 0.0
          },
          "nt_id": 325,
          "params": {
            "fmod0": 0.0008970621540545587,
            "kdeg": 0.04111295504271362,
            "kobs": 0.02316315525230896,
            "log_fmod0": -7.016385407275267,
            "log_fmod0_err": 0.40425872899246823,
            "log_kdeg": -3.1914319992955935,
            "log_kdeg_err": 0.042612990589028676,
            "log_kobs": -3.7651923984104516,
            "log_kobs_err": 0.01796486818382897,
            "metadata": {
              "base": "C",
              "fmod_run_ids": [
                849,
                850,
                851,
                852,
                853,
                854,
                855
              ],
              "site": 24,
              "valtype": "modrate"
            }
          },
          "valtype": "modrate"
        },
        {
          "diagnostics": {
            "chisq": 2.4545979047420246e-07,
            "covariance": {
              "matrix": [
                [
                  0.009042985933192601,
                  -0.0025410660748823952,
                  -0.017282845766190904
                ],
                [
                  -0.0025410660748823952,
                  0.11326670709777915,
                  -0.00883386311170815
                ],
                [
                  -0.017282845766190904,
                  -0.00883386311170815,
                  0.04048103448602094
                ]
              ],
              "params": [
                "log_kappa",
                "log_kdeg",
                "log_fmod_0"
              ]
            },
            "ndata": 7,
            "nfree": 4,
            "r2": 0.9653969778261623,
            "reduced_chisq": 6.136494761855061e-08,
            "status": "completed",
            "success": true,
            "time_max": 200.0,
            "time_min": 0.0
          },
          "nt_id": 326,
          "params": {
            "fmod0": 0.0012309567095332224,
            "kdeg": 0.12874939841905517,
            "kobs": 0.0028815824023630528,
            "log_fmod0": -6.699963599308652,
            "log_fmod0_err": 0.20119899225895974,
            "log_kdeg": -2.0498874119225654,
            "log_kdeg_err": 0.3365511953593081,
            "log_kobs": -5.849415690459115,
            "log_kobs_err": 0.0950946156898097,
            "metadata": {
              "base": "U",
              "fmod_run_ids": [
                849,
                850,
                851,
                852,
                853,
                854,
                855
              ],
              "site": 25,
              "valtype": "modrate"
            }
          },
          "valtype": "modrate"
        },
        {
          "diagnostics": {
            "chisq": 4.8270450365648525e-08,
            "covariance": {
              "matrix": [
                [
                  0.020138214848151408,
                  -0.0007448893863010405,
                  -0.02710987889207246
                ],
                [
                  -0.0007448893863010405,
                  0.1294411274025644,
                  -0.045694695341591436
                ],
                [
                  -0.02710987889207246,
                  -0.045694695341591436,
                  0.06368002082868236
                ]
              ],
              "params": [
                "log_kappa",
                "log_kdeg",
                "log_fmod_0"
              ]
            },
            "ndata": 7,
            "nfree": 4,
            "r2": 0.9255226847291872,
            "reduced_chisq": 1.2067612591412131e-08,
            "status": "completed",
            "success": true,
            "time_max": 200.0,
            "time_min": 0.0
          },
          "nt_id": 327,
          "params": {
            "fmod0": 0.00040840995880510854,
            "kdeg": 0.02832043988555719,
            "kobs": 0.0008382988833280344,
            "log_fmod0": -7.803239087041814,
            "log_fmod0_err": 0.25234900599899807,
            "log_kdeg": -3.5641714775951447,
            "log_kdeg_err": 0.35977927594924697,
            "log_kobs": -7.084135858388588,
            "log_kobs_err": 0.14190917816741597,
            "metadata": {
              "base": "G",
              "fmod_run_ids": [
                849,
                850,
                851,
                852,
                853,
                854,
                855
              ],
              "site": 26,
              "valtype": "modrate"
            }
          },
          "valtype": "modrate"
        },
        {
          "diagnostics": {
            "chisq": 4.772043951717279e-07,
            "covariance": {
              "matrix": [
                [
                  0.00045770024508037815,
                  6.445288500367169e-05,
                  -0.0166095942710648
                ],
                [
                  6.445288500367169e-05,
                  0.002629813271065008,
                  -0.021936144694856975
                ],
                [
                  -0.0166095942710648,
                  -0.021936144694856975,
                  0.8840735364118776
                ]
              ],
              "params": [
                "log_kappa",
                "log_kdeg",
                "log_fmod_0"
              ]
            },
            "ndata": 7,
            "nfree": 4,
            "r2": 0.9982128925950541,
            "reduced_chisq": 1.1930109879293198e-07,
            "status": "completed",
            "success": true,
            "time_max": 200.0,
            "time_min": 0.0
          },
          "nt_id": 328,
          "params": {
            "fmod0": 0.00035559194274065143,
            "kdeg": 0.0381169496216229,
            "kobs": 0.01789536278181282,
            "log_fmod0": -7.941726712790867,
            "log_fmod0_err": 0.9402518473323398,
            "log_kdeg": -3.2670962238170667,
            "log_kdeg_err": 0.05128170503274056,
            "log_kobs": -4.023213662166463,
            "log_kobs_err": 0.021393930098987848,
            "metadata": {
              "base": "A",
              "fmod_run_ids": [
                849,
                850,
                851,
                852,
                853,
                854,
                855
              ],
              "site": 27,
              "valtype": "modrate"
            }
          },
          "valtype": "modrate"
        },
        {
          "diagnostics": {
            "chisq": 1.388818392456054e-07,
            "covariance": {
              "matrix": [
                [
                  0.06246074566851019,
                  0.006331480843054315,
                  -0.10886221068188195
                ],
                [
                  0.006331480843054315,
                  0.3731715988191933,
                  -0.09470861402433006
                ],
                [
                  -0.10886221068188195,
                  -0.09470861402433006,
                  0.24373904792284357
                ]
              ],
              "params": [
                "log_kappa",
                "log_kdeg",
                "log_fmod_0"
              ]
            },
            "ndata": 7,
            "nfree": 4,
            "r2": 0.8004986493535136,
            "reduced_chisq": 3.472045981140135e-08,
            "status": "completed",
            "success": true,
            "time_max": 200.0,
            "time_min": 0.0
          },
          "nt_id": 329,
          "params": {
            "fmod0": 0.00037530289992562967,
            "kdeg": 0.06790984962274348,
            "kobs": 0.0008238999735917144,
            "log_fmod0": -7.887777124899702,
            "log_fmod0_err": 0.4936993497290062,
            "log_kdeg": -2.6895741942199036,
            "log_kdeg_err": 0.6108777282068756,
            "log_kobs": -7.1014614266955105,
            "log_kobs_err": 0.24992147900592737,
            "metadata": {
              "base": "G",
              "fmod_run_ids": [
                849,
                850,
                851,
                852,
                853,
                854,
                855
              ],
              "site": 28,
              "valtype": "modrate"
            }
          },
          "valtype": "modrate"
        },
        {
          "diagnostics": {
            "chisq": 3.802779961063447e-07,
            "covariance": {
              "matrix": [
                [
                  0.00017133303567199863,
                  2.464351001292121e-05,
                  -0.0026950583810521176
                ],
                [
                  2.464351001292121e-05,
                  0.000971282648650316,
                  -0.0034691899919851573
                ],
                [
                  -0.0026950583810521176,
                  -0.0034691899919851573,
                  0.06154534662223323
                ]
              ],
              "params": [
                "log_kappa",
                "log_kdeg",
                "log_fmod_0"
              ]
            },
            "ndata": 7,
            "nfree": 4,
            "r2": 0.9993363697453401,
            "reduced_chisq": 9.506949902658618e-08,
            "status": "completed",
            "success": true,
            "time_max": 200.0,
            "time_min": 0.0
          },
          "nt_id": 330,
          "params": {
            "fmod0": 0.0012058379578740925,
            "kdeg": 0.03907164087928055,
            "kobs": 0.026364025345238067,
            "log_fmod0": -6.720580552993179,
            "log_fmod0_err": 0.24808334612027716,
            "log_kdeg": -3.2423583723511875,
            "log_kdeg_err": 0.03116540788519085,
            "log_kobs": -3.6357548744342867,
            "log_kobs_err": 0.013089424573754135,
            "metadata": {
              "base": "C",
              "fmod_run_ids": [
                849,
                850,
                851,
                852,
                853,
                854,
                855
              ],
              "site": 29,
              "valtype": "modrate"
            }
          },
          "valtype": "modrate"
        },
        {
          "diagnostics": {
            "chisq": 2.496326305374397e-06,
            "covariance": {
              "matrix": [
                [
                  0.0013194024714238421,
                  0.000179589739983021,
                  -0.018655486308415337
                ],
                [
                  0.000179589739983021,
                  0.007548383851804856,
                  -0.02461353034640026
                ],
                [
                  -0.018655486308415337,
                  -0.02461353034640026,
                  0.3876731873298605
                ]
              ],
              "params": [
                "log_kappa",
                "log_kdeg",
                "log_fmod_0"
              ]
            },
            "ndata": 7,
            "nfree": 4,
            "r2": 0.9948994214526508,
            "reduced_chisq": 6.240815763435993e-07,
            "status": "completed",
            "success": true,
            "time_max": 200.0,
            "time_min": 0.0
          },
          "nt_id": 331,
          "params": {
            "fmod0": 0.00122785577847018,
            "kdeg": 0.037875479151657246,
            "kobs": 0.024263175013634185,
            "log_fmod0": -6.702485900396826,
            "log_fmod0_err": 0.6226340717707798,
            "log_kdeg": -3.2734513643637873,
            "log_kdeg_err": 0.08688143559935492,
            "log_kobs": -3.7187955096010943,
            "log_kobs_err": 0.036323580101964646,
            "metadata": {
              "base": "C",
              "fmod_run_ids": [
                849,
                850,
                851,
                852,
                853,
                854,
                855
              ],
              "site": 30,
              "valtype": "modrate"
            }
          },
          "valtype": "modrate"
        },
        {
          "diagnostics": {
            "chisq": 6.715116530491537e-07,
            "covariance": {
              "matrix": [
                [
                  0.012452117304890506,
                  -0.0013224940570769402,
                  -0.030754537724508663
                ],
                [
                  -0.0013224940570769402,
                  0.10608704339479566,
                  -0.019224909689573372
                ],
                [
                  -0.030754537724508663,
                  -0.019224909689573372,
                  0.09421415792089642
                ]
              ],
              "params": [
                "log_kappa",
                "log_kdeg",
                "log_fmod_0"
              ]
            },
            "ndata": 7,
            "nfree": 4,
            "r2": 0.9527955602773607,
            "reduced_chisq": 1.6787791326228843e-07,
            "status": "completed",
            "success": true,
            "time_max": 200.0,
            "time_min": 0.0
          },
          "nt_id": 332,
          "params": {
            "fmod0": 0.0013337212508791258,
            "kdeg": 0.10217524262199254,
            "kobs": 0.0040732715638527855,
            "log_fmod0": -6.619782310685311,
            "log_fmod0_err": 0.30694324869737144,
            "log_kdeg": -2.281065874961652,
            "log_kdeg_err": 0.3257100603217464,
            "log_kobs": -5.503308778378704,
            "log_kobs_err": 0.11158905548883594,
            "metadata": {
              "base": "U",
              "fmod_run_ids": [
                849,
                850,
                851,
                852,
                853,
                854,
                855
              ],
              "site": 31,
              "valtype": "modrate"
            }
          },
          "valtype": "modrate"
        },
        {
          "diagnostics": {
            "chisq": 3.1370939448038885e-08,
            "covariance": {
              "matrix": [
                [
                  0.03363908078420769,
                  0.00227361627645578,
                  -0.017718868966584173
                ],
                [
                  0.00227361627645578,
                  0.20640838898893168,
                  -0.026965357929300177
                ],
                [
                  -0.017718868966584173,
                  -0.026965357929300177,
                  0.014902184846520975
                ]
              ],
              "params": [
                "log_kappa",
                "log_kdeg",
                "log_fmod_0"
              ]
            },
            "ndata": 7,
            "nfree": 4,
            "r2": 0.8815286622369031,
            "reduced_chisq": 7.842734862009721e-09,
            "status": "completed",
            "success": true,
            "time_max": 200.0,
            "time_min": 0.0
          },
          "nt_id": 333,
          "params": {
            "fmod0": 0.0006904738398932254,
            "kdeg": 0.03216131806764546,
            "kobs": 0.0005230607489364579,
            "log_fmod0": -7.278132471577396,
            "log_fmod0_err": 0.12207450530934366,
            "log_kdeg": -3.4369908508207527,
            "log_kdeg_err": 0.4543219001863455,
            "log_kobs": -7.555812945890571,
            "log_kobs_err": 0.18340959839716048,
            "metadata": {
              "base": "G",
              "fmod_run_ids": [
                849,
                850,
                851,
                852,
                853,
                854,
                855
              ],
              "site": 32,
              "valtype": "modrate"
            }
          },
          "valtype": "modrate"
        },
        {
          "diagnostics": {
            "chisq": 7.433605430783795e-08,
            "covariance": {
              "matrix": [
                [
                  0.18484206916873186,
                  -0.08509570029907738,
                  -0.050292450357168145
                ],
                [
                  -0.08509570029907738,
                  1.3454626598000372,
                  -0.11420705392824042
                ],
                [
                  -0.050292450357168145,
                  -0.11420705392824042,
                  0.03408029639015814
                ]
              ],
              "params": [
                "log_kappa",
                "log_kdeg",
                "log_fmod_0"
              ]
            },
            "ndata": 7,
            "nfree": 4,
            "r2": 0.5821959521690498,
            "reduced_chisq": 1.8584013576959487e-08,
            "status": "completed",
            "success": true,
            "time_max": 200.0,
            "time_min": 0.0
          },
          "nt_id": 334,
          "params": {
            "fmod0": 0.0006677915528617854,
            "kdeg": 0.021284515206264964,
            "kobs": 0.00035147732036512586,
            "log_fmod0": -7.311534479738397,
            "log_fmod0_err": 0.18460849490247772,
            "log_kdeg": -3.84977545627031,
            "log_kdeg_err": 1.1599408001273328,
            "log_kobs": -7.9533653712272905,
            "log_kobs_err": 0.4299326332912307,
            "metadata": {
              "base": "G",
              "fmod_run_ids": [
                849,
                850,
                851,
                852,
                853,
                854,
                855
              ],
              "site": 33,
              "valtype": "modrate"
            }
          },
          "valtype": "modrate"
        },
        {
          "diagnostics": {
            "chisq": 9.217294251813773e-08,
            "covariance": {
              "matrix": [
                [
                  0.122488105889374,
                  0.02155308331296795,
                  -0.07815352840478583
                ],
                [
                  0.02155308331296795,
                  0.6887426138138824,
                  -0.08737170668762861
                ],
                [
                  -0.07815352840478583,
                  -0.08737170668762861,
                  0.06779451150955823
                ]
              ],
              "params": [
                "log_kappa",
                "log_kdeg",
                "log_fmod_0"
              ]
            },
            "ndata": 7,
            "nfree": 4,
            "r2": 0.6724736172862438,
            "reduced_chisq": 2.3043235629534433e-08,
            "status": "completed",
            "success": true,
            "time_max": 200.0,
            "time_min": 0.0
          },
          "nt_id": 335,
          "params": {
            "fmod0": 0.0005732689172048983,
            "kdeg": 0.04885374601070376,
            "kobs": 0.0004759834158938882,
            "log_fmod0": -7.464155636849423,
            "log_fmod0_err": 0.2603737919022539,
            "log_kdeg": -3.018924219488603,
            "log_kdeg_err": 0.8299051836287579,
            "log_kobs": -7.650127544898859,
            "log_kobs_err": 0.3499830080009228,
            "metadata": {
              "base": "G",
              "fmod_run_ids": [
                849,
                850,
                851,
                852,
                853,
                854,
                855
              ],
              "site": 34,
              "valtype": "modrate"
            }
          },
          "valtype": "modrate"
        },
        {
          "diagnostics": {
            "chisq": 1.1663841178903547e-06,
            "covariance": {
              "matrix": [
                [
                  0.0009703915160795767,
                  0.0001533947531455453,
                  -0.020465661717651015
                ],
                [
                  0.0001533947531455453,
                  0.005477387917383217,
                  -0.02551619600232777
                ],
                [
                  -0.020465661717651015,
                  -0.02551619600232777,
                  0.6153700978733614
                ]
              ],
              "params": [
                "log_kappa",
                "log_kdeg",
                "log_fmod_0"
              ]
            },
            "ndata": 7,
            "nfree": 4,
            "r2": 0.9962279248489168,
            "reduced_chisq": 2.915960294725887e-07,
            "status": "completed",
            "success": true,
            "time_max": 200.0,
            "time_min": 0.0
          },
          "nt_id": 336,
          "params": {
            "fmod0": 0.0006702956114398217,
            "kdeg": 0.04116935190057446,
            "kobs": 0.01929211684495692,
            "log_fmod0": -7.30779173178005,
            "log_fmod0_err": 0.7844552873640163,
            "log_kdeg": -3.190061185355456,
            "log_kdeg_err": 0.07400937722601926,
            "log_kobs": -3.9480587201403776,
            "log_kobs_err": 0.03115110778254245,
            "metadata": {
              "base": "A",
              "fmod_run_ids": [
                849,
                850,
                851,
                852,
                853,
                854,
                855
              ],
              "site": 35,
              "valtype": "modrate"
            }
          },
          "valtype": "modrate"
        },
        {
          "diagnostics": {
            "chisq": 1.4005267167507244e-07,
            "covariance": {
              "matrix": [
                [
                  0.061572384955906535,
                  -0.001035566426645809,
                  -0.0930141501913688
                ],
                [
                  -0.001035566426645809,
                  0.44227481528211865,
                  -0.06590547799915658
                ],
                [
                  -0.0930141501913688,
                  -0.06590547799915658,
                  0.1760456954344996
                ]
              ],
              "params": [
                "log_kappa",
                "log_kdeg",
                "log_fmod_0"
              ]
            },
            "ndata": 7,
            "nfree": 4,
            "r2": 0.8025101786398176,
            "reduced_chisq": 3.501316791876811e-08,
            "status": "completed",
            "success": true,
            "time_max": 200.0,
            "time_min": 0.0
          },
          "nt_id": 337,
          "params": {
            "fmod0": 0.0004451388467202268,
            "kdeg": 0.08808910420331217,
            "kobs": 0.0008342261538934278,
            "log_fmod0": -7.7171243093629895,
            "log_fmod0_err": 0.41957799684266045,
            "log_kdeg": -2.429406429019731,
            "log_kdeg_err": 0.6650374540445964,
            "log_kobs": -7.08900602462693,
            "log_kobs_err": 0.24813783459179806,
            "metadata": {
              "base": "G",
              "fmod_run_ids": [
                849,
                850,
                851,
                852,
                853,
                854,
                855
              ],
              "site": 36,
              "valtype": "modrate"
            }
          },
          "valtype": "modrate"
        },
        {
          "diagnostics": {
            "chisq": 2.066376032681215e-06,
            "covariance": {
              "matrix": [
                [
                  0.0008975470752147278,
                  0.00010332708695138793,
                  -0.03211727638562479
                ],
                [
                  0.00010332708695138793,
                  0.00519790709431298,
                  -0.04405619936203479
                ],
                [
                  -0.03211727638562479,
                  -0.04405619936203479,
                  1.7296774400014858
                ]
              ],
              "params": [
                "log_kappa",
                "log_kdeg",
                "log_fmod_0"
              ]
            },
            "ndata": 7,
            "nfree": 4,
            "r2": 0.996530456489943,
            "reduced_chisq": 5.165940081703037e-07,
            "status": "completed",
            "success": true,
            "time_max": 200.0,
            "time_min": 0.0
          },
          "nt_id": 338,
          "params": {
            "fmod0": 0.0005263596284143002,
            "kdeg": 0.035817206401918385,
            "kobs": 0.026789203861118594,
            "log_fmod0": -7.549525874636113,
            "log_fmod0_err": 1.3151720191676395,
            "log_kdeg": -3.329326875287134,
            "log_kdeg_err": 0.07209651235887198,
            "log_kobs": -3.619756313630598,
            "log_kobs_err": 0.029959090026479906,
            "metadata": {
              "base": "C",
              "fmod_run_ids": [
                849,
                850,
                851,
                852,
                853,
                854,
                855
              ],
              "site": 37,
              "valtype": "modrate"
            }
          },
          "valtype": "modrate"
        },
        {
          "diagnostics": {
            "chisq": 4.71180962533923e-07,
            "covariance": {
              "matrix": [
                [
                  0.018192963937141052,
                  -0.0054537844159722616,
