{
  "artifacts": {},
  "engine": "python_baseline",
  "engine_version": "0.1.0",
  "metadata": {
    "buffer_pH": 6.4,
    "done_by": [
      "EKC"
    ],
    "experiment_id": "ekc.01.0xx",
    "fmod_run_id": 946,
    "initial_kdeg": 0.046628528165773286,
    "initial_kdeg_source": "arrhenius:nmr:deg:dms:Schwalbe_bistris",
    "initial_log_kdeg": -3.065542732765291,
    "notes": "Baseline python engine demo using examples/nerd.sqlite",
    "outlier_specs": [
      "90:056-HIV-WT-80c-b-6-m:34_G:modrate",
      "90:045-HIV-WT-80c-b-3-p:34_G:GAmodrate"
    ],
    "outliers_applied": 2,
    "rg_id": 90,
    "rg_label": "80_2_15",
    "rounds_requested": [
      "round1_free",
      "round2_global",
      "round3_constrained"
    ],
    "rt_protocol": [
      "MRT"
    ],
    "selected_site_bases": [
      "17_G",
      "18_G",
      "19_C",
      "1_U",
      "20_A",
      "21_G",
      "22_A",
      "23_U",
      "24_C",
      "25_U",
      "26_G",
      "27_A",
      "28_G",
      "29_C",
      "2_A",
      "30_C",
      "31_U",
      "32_G",
      "33_G",
      "34_G",
      "35_A",
      "36_G",
      "37_C",
      "38_U",
      "39_C",
      "3_A",
      "40_U",
      "41_C",
      "42_U",
      "43_G",
      "44_C",
      "45_C",
      "61_A",
      "62_A",
      "63_U",
      "64_C",
      "65_C"
    ],
    "temperature_c": 80.0,
    "valtypes": [
      "modrate",
      "GAmodrate"
    ]
  },
  "rounds": [
    {
      "global_params": {},
      "notes": null,
      "per_nt": [
        {
          "diagnostics": {
            "reason": "Non-zero fmod values are required for a fit.",
            "status": "failed"
          },
          "nt_id": 315,
          "params": {},
          "valtype": "modrate"
        },
        {
          "diagnostics": {
            "reason": "Non-zero fmod values are required for a fit.",
            "status": "failed"
          },
          "nt_id": 316,
          "params": {},
          "valtype": "modrate"
        },
        {
          "diagnostics": {
            "reason": "Non-zero fmod values are required for a fit.",
            "status": "failed"
          },
          "nt_id": 317,
          "params": {},
          "valtype": "modrate"
        },
        {
          "diagnostics": {
            "reason": "Non-zero fmod values are required for a fit.",
            "status": "failed"
          },
          "nt_id": 318,
          "params": {},
          "valtype": "modrate"
        },
        {
          "diagnostics": {
            "chisq": 5.52276886881708e-08,
            "covariance": {
              "matrix": [
                [
                  0.04927424727479935,
                  -0.07984068368241184,
                  -0.009919850028720674
                ],
                [
                  -0.07984068368241184,
                  0.423494240638742,
                  -0.060699462969017084
                ],
                [
                  -0.009919850028720674,
                  -0.060699462969017084,
                  0.027397335761407633
                ]
              ],
              "params": [
                "log_kappa",
                "log_kdeg",
                "log_fmod_0"
              ]
            },
            "ndata": 7,
            "nfree": 4,
            "r2": 0.8796602602264902,
            "reduced_chisq": 1.38069221720427e-08,
            "status": "completed",
            "success": true,
            "time_max": 135.0,
            "time_min": 0.0
          },
          "nt_id": 319,
          "params": {
            "fmod0": 0.0006065488899807504,
            "kdeg": 0.02055872089122223,
            "kobs": 0.0007123251846564186,
            "log_fmod0": -7.4077252228030135,
            "log_fmod0_err": 0.1655214057498535,
            "log_kdeg": -3.884470053792464,
            "log_kdeg_err": 0.6507643510816662,
            "log_kobs": -7.246976030794083,
            "log_kobs_err": 0.22197803331591023,
            "metadata": {
              "base": "G",
              "fmod_run_ids": [
                940,
                941,
                942,
                943,
                944,
                945,
                946
              ],
              "site": 18,
              "valtype": "modrate"
            }
          },
          "valtype": "modrate"
        },
        {
          "diagnostics": {
            "chisq": 3.658555636304527e-05,
            "covariance": {
              "matrix": [
                [
                  0.008343261984016945,
                  0.0012389932778320506,
                  -0.15778055895034468
                ],
                [
                  0.0012389932778320506,
                  0.05325673456259568,
                  -0.24972835717049216
                ],
                [
                  -0.15778055895034468,
                  -0.24972835717049216,
                  4.690995593172746
                ]
              ],
              "params": [
                "log_kappa",
                "log_kdeg",
                "log_fmod_0"
              ]
            },
            "ndata": 7,
            "nfree": 4,
            "r2": 0.9690144547721395,
            "reduced_chisq": 9.146389090761318e-06,
            "status": "completed",
            "success": true,
            "time_max": 135.0,
            "time_min": 0.0
          },
          "nt_id": 320,
          "params": {
            "fmod0": 0.0013267603552776484,
            "kdeg": 0.04496375073838408,
            "kobs": 0.03673166904210822,
            "log_fmod0": -6.6250151312913275,
            "log_fmod0_err": 2.1658706316797285,
            "log_kdeg": -3.101898652979838,
            "log_kdeg_err": 0.23077420688325564,
            "log_kobs": -3.304115979341467,
            "log_kobs_err": 0.09134145818858458,
            "metadata": {
              "base": "C",
              "fmod_run_ids": [
                940,
                941,
                942,
                943,
                944,
                945,
                946
              ],
              "site": 19,
              "valtype": "modrate"
            }
          },
          "valtype": "modrate"
        },
        {
          "diagnostics": {
            "chisq": 3.141536435783899e-06,
            "covariance": {
              "matrix": [
                [
                  0.0032222822096252437,
                  0.0008500806789813411,
                  -0.11415821243254015
                ],
                [
                  0.0008500806789813411,
                  0.01876720737031275,
                  -0.1512561581154555
                ],
                [
                  -0.11415821243254015,
                  -0.1512561581154555,
                  5.699520329843615
                ]
              ],
              "params": [
                "log_kappa",
                "log_kdeg",
                "log_fmod_0"
              ]
            },
            "ndata": 7,
            "nfree": 4,
            "r2": 0.9876508696179233,
            "reduced_chisq": 7.853841089459747e-07,
            "status": "completed",
            "success": true,
            "time_max": 135.0,
            "time_min": 0.0
          },
          "nt_id": 321,
          "params": {
            "fmod0": 0.0003604537707603825,
            "kdeg": 0.057361133175604505,
            "kobs": 0.017188789604855894,
            "log_fmod0": -7.9281468459105815,
            "log_fmod0_err": 2.3873668192893223,
            "log_kdeg": -2.858388327383739,
            "log_kdeg_err": 0.13699345739966107,
            "log_kobs": -4.063497874814821,
            "log_kobs_err": 0.056765149604535034,
            "metadata": {
              "base": "A",
              "fmod_run_ids": [
                940,
                941,
                942,
                943,
                944,
                945,
                946
              ],
              "site": 20,
              "valtype": "modrate"
            }
          },
          "valtype": "modrate"
        },
        {
          "diagnostics": {
            "chisq": 1.5724660864118655e-08,
            "covariance": {
              "matrix": [
                [
                  0.015391091485820692,
                  -0.003404985039457675,
                  -0.011129488557236767
                ],
                [
                  -0.003404985039457675,
                  0.11936004401471245,
                  -0.023882648551037982
                ],
                [
                  -0.011129488557236767,
                  -0.023882648551037982,
                  0.016762336420660138
                ]
              ],
              "params": [
                "log_kappa",
                "log_kdeg",
                "log_fmod_0"
              ]
            },
            "ndata": 7,
            "nfree": 4,
            "r2": 0.942378136330888,
            "reduced_chisq": 3.931165216029664e-09,
            "status": "completed",
            "success": true,
            "time_max": 135.0,
            "time_min": 0.0
          },
          "nt_id": 322,
          "params": {
            "fmod0": 0.00044289072353176384,
            "kdeg": 0.0338959306126076,
            "kobs": 0.0005401259515874582,
            "log_fmod0": -7.722187492091307,
            "log_fmod0_err": 0.12946944203425045,
            "log_kdeg": -3.3844603127272506,
            "log_kdeg_err": 0.3454852298068797,
            "log_kobs": -7.523708201922554,
            "log_kobs_err": 0.12406083784103947,
            "metadata": {
              "base": "G",
              "fmod_run_ids": [
                940,
                941,
                942,
                943,
                944,
                945,
                946
              ],
              "site": 21,
              "valtype": "modrate"
            }
          },
          "valtype": "modrate"
        },
        {
          "diagnostics": {
            "chisq": 1.3739082208721833e-06,
            "covariance": {
              "matrix": [
                [
                  0.0025793582233014788,
                  0.0007042987341783922,
                  -0.058598443063907435
                ],
                [
                  0.0007042987341783922,
                  0.014649713259629306,
                  -0.07282325715651376
                ],
                [
                  -0.058598443063907435,
                  -0.07282325715651376,
                  1.8284471472407293
                ]
              ],
              "params": [
                "log_kappa",
                "log_kdeg",
                "log_fmod_0"
              ]
            },
            "ndata": 7,
            "nfree": 4,
            "r2": 0.9900546251549656,
            "reduced_chisq": 3.4347705521804583e-07,
            "status": "completed",
            "success": true,
            "time_max": 135.0,
            "time_min": 0.0
          },
          "nt_id": 323,
          "params": {
            "fmod0": 0.0004232618456764457,
            "kdeg": 0.06261103588547647,
            "kobs": 0.012704427675584268,
            "log_fmod0": -7.767519549920471,
            "log_fmod0_err": 1.3522008531430267,
            "log_kdeg": -2.7708137243134474,
            "log_kdeg_err": 0.12103599984975258,
            "log_kobs": -4.365804710404179,
            "log_kobs_err": 0.050787382520676126,
            "metadata": {
              "base": "A",
              "fmod_run_ids": [
                940,
                941,
                942,
                943,
                944,
                945,
                946
              ],
              "site": 22,
              "valtype": "modrate"
            }
          },
          "valtype": "modrate"
        },
        {
          "diagnostics": {
            "chisq": 1.2407968274458833e-06,
            "covariance": {
              "matrix": [
                [
                  0.05803683973988686,
                  -0.017515960923584928,
                  -0.058477944588715754
                ],
                [
                  -0.017515960923584928,
                  0.7697689154362979,
                  -0.029080668979935456
                ],
                [
                  -0.058477944588715754,
                  -0.029080668979935456,
                  0.07207871126267927
                ]
              ],
              "params": [
                "log_kappa",
                "log_kdeg",
                "log_fmod_0"
              ]
            },
            "ndata": 7,
            "nfree": 4,
            "r2": 0.8130198060503673,
            "reduced_chisq": 3.101992068614708e-07,
            "status": "completed",
            "success": true,
            "time_max": 135.0,
            "time_min": 0.0
          },
          "nt_id": 324,
          "params": {
            "fmod0": 0.0020741566310747725,
            "kdeg": 0.19878461441984807,
            "kobs": 0.002555482032705597,
            "log_fmod0": -6.178200650775292,
            "log_fmod0_err": 0.268474787014869,
            "log_kdeg": -1.6155333800088838,
            "log_kdeg_err": 0.8773647562082135,
            "log_kobs": -5.969514410613919,
            "log_kobs_err": 0.2409083637815152,
            "metadata": {
              "base": "U",
              "fmod_run_ids": [
                940,
                941,
                942,
                943,
                944,
                945,
                946
              ],
              "site": 23,
              "valtype": "modrate"
            }
          },
          "valtype": "modrate"
        },
        {
          "diagnostics": {
            "chisq": 5.567083893234158e-06,
            "covariance": {
              "matrix": [
                [
                  0.004346383920975055,
                  0.00103914926781591,
                  -0.023960747619047866
                ],
                [
                  0.00103914926781591,
                  0.02622677175594222,
                  -0.034055798546417694
                ],
                [
                  -0.023960747619047866,
                  -0.034055798546417694,
                  0.19260686870274138
                ]
              ],
              "params": [
                "log_kappa",
                "log_kdeg",
                "log_fmod_0"
              ]
            },
            "ndata": 7,
            "nfree": 4,
            "r2": 0.9834187217986726,
            "reduced_chisq": 1.3917709733085396e-06,
            "status": "completed",
            "success": true,
            "time_max": 135.0,
            "time_min": 0.0
          },
          "nt_id": 325,
          "params": {
            "fmod0": 0.0025904653527092235,
            "kdeg": 0.052302568900893014,
            "kobs": 0.019650603403087732,
            "log_fmod0": -5.955917746549222,
            "log_fmod0_err": 0.4388699906609489,
            "log_kdeg": -2.950709790553617,
            "log_kdeg_err": 0.16194681767772476,
            "log_kobs": -3.9296472336020623,
            "log_kobs_err": 0.06592711066757784,
            "metadata": {
              "base": "C",
              "fmod_run_ids": [
                940,
                941,
                942,
                943,
                944,
                945,
                946
              ],
              "site": 24,
              "valtype": "modrate"
            }
          },
          "valtype": "modrate"
        },
        {
          "diagnostics": {
            "chisq": 5.607321867289865e-07,
            "covariance": {
              "matrix": [
                [
                  0.06417041266033675,
                  0.010089941043892622,
                  -0.04627067608528328
                ],
                [
                  0.010089941043892622,
                  0.37151594920139785,
                  -0.04060101582386085
                ],
                [
                  -0.04627067608528328,
                  -0.04060101582386085,
                  0.042511504845461935
                ]
              ],
              "params": [
                "log_kappa",
                "log_kdeg",
                "log_fmod_0"
              ]
            },
            "ndata": 7,
            "nfree": 4,
            "r2": 0.7967057065345089,
            "reduced_chisq": 1.4018304668224662e-07,
            "status": "completed",
            "success": true,
            "time_max": 135.0,
            "time_min": 0.0
          },
          "nt_id": 326,
          "params": {
            "fmod0": 0.0018051498979729608,
            "kdeg": 0.09935512612083253,
            "kobs": 0.001632367499449428,
            "log_fmod0": -6.317111644677019,
            "log_fmod0_err": 0.20618318274161435,
            "log_kdeg": -2.309054714729234,
            "log_kdeg_err": 0.609521081835073,
            "log_kobs": -6.417723864304048,
            "log_kobs_err": 0.2533187965002533,
            "metadata": {
              "base": "U",
              "fmod_run_ids": [
                940,
                941,
                942,
                943,
                944,
                945,
                946
              ],
              "site": 25,
              "valtype": "modrate"
            }
          },
          "valtype": "modrate"
        },
        {
          "diagnostics": {
            "chisq": 2.6755051183490636e-08,
            "covariance": {
              "matrix": [
                [
                  0.03975989932764551,
                  -0.05814621641789523,
                  -0.008748987799665046
                ],
                [
                  -0.05814621641789523,
                  0.3481367678609515,
                  -0.04359963392887379
                ],
                [
                  -0.008748987799665046,
                  -0.04359963392887379,
                  0.01736212878913008
                ]
              ],
              "params": [
                "log_kappa",
                "log_kdeg",
                "log_fmod_0"
              ]
            },
            "ndata": 7,
            "nfree": 4,
            "r2": 0.8927459200837744,
            "reduced_chisq": 6.688762795872659e-09,
            "status": "completed",
            "success": true,
            "time_max": 135.0,
            "time_min": 0.0
          },
          "nt_id": 327,
          "params": {
            "fmod0": 0.0005341279996213216,
            "kdeg": 0.02175668927707323,
            "kobs": 0.0005237165319100217,
            "log_fmod0": -7.534875048062058,
            "log_fmod0_err": 0.13176543093364845,
            "log_kdeg": -3.8278340157632793,
            "log_kdeg_err": 0.5900311583814464,
            "log_kobs": -7.554559989657462,
            "log_kobs_err": 0.19939884485032883,
            "metadata": {
              "base": "G",
              "fmod_run_ids": [
                940,
                941,
                942,
                943,
                944,
                945,
                946
              ],
              "site": 26,
              "valtype": "modrate"
            }
          },
          "valtype": "modrate"
        },
        {
          "diagnostics": {
            "chisq": 1.2093334260012089e-06,
            "covariance": {
              "matrix": [
                [
                  0.0010429824479553922,
                  0.0002786761072848398,
                  -0.05110779699489069
                ],
                [
                  0.0002786761072848398,
                  0.0059909718146579135,
                  -0.06583511019613082
                ],
                [
                  -0.05110779699489069,
                  -0.06583511019613082,
                  3.4909138745079304
                ]
              ],
              "params": [
                "log_kappa",
                "log_kdeg",
                "log_fmod_0"
              ]
            },
            "ndata": 7,
            "nfree": 4,
            "r2": 0.9959780174041294,
            "reduced_chisq": 3.023333565003022e-07,
            "status": "completed",
            "success": true,
            "time_max": 135.0,
            "time_min": 0.0
          },
          "nt_id": 328,
          "params": {
            "fmod0": 0.00028642518571711604,
            "kdeg": 0.059363176527810126,
            "kobs": 0.018811977308317504,
            "log_fmod0": -8.158033187787776,
            "log_fmod0_err": 1.868398746121376,
            "log_kdeg": -2.8240811686199714,
            "log_kdeg_err": 0.07740136829964903,
            "log_kobs": -3.973261521134514,
            "log_kobs_err": 0.032295238781519985,
            "metadata": {
              "base": "A",
              "fmod_run_ids": [
                940,
                941,
                942,
                943,
                944,
                945,
                946
              ],
              "site": 27,
              "valtype": "modrate"
            }
          },
          "valtype": "modrate"
        },
        {
          "diagnostics": {
            "chisq": 2.801937736806273e-08,
            "covariance": {
              "matrix": [
                [
                  0.037546739982978763,
                  0.0028387450420209303,
                  -0.01886127314946799
                ],
                [
                  0.0028387450420209303,
                  0.2610033050274011,
                  -0.03329351423177154
                ],
                [
                  -0.01886127314946799,
                  -0.03329351423177154,
                  0.015958740449560395
                ]
              ],
              "params": [
                "log_kappa",
                "log_kdeg",
                "log_fmod_0"
              ]
            },
            "ndata": 7,
            "nfree": 4,
            "r2": 0.8695649931260148,
            "reduced_chisq": 7.004844342015683e-09,
            "status": "completed",
            "success": true,
            "time_max": 135.0,
            "time_min": 0.0
          },
          "nt_id": 329,
          "params": {
            "fmod0": 0.0006215730801230736,
            "kdeg": 0.041127968393508685,
            "kobs": 0.0004596308692089076,
            "log_fmod0": -7.3832570672439415,
            "log_fmod0_err": 0.12632790843499467,
            "log_kdeg": -3.19106689272007,
            "log_kdeg_err": 0.5108848255990788,
            "log_kobs": -7.685086848864602,
            "log_kobs_err": 0.19376981184637293,
            "metadata": {
              "base": "G",
              "fmod_run_ids": [
                940,
                941,
                942,
                943,
                944,
                945,
                946
              ],
              "site": 28,
              "valtype": "modrate"
            }
          },
          "valtype": "modrate"
        },
        {
          "diagnostics": {
            "chisq": 1.5631440815610999e-06,
            "covariance": {
              "matrix": [
                [
                  0.0006035291338961553,
                  0.00014407252232018634,
                  -0.006728451923647145
                ],
                [
                  0.00014407252232018634,
                  0.0035935087516919422,
                  -0.009407060658531087
                ],
                [
                  -0.006728451923647145,
                  -0.009407060658531087,
                  0.10880149323806018
                ]
              ],
              "params": [
                "log_kappa",
                "log_kdeg",
                "log_fmod_0"
              ]
            },
            "ndata": 7,
            "nfree": 4,
            "r2": 0.9976855481803232,
            "reduced_chisq": 3.9078602039027497e-07,
            "status": "completed",
            "success": true,
            "time_max": 135.0,
            "time_min": 0.0
          },
          "nt_id": 330,
          "params": {
            "fmod0": 0.0018287968630329844,
            "kdeg": 0.05288949324687767,
            "kobs": 0.028213970355212788,
            "log_fmod0": -6.304096980239621,
            "log_fmod0_err": 0.3298507135630605,
            "log_kdeg": -2.9395505752154607,
            "log_kdeg_err": 0.05994588185765509,
            "log_kobs": -3.5679380210423375,
            "log_kobs_err": 0.02456682995211542,
            "metadata": {
              "base": "C",
              "fmod_run_ids": [
                940,
                941,
                942,
                943,
                944,
                945,
                946
              ],
              "site": 29,
              "valtype": "modrate"
            }
          },
          "valtype": "modrate"
        },
        {
          "diagnostics": {
            "chisq": 8.124170163359659e-06,
            "covariance": {
              "matrix": [
                [
                  0.004245217276440422,
                  0.0009946424791437408,
                  -0.03897896532302069
                ],
                [
                  0.0009946424791437408,
                  0.025585025124003315,
                  -0.05549693940636728
                ],
                [
                  -0.03897896532302069,
                  -0.05549693940636728,
                  0.5232518848241041
                ]
              ],
              "params": [
                "log_kappa",
                "log_kdeg",
                "log_fmod_0"
              ]
            },
            "ndata": 7,
            "nfree": 4,
            "r2": 0.9838695915687954,
            "reduced_chisq": 2.0310425408399148e-06,
            "status": "completed",
            "success": true,
            "time_max": 135.0,
            "time_min": 0.0
          },
          "nt_id": 331,
          "params": {
            "fmod0": 0.0018978607408237436,
            "kdeg": 0.05192506044411807,
            "kobs": 0.02412317751421662,
            "log_fmod0": -6.267027953022713,
            "log_fmod0_err": 0.7233615173784849,
            "log_kdeg": -2.9579537451548115,
            "log_kdeg_err": 0.15995319666703545,
            "log_kobs": -3.7245821780627986,
            "log_kobs_err": 0.06515533191106021,
            "metadata": {
              "base": "C",
              "fmod_run_ids": [
                940,
                941,
                942,
                943,
                944,
                945,
                946
              ],
              "site": 30,
              "valtype": "modrate"
            }
          },
          "valtype": "modrate"
        },
        {
          "diagnostics": {
            "chisq": 2.988665943458111e-06,
            "covariance": {
              "matrix": [
                [
                  0.17986098907308437,
                  -0.013936809344109917,
                  -0.19856964857093135
                ],
                [
                  -0.013936809344109917,
                  1.4821371525804383,
                  -0.1257833860567978
                ],
                [
                  -0.19856964857093135,
                  -0.1257833860567978,
                  0.27154411852663474
                ]
              ],
              "params": [
                "log_kappa",
                "log_kdeg",
                "log_fmod_0"
              ]
            },
            "ndata": 7,
            "nfree": 4,
            "r2": 0.5822959291791412,
            "reduced_chisq": 7.471664858645278e-07,
            "status": "completed",
            "success": true,
            "time_max": 135.0,
            "time_min": 0.0
          },
          "nt_id": 332,
          "params": {
            "fmod0": 0.0016571751765742122,
            "kdeg": 0.1503689333607297,
            "kobs": 0.0022560797457979965,
            "log_fmod0": -6.402640827010186,
            "log_fmod0_err": 0.5210989527207234,
            "log_kdeg": -1.8946634489044047,
            "log_kdeg_err": 1.2174305534938896,
            "log_kobs": -6.094126597656347,
            "log_kobs_err": 0.42410021112124474,
            "metadata": {
              "base": "U",
              "fmod_run_ids": [
                940,
                941,
                942,
                943,
                944,
                945,
                946
              ],
              "site": 31,
              "valtype": "modrate"
            }
          },
          "valtype": "modrate"
        },
        {
          "diagnostics": {
            "chisq": 3.541363680748059e-08,
            "covariance": {
              "matrix": [
                [
                  2.0258004189451966,
                  -3.592664991219229,
                  0.053759128682183834
                ],
                [
                  -3.592664991219229,
                  6.89721877915267,
                  -0.15035975467422374
                ],
                [
                  0.053759128682183834,
                  -0.15035975467422374,
                  0.009314655647336358
                ]
              ],
              "params": [
                "log_kappa",
                "log_kdeg",
                "log_fmod_0"
              ]
            },
            "ndata": 7,
            "nfree": 4,
            "r2": 0.6181900464951635,
            "reduced_chisq": 8.853409201870148e-09,
            "status": "completed",
            "success": true,
            "time_max": 135.0,
            "time_min": 0.0
          },
          "nt_id": 333,
          "params": {
            "fmod0": 0.00077045663271026,
            "kdeg": 0.008980569829428627,
            "kobs": 0.00036052269696982403,
            "log_fmod0": -7.168527189395202,
            "log_fmod0_err": 0.09651246368908192,
            "log_kdeg": -4.712691943288294,
            "log_kdeg_err": 2.6262556576145952,
            "log_kobs": -7.927955643526769,
            "log_kobs_err": 1.4233061578399766,
            "metadata": {
              "base": "G",
              "fmod_run_ids": [
                940,
                941,
                942,
                943,
                944,
                945,
                946
              ],
              "site": 32,
              "valtype": "modrate"
            }
          },
          "valtype": "modrate"
        },
        {
          "diagnostics": {
            "chisq": 3.8352191214713194e-08,
            "covariance": {
              "matrix": [
                [
                  6.596433818423414e+16,
                  -6.595949252526315e+16,
                  -9346363.290697213
                ],
                [
                  -6.595949252526315e+16,
                  6.5954647222248296e+16,
                  9345676.676473796
                ],
                [
                  -9346363.290697213,
                  9345676.676473796,
                  0.007291310178759217
                ]
              ],
              "params": [
                "log_kappa",
                "log_kdeg",
                "log_fmod_0"
              ]
            },
            "ndata": 7,
            "nfree": 4,
            "r2": 0.32846731076343894,
            "reduced_chisq": 9.588047803678298e-09,
            "status": "completed",
            "success": true,
            "time_max": 135.0,
            "time_min": 0.0
          },
          "nt_id": 334,
          "params": {
            "fmod0": 0.0007354252550899489,
            "kdeg": 1.8641067762188206e-10,
            "kobs": 5805.18570961381,
            "log_fmod0": -7.215061647709689,
            "log_fmod0_err": 0.08538916897803384,
            "log_kdeg": -22.403068931938492,
            "log_kdeg_err": 256816368.68051907,
            "log_kobs": 8.666506884940489,
            "log_kobs_err": 256835235.48032528,
            "metadata": {
              "base": "G",
              "fmod_run_ids": [
                940,
                941,
                942,
                943,
                944,
                945,
                946
              ],
              "site": 33,
              "valtype": "modrate"
            }
          },
          "valtype": "modrate"
        },
        {
          "diagnostics": {
            "chisq": 7.905712128784493e-09,
            "covariance": {
              "matrix": [
                [
                  0.05690159607436948,
                  0.07922311281430043,
                  -0.1240644205566905
                ],
                [
                  0.07922311281430043,
                  0.17403920267792125,
                  -0.19655960670461917
                ],
                [
                  -0.1240644205566905,
                  -0.19655960670461917,
                  0.2843018717407382
                ]
              ],
              "params": [
                "log_kappa",
                "log_kdeg",
                "log_fmod_0"
              ]
            },
            "ndata": 6,
            "nfree": 3,
            "r2": 0.9412057344063505,
            "reduced_chisq": 2.6352373762614977e-09,
            "status": "completed",
            "success": true,
            "time_max": 135.0,
            "time_min": 10.0
          },
          "nt_id": 335,
          "params": {
            "fmod0": 0.00029958812205208203,
            "kdeg": 0.04665200735784236,
            "kobs": 0.0006205098358859025,
            "log_fmod0": -8.113101953128222,
            "log_fmod0_err": 0.5331996546704979,
            "log_kdeg": -3.065039322435727,
            "log_kdeg_err": 0.41718006025926174,
            "log_kobs": -7.384969101896653,
            "log_kobs_err": 0.23854055435998608,
            "metadata": {
              "base": "G",
              "fmod_run_ids": [
                940,
                941,
                942,
                943,
                944,
                945
              ],
              "site": 34,
              "valtype": "modrate"
            }
          },
          "valtype": "modrate"
        },
        {
          "diagnostics": {
            "chisq": 4.283637169084824e-06,
            "covariance": {
              "matrix": [
                [
                  0.004680096561227928,
                  0.001266103723149584,
                  -0.08417329904372285
                ],
                [
                  0.001266103723149584,
                  0.02634546543510154,
                  -0.1027531399956202
                ],
                [
                  -0.08417329904372285,
                  -0.1027531399956202,
                  2.0690255482567985
                ]
              ],
              "params": [
                "log_kappa",
                "log_kdeg",
                "log_fmod_0"
              ]
            },
            "ndata": 7,
            "nfree": 4,
            "r2": 0.9821738927278189,
            "reduced_chisq": 1.070909292271206e-06,
            "status": "completed",
            "success": true,
            "time_max": 135.0,
            "time_min": 0.0
          },
          "nt_id": 336,
          "params": {
            "fmod0": 0.0007034105412061069,
            "kdeg": 0.06376704946551465,
            "kobs": 0.01673886797948759,
            "log_fmod0": -7.259569851960329,
            "log_fmod0_err": 1.4384107717396997,
            "log_kdeg": -2.7525186881036894,
            "log_kdeg_err": 0.1623128628146936,
            "log_kobs": -4.090021839893916,
            "log_kobs_err": 0.0684112312506355,
            "metadata": {
              "base": "A",
              "fmod_run_ids": [
                940,
                941,
                942,
                943,
                944,
                945,
                946
              ],
              "site": 35,
              "valtype": "modrate"
            }
          },
          "valtype": "modrate"
        },
        {
          "diagnostics": {
            "chisq": 2.619434806494366e-08,
            "covariance": {
              "matrix": [
                [
                  0.02847223633674798,
                  0.004820647058340049,
                  -0.015511105319470758
                ],
                [
                  0.004820647058340049,
                  0.18753707096746206,
                  -0.02512253326070509
                ],
                [
                  -0.015511105319470758,
                  -0.02512253326070509,
                  0.013263097439088975
                ]
              ],
              "params": [
                "log_kappa",
                "log_kdeg",
                "log_fmod_0"
              ]
            },
            "ndata": 7,
            "nfree": 4,
            "r2": 0.8981988091828467,
            "reduced_chisq": 6.548587016235915e-09,
            "status": "completed",
            "success": true,
            "time_max": 135.0,
            "time_min": 0.0
          },
          "nt_id": 337,
          "params": {
            "fmod0": 0.0006670159391485918,
            "kdeg": 0.04542780260698045,
            "kobs": 0.0005122198468828109,
            "log_fmod0": -7.312696615559673,
            "log_fmod0_err": 0.11516552191992609,
            "log_kdeg": -3.091630969146195,
            "log_kdeg_err": 0.4330555056427086,
            "log_kobs": -7.576756636642613,
            "log_kobs_err": 0.16873718125163756,
            "metadata": {
              "base": "G",
              "fmod_run_ids": [
                940,
                941,
                942,
                943,
                944,
                945,
                946
              ],
              "site": 36,
              "valtype": "modrate"
            }
          },
          "valtype": "modrate"
        },
        {
          "diagnostics": {
            "chisq": 1.9201983924406446e-05,
            "covariance": {
              "matrix": [
                [
                  0.005245420212636764,
                  0.0008639791686758915,
                  -0.1450793978478463
                ],
                [
                  0.0008639791686758915,
                  0.03323812001483035,
                  -0.22637152099882207
                ],
                [
                  -0.1450793978478463,
                  -0.22637152099882207,
                  6.2337577534657225
                ]
              ],
              "params": [
                "log_kappa",
                "log_kdeg",
                "log_fmod_0"
              ]
            },
            "ndata": 7,
            "nfree": 4,
            "r2": 0.9802407397652889,
            "reduced_chisq": 4.8004959811016115e-06,
            "status": "completed",
            "success": true,
            "time_max": 135.0,
            "time_min": 0.0
          },
          "nt_id": 338,
          "params": {
            "fmod0": 0.0008355421646671225,
            "kdeg": 0.04589397178444114,
            "kobs": 0.03347658834276648,
            "log_fmod0": -7.087429744814273,
            "log_fmod0_err": 2.4967494374617814,
            "log_kdeg": -3.081421504212966,
            "log_kdeg_err": 0.18231324695378104,
            "log_kobs": -3.3969089399042187,
            "log_kobs_err": 0.072425273300394,
            "metadata": {
              "base": "C",
              "fmod_run_ids": [
                940,
                941,
                942,
                943,
                944,
                945,
                946
              ],
              "site": 37,
              "valtype": "modrate"
            }
          },
          "valtype": "modrate"
        },
        {
          "diagnostics": {
            "chisq": 4.049466390828622e-07,
            "covariance": {
              "matrix": [
                [
                  0.029631348643221915,
