{
  "artifacts": {},
  "engine": "python_baseline",
  "engine_version": "0.1.0",
  "metadata": {
    "buffer_pH": 6.4,
    "done_by": [
      "EKC"
    ],
    "experiment_id": "ekc.01.0xx",
    "fmod_run_id": 733,
    "initial_kdeg": 0.030500380987197977,
    "initial_kdeg_source": "arrhenius:nmr:deg:dms:Schwalbe_bistris",
    "initial_log_kdeg": -3.4900161040632476,
    "notes": "Baseline python engine demo using examples/nerd.sqlite",
    "outlier_specs": [
      "103:069-HIV-UUCG-ES-75c-a-6-m:34_G:GAmodrate"
    ],
    "outliers_applied": 1,
    "rg_id": 103,
    "rg_label": "75_1_13",
    "rounds_requested": [
      "round1_free",
      "round2_global",
      "round3_constrained"
    ],
    "rt_protocol": [
      "MRT"
    ],
    "selected_site_bases": [
      "17_G",
      "18_G",
      "19_C",
      "1_U",
      "20_A",
      "21_G",
      "22_A",
      "23_U",
      "24_C",
      "25_U",
      "26_G",
      "27_A",
      "28_G",
      "29_C",
      "2_A",
      "30_C",
      "33_G",
      "34_G",
      "35_A",
      "36_G",
      "37_C",
      "38_U",
      "39_C",
      "3_A",
      "40_U",
      "41_C",
      "42_U",
      "43_G",
      "44_C",
      "45_C",
      "51_U",
      "52_U",
      "53_C",
      "54_G",
      "61_A",
      "62_A"
    ],
    "temperature_c": 75.0,
    "valtypes": [
      "modrate",
      "GAmodrate"
    ]
  },
  "rounds": [
    {
      "global_params": {},
      "notes": null,
      "per_nt": [
        {
          "diagnostics": {
            "reason": "Non-zero fmod values are required for a fit.",
            "status": "failed"
          },
          "nt_id": 167,
          "params": {},
          "valtype": "modrate"
        },
        {
          "diagnostics": {
            "reason": "Non-zero fmod values are required for a fit.",
            "status": "failed"
          },
          "nt_id": 168,
          "params": {},
          "valtype": "modrate"
        },
        {
          "diagnostics": {
            "reason": "Non-zero fmod values are required for a fit.",
            "status": "failed"
          },
          "nt_id": 169,
          "params": {},
          "valtype": "modrate"
        },
        {
          "diagnostics": {
            "reason": "Non-zero fmod values are required for a fit.",
            "status": "failed"
          },
          "nt_id": 170,
          "params": {},
          "valtype": "modrate"
        },
        {
          "diagnostics": {
            "chisq": 2.875217250332646e-08,
            "covariance": {
              "matrix": [
                [
                  0.02627626753902559,
                  -0.001550027308244338,
                  -0.024508159459960415
                ],
                [
                  -0.001550027308244338,
                  0.1703960211751598,
                  -0.04208987081562997
                ],
                [
                  -0.024508159459960415,
                  -0.04208987081562997,
                  0.04061395824756232
                ]
              ],
              "params": [
                "log_kappa",
                "log_kdeg",
                "log_fmod_0"
              ]
            },
            "ndata": 7,
            "nfree": 4,
            "r2": 0.9049825476050872,
            "reduced_chisq": 7.188043125831615e-09,
            "status": "completed",
            "success": true,
            "time_max": 200.0,
            "time_min": 0.0
          },
          "nt_id": 171,
          "params": {
            "fmod0": 0.00039366067569918974,
            "kdeg": 0.027719370359881142,
            "kobs": 0.0005664164505461092,
            "log_fmod0": -7.8400212489271395,
            "log_fmod0_err": 0.2015290506293381,
            "log_kdeg": -3.58562381920841,
            "log_kdeg_err": 0.4127905294155376,
            "log_kobs": -7.476180971963262,
            "log_kobs_err": 0.16209956057628777,
            "metadata": {
              "base": "G",
              "fmod_run_ids": [
                727,
                728,
                729,
                730,
                731,
                732,
                733
              ],
              "site": 18,
              "valtype": "modrate"
            }
          },
          "valtype": "modrate"
        },
        {
          "diagnostics": {
            "chisq": 7.283532248475293e-07,
            "covariance": {
              "matrix": [
                [
                  0.00047512879676679025,
                  -4.137932440428939e-05,
                  -0.007146371029594011
                ],
                [
                  -4.137932440428939e-05,
                  0.0030483612019624115,
                  -0.012299903321149526
                ],
                [
                  -0.007146371029594011,
                  -0.012299903321149526,
                  0.1940781317101563
                ]
              ],
              "params": [
                "log_kappa",
                "log_kdeg",
                "log_fmod_0"
              ]
            },
            "ndata": 7,
            "nfree": 4,
            "r2": 0.9981479940035684,
            "reduced_chisq": 1.8208830621188233e-07,
            "status": "completed",
            "success": true,
            "time_max": 200.0,
            "time_min": 0.0
          },
          "nt_id": 172,
          "params": {
            "fmod0": 0.0009051822295891041,
            "kdeg": 0.027095209749616486,
            "kobs": 0.021689879184178883,
            "log_fmod0": -7.007374275872289,
            "log_fmod0_err": 0.4405429964375286,
            "log_kdeg": -3.6083983287274983,
            "log_kdeg_err": 0.05521196611208852,
            "log_kobs": -3.8309095242751012,
            "log_kobs_err": 0.021797449317908512,
            "metadata": {
              "base": "C",
              "fmod_run_ids": [
                727,
                728,
                729,
                730,
                731,
                732,
                733
              ],
              "site": 19,
              "valtype": "modrate"
            }
          },
          "valtype": "modrate"
        },
        {
          "diagnostics": {
            "chisq": 9.767549252749327e-07,
            "covariance": {
              "matrix": [
                [
                  0.0013923620218516842,
                  -6.486191279839662e-05,
                  -0.043545761828119776
                ],
                [
                  -6.486191279839662e-05,
                  0.008858379691273809,
                  -0.07298019227574719
                ],
                [
                  -0.043545761828119776,
                  -0.07298019227574719,
                  2.3840989343995247
                ]
              ],
              "params": [
                "log_kappa",
                "log_kdeg",
                "log_fmod_0"
              ]
            },
            "ndata": 7,
            "nfree": 4,
            "r2": 0.994547161091424,
            "reduced_chisq": 2.4418873131873317e-07,
            "status": "completed",
            "success": true,
            "time_max": 200.0,
            "time_min": 0.0
          },
          "nt_id": 173,
          "params": {
            "fmod0": 0.000300234048552365,
            "kdeg": 0.028125038347395385,
            "kobs": 0.014551745742475475,
            "log_fmod0": -8.110948225634916,
            "log_fmod0_err": 1.5440527628288887,
            "log_kdeg": -3.5710950549955354,
            "log_kdeg_err": 0.0941189656300674,
            "log_kobs": -4.230044310261216,
            "log_kobs_err": 0.037314367499016836,
            "metadata": {
              "base": "A",
              "fmod_run_ids": [
                727,
                728,
                729,
                730,
                731,
                732,
                733
              ],
              "site": 20,
              "valtype": "modrate"
            }
          },
          "valtype": "modrate"
        },
        {
          "diagnostics": {
            "chisq": 3.498214955187224e-09,
            "covariance": {
              "matrix": [
                [
                  0.005899845926645002,
                  -0.005892664184255385,
                  -0.0027012707169090104
                ],
                [
                  -0.005892664184255385,
                  0.04635403959288444,
                  -0.00887351394353928
                ],
                [
                  -0.0027012707169090104,
                  -0.00887351394353928,
                  0.0055787119905998175
                ]
              ],
              "params": [
                "log_kappa",
                "log_kdeg",
                "log_fmod_0"
              ]
            },
            "ndata": 7,
            "nfree": 4,
            "r2": 0.9798205629669922,
            "reduced_chisq": 8.74553738796806e-10,
            "status": "completed",
            "success": true,
            "time_max": 200.0,
            "time_min": 0.0
          },
          "nt_id": 174,
          "params": {
            "fmod0": 0.0003477242024692613,
            "kdeg": 0.01702835781280991,
            "kobs": 0.00045962596084142933,
            "log_fmod0": -7.964100914041152,
            "log_fmod0_err": 0.07469077580665379,
            "log_kdeg": -4.072875218034638,
            "log_kdeg_err": 0.21529988293746108,
            "log_kobs": -7.6850975278551035,
            "log_kobs_err": 0.0768104545400234,
            "metadata": {
              "base": "G",
              "fmod_run_ids": [
                727,
                728,
                729,
                730,
                731,
                732,
                733
              ],
              "site": 21,
              "valtype": "modrate"
            }
          },
          "valtype": "modrate"
        },
        {
          "diagnostics": {
            "chisq": 7.413385275104348e-07,
            "covariance": {
              "matrix": [
                [
                  0.0012734217063753313,
                  -4.166079319502721e-05,
                  -0.028056028644081212
                ],
                [
                  -4.166079319502721e-05,
                  0.008067351103810152,
                  -0.046520026767276984
                ],
                [
                  -0.028056028644081212,
                  -0.046520026767276984,
                  1.0702480615526155
                ]
              ],
              "params": [
                "log_kappa",
                "log_kdeg",
                "log_fmod_0"
              ]
            },
            "ndata": 7,
            "nfree": 4,
            "r2": 0.9950025971425588,
            "reduced_chisq": 1.853346318776087e-07,
            "status": "completed",
            "success": true,
            "time_max": 200.0,
            "time_min": 0.0
          },
          "nt_id": 175,
          "params": {
            "fmod0": 0.00039105049685834634,
            "kdeg": 0.02851715781259161,
            "kobs": 0.013235769542919471,
            "log_fmod0": -7.84667385834248,
            "log_fmod0_err": 1.0345279414073916,
            "log_kdeg": -3.5572493443420106,
            "log_kdeg_err": 0.08981843409796317,
            "log_kobs": -4.324832300458495,
            "log_kobs_err": 0.035685034767747266,
            "metadata": {
              "base": "A",
              "fmod_run_ids": [
                727,
                728,
                729,
                730,
                731,
                732,
                733
              ],
              "site": 22,
              "valtype": "modrate"
            }
          },
          "valtype": "modrate"
        },
        {
          "diagnostics": {
            "chisq": 8.15649460650692e-07,
            "covariance": {
              "matrix": [
                [
                  0.010517101351334148,
                  -0.000610011665749821,
                  -0.03297180294549325
                ],
                [
                  -0.000610011665749821,
                  0.08121396049334408,
                  -0.02198645802681766
                ],
                [
                  -0.03297180294549325,
                  -0.02198645802681766,
                  0.12885976751532405
                ]
              ],
              "params": [
                "log_kappa",
                "log_kdeg",
                "log_fmod_0"
              ]
            },
            "ndata": 7,
            "nfree": 4,
            "r2": 0.9598347927578272,
            "reduced_chisq": 2.03912365162673e-07,
            "status": "completed",
            "success": true,
            "time_max": 200.0,
            "time_min": 0.0
          },
          "nt_id": 176,
          "params": {
            "fmod0": 0.0012563258063202109,
            "kdeg": 0.0944405825082339,
            "kobs": 0.004890417415836223,
            "log_fmod0": -6.679563844638003,
            "log_fmod0_err": 0.3589704270762761,
            "log_kdeg": -2.359784398759346,
            "log_kdeg_err": 0.28498063178634453,
            "log_kobs": -5.320477618026707,
            "log_kobs_err": 0.10255291976016162,
            "metadata": {
              "base": "U",
              "fmod_run_ids": [
                727,
                728,
                729,
                730,
                731,
                732,
                733
              ],
              "site": 23,
              "valtype": "modrate"
            }
          },
          "valtype": "modrate"
        },
        {
          "diagnostics": {
            "chisq": 6.939795148333833e-07,
            "covariance": {
              "matrix": [
                [
                  0.0005423356292226611,
                  2.9040220444310292e-06,
                  -0.0053092555090517865
                ],
                [
                  2.9040220444310292e-06,
                  0.003357315993277119,
                  -0.008439846959052545
                ],
                [
                  -0.0053092555090517865,
                  -0.008439846959052545,
                  0.08696228384421224
                ]
              ],
              "params": [
                "log_kappa",
                "log_kdeg",
                "log_fmod_0"
              ]
            },
            "ndata": 7,
            "nfree": 4,
            "r2": 0.9978798198534263,
            "reduced_chisq": 1.7349487870834582e-07,
            "status": "completed",
            "success": true,
            "time_max": 200.0,
            "time_min": 0.0
          },
          "nt_id": 177,
          "params": {
            "fmod0": 0.0013346723912557707,
            "kdeg": 0.02980344314108682,
            "kobs": 0.019756086712215307,
            "log_fmod0": -6.619069417053796,
            "log_fmod0_err": 0.2948936822724628,
            "log_kdeg": -3.5131313504979915,
            "log_kdeg_err": 0.05794235060193122,
            "log_kobs": -3.924293647154892,
            "log_kobs_err": 0.023288100592849154,
            "metadata": {
              "base": "C",
              "fmod_run_ids": [
                727,
                728,
                729,
                730,
                731,
                732,
                733
              ],
              "site": 24,
              "valtype": "modrate"
            }
          },
          "valtype": "modrate"
        },
        {
          "diagnostics": {
            "chisq": 1.1267005879579119e-07,
            "covariance": {
              "matrix": [
                [
                  0.004038236148558033,
                  0.0001249057919582661,
                  -0.0070783064169795155
                ],
                [
                  0.0001249057919582661,
                  0.026633965794300052,
                  -0.005403629924592957
                ],
                [
                  -0.0070783064169795155,
                  -0.005403629924592957,
                  0.015667347529775617
                ]
              ],
              "params": [
                "log_kappa",
                "log_kdeg",
                "log_fmod_0"
              ]
            },
            "ndata": 7,
            "nfree": 4,
            "r2": 0.9841515926814043,
            "reduced_chisq": 2.8167514698947797e-08,
            "status": "completed",
            "success": true,
            "time_max": 200.0,
            "time_min": 0.0
          },
          "nt_id": 178,
          "params": {
            "fmod0": 0.001336999393135413,
            "kdeg": 0.0800384176780187,
            "kobs": 0.0029277555192747363,
            "log_fmod0": -6.6173274347626485,
            "log_fmod0_err": 0.12516927550231974,
            "log_kdeg": -2.5252485386022125,
            "log_kdeg_err": 0.16319915990684528,
            "log_kobs": -5.8335191838846425,
            "log_kobs_err": 0.06354711754720298,
            "metadata": {
              "base": "U",
              "fmod_run_ids": [
                727,
                728,
                729,
                730,
                731,
                732,
                733
              ],
              "site": 25,
              "valtype": "modrate"
            }
          },
          "valtype": "modrate"
        },
        {
          "diagnostics": {
            "chisq": 1.2698207757438974e-08,
            "covariance": {
              "matrix": [
                [
                  0.014596055524061085,
                  -0.013293364311246066,
                  -0.007705942149647718
                ],
                [
                  -0.013293364311246066,
                  0.11383250871886523,
                  -0.023685564816082205
                ],
                [
                  -0.007705942149647718,
                  -0.023685564816082205,
                  0.016335544713735595
                ]
              ],
              "params": [
                "log_kappa",
                "log_kdeg",
                "log_fmod_0"
              ]
            },
            "ndata": 7,
            "nfree": 4,
            "r2": 0.9504351867825204,
            "reduced_chisq": 3.1745519393597435e-09,
            "status": "completed",
            "success": true,
            "time_max": 200.0,
            "time_min": 0.0
          },
          "nt_id": 179,
          "params": {
            "fmod0": 0.0003887986620803272,
            "kdeg": 0.01759338233441647,
            "kobs": 0.000548150734255725,
            "log_fmod0": -7.852448926535333,
            "log_fmod0_err": 0.1278105813840763,
            "log_kdeg": -4.040232451371494,
            "log_kdeg_err": 0.33739073597072167,
            "log_kobs": -7.508960246328568,
            "log_kobs_err": 0.12081413627577314,
            "metadata": {
              "base": "G",
              "fmod_run_ids": [
                727,
                728,
                729,
                730,
                731,
                732,
                733
              ],
              "site": 26,
              "valtype": "modrate"
            }
          },
          "valtype": "modrate"
        },
        {
          "diagnostics": {
            "chisq": 2.9213876700278075e-07,
            "covariance": {
              "matrix": [
                [
                  0.000302703508590333,
                  -2.618814319100795e-07,
                  -0.007440595421491308
                ],
                [
                  -2.618814319100795e-07,
                  0.001884336960067014,
                  -0.011933788314629932
                ],
                [
                  -0.007440595421491308,
                  -0.011933788314629932,
                  0.30792407559471974
                ]
              ],
              "params": [
                "log_kappa",
                "log_kdeg",
                "log_fmod_0"
              ]
            },
            "ndata": 7,
            "nfree": 4,
            "r2": 0.9988122792316958,
            "reduced_chisq": 7.303469175069519e-08,
            "status": "completed",
            "success": true,
            "time_max": 200.0,
            "time_min": 0.0
          },
          "nt_id": 180,
          "params": {
            "fmod0": 0.0004596838827385581,
            "kdeg": 0.029561941547854968,
            "kobs": 0.01710909949544508,
            "log_fmod0": -7.684971516157067,
            "log_fmod0_err": 0.5549090696634177,
            "log_kdeg": -3.5212675034672314,
            "log_kdeg_err": 0.0434089502299585,
            "log_kobs": -4.068144822770184,
            "log_kobs_err": 0.01739837660790032,
            "metadata": {
              "base": "A",
              "fmod_run_ids": [
                727,
                728,
                729,
                730,
                731,
                732,
                733
              ],
              "site": 27,
              "valtype": "modrate"
            }
          },
          "valtype": "modrate"
        },
        {
          "diagnostics": {
            "chisq": 2.4764998926017466e-08,
            "covariance": {
              "matrix": [
                [
                  0.03038696379455858,
                  -0.02510454904156122,
                  -0.011017509208575518
                ],
                [
                  -0.02510454904156122,
                  0.2348783837866781,
                  -0.03187360157539983
                ],
                [
                  -0.011017509208575518,
                  -0.03187360157539983,
                  0.014470740319418102
                ]
              ],
              "params": [
                "log_kappa",
                "log_kdeg",
                "log_fmod_0"
              ]
            },
            "ndata": 7,
            "nfree": 4,
            "r2": 0.9002802584860741,
            "reduced_chisq": 6.1912497315043664e-09,
            "status": "completed",
            "success": true,
            "time_max": 200.0,
            "time_min": 0.0
          },
          "nt_id": 181,
          "params": {
            "fmod0": 0.0005793169499944919,
            "kdeg": 0.018170622416570602,
            "kobs": 0.0005233604075182728,
            "log_fmod0": -7.453660820848191,
            "log_fmod0_err": 0.12029439022422493,
            "log_kdeg": -4.007949141983504,
            "log_kdeg_err": 0.48464253196214435,
            "log_kobs": -7.555240215516844,
            "log_kobs_err": 0.17431856985002653,
            "metadata": {
              "base": "G",
              "fmod_run_ids": [
                727,
                728,
                729,
                730,
                731,
                732,
                733
              ],
              "site": 28,
              "valtype": "modrate"
            }
          },
          "valtype": "modrate"
        },
        {
          "diagnostics": {
            "chisq": 9.301737723804868e-07,
            "covariance": {
              "matrix": [
                [
                  0.000623355223278669,
                  -1.344987230577495e-05,
                  -0.01382054996648017
                ],
                [
                  -1.344987230577495e-05,
                  0.003897727477468518,
                  -0.022495724744558732
                ],
                [
                  -0.01382054996648017,
                  -0.022495724744558732,
                  0.5241542721035679
                ]
              ],
              "params": [
                "log_kappa",
                "log_kdeg",
                "log_fmod_0"
              ]
            },
            "ndata": 7,
            "nfree": 4,
            "r2": 0.9975684458450587,
            "reduced_chisq": 2.325434430951217e-07,
            "status": "completed",
            "success": true,
            "time_max": 200.0,
            "time_min": 0.0
          },
          "nt_id": 182,
          "params": {
            "fmod0": 0.000627258772965563,
            "kdeg": 0.028911779288647913,
            "kobs": 0.02137123020074165,
            "log_fmod0": -7.374151386421668,
            "log_fmod0_err": 0.7239849943911599,
            "log_kdeg": -3.543506179062623,
            "log_kdeg_err": 0.06243178259082883,
            "log_kobs": -3.8457096445910106,
            "log_kobs_err": 0.02496708279472532,
            "metadata": {
              "base": "C",
              "fmod_run_ids": [
                727,
                728,
                729,
                730,
                731,
                732,
                733
              ],
              "site": 29,
              "valtype": "modrate"
            }
          },
          "valtype": "modrate"
        },
        {
          "diagnostics": {
            "chisq": 4.820490778743046e-07,
            "covariance": {
              "matrix": [
                [
                  0.00037671937984547535,
                  -1.3750107452995851e-05,
                  -0.002896603302268561
                ],
                [
                  -1.3750107452995851e-05,
                  0.002374220345401823,
                  -0.00478647605009332
                ],
                [
                  -0.002896603302268561,
                  -0.00478647605009332,
                  0.03859669214091876
                ]
              ],
              "params": [
                "log_kappa",
                "log_kdeg",
                "log_fmod_0"
              ]
            },
            "ndata": 7,
            "nfree": 4,
            "r2": 0.9985266786613318,
            "reduced_chisq": 1.2051226946857615e-07,
            "status": "completed",
            "success": true,
            "time_max": 200.0,
            "time_min": 0.0
          },
          "nt_id": 183,
          "params": {
            "fmod0": 0.0016607133427817742,
            "kdeg": 0.028445201964193118,
            "kobs": 0.01975901291856714,
            "log_fmod0": -6.40050804435151,
            "log_fmod0_err": 0.19646040858381303,
            "log_kdeg": -3.559775780639743,
            "log_kdeg_err": 0.048725971980062364,
            "log_kobs": -3.9241455414239423,
            "log_kobs_err": 0.019409260157086754,
            "metadata": {
              "base": "C",
              "fmod_run_ids": [
                727,
                728,
                729,
                730,
                731,
                732,
                733
              ],
              "site": 30,
              "valtype": "modrate"
            }
          },
          "valtype": "modrate"
        },
        {
          "diagnostics": {
            "chisq": 9.081148253438126e-08,
            "covariance": {
              "matrix": [
                [
                  0.002165870197870583,
                  -0.00023080260673445635,
                  -0.005269115227105592
                ],
                [
                  -0.00023080260673445635,
                  0.01847761968968565,
                  -0.003292911866435666
                ],
                [
                  -0.005269115227105592,
                  -0.003292911866435666,
                  0.015898720036365645
                ]
              ],
              "params": [
                "log_kappa",
                "log_kdeg",
                "log_fmod_0"
              ]
            },
            "ndata": 7,
            "nfree": 4,
            "r2": 0.9914522673834182,
            "reduced_chisq": 2.2702870633595315e-08,
            "status": "completed",
            "success": true,
            "time_max": 200.0,
            "time_min": 0.0
          },
          "nt_id": 184,
          "params": {
            "fmod0": 0.0011939615034348753,
            "kdeg": 0.10226006263156255,
            "kobs": 0.0035898749858623877,
            "log_fmod0": -6.730478506210835,
            "log_fmod0_err": 0.12609012664108815,
            "log_kdeg": -2.280236076856752,
            "log_kdeg_err": 0.13593240853337973,
            "log_kobs": -5.629637899967838,
            "log_kobs_err": 0.04653891057889713,
            "metadata": {
              "base": "U",
              "fmod_run_ids": [
                727,
                728,
                729,
                730,
                731,
                732,
                733
              ],
              "site": 51,
              "valtype": "modrate"
            }
          },
          "valtype": "modrate"
        },
        {
          "diagnostics": {
            "chisq": 1.2208701008490252e-06,
            "covariance": {
              "matrix": [
                [
                  0.014458290268840114,
                  -0.0008972120128448353,
                  -0.042623370875646736
                ],
                [
                  -0.0008972120128448353,
                  0.11250648475372532,
                  -0.028260206712683252
                ],
                [
                  -0.042623370875646736,
                  -0.028260206712683252,
                  0.15657031665397397
                ]
              ],
              "params": [
                "log_kappa",
                "log_kdeg",
                "log_fmod_0"
              ]
            },
            "ndata": 7,
            "nfree": 4,
            "r2": 0.9456166290623382,
            "reduced_chisq": 3.052175252122563e-07,
            "status": "completed",
            "success": true,
            "time_max": 200.0,
            "time_min": 0.0
          },
          "nt_id": 185,
          "params": {
            "fmod0": 0.0013944807433884697,
            "kdeg": 0.09507198274046219,
            "kobs": 0.005103899823046888,
            "log_fmod0": -6.57523315996413,
            "log_fmod0_err": 0.39568967215985557,
            "log_kdeg": -2.3531209612437123,
            "log_kdeg_err": 0.33541986338576507,
            "log_kobs": -5.277750360278249,
            "log_kobs_err": 0.1202426308296692,
            "metadata": {
              "base": "U",
              "fmod_run_ids": [
                727,
                728,
                729,
                730,
                731,
                732,
                733
              ],
              "site": 52,
              "valtype": "modrate"
            }
          },
          "valtype": "modrate"
        },
        {
          "diagnostics": {
            "chisq": 1.7705958268127168e-06,
            "covariance": {
              "matrix": [
                [
                  0.0010045308769022544,
                  6.675276891420755e-05,
                  -0.012611757554942473
                ],
                [
                  6.675276891420755e-05,
                  0.006012874137082746,
                  -0.01867790022965809
                ],
                [
                  -0.012611757554942473,
                  -0.01867790022965809,
                  0.25065265660717057
                ]
              ],
              "params": [
                "log_kappa",
                "log_kdeg",
                "log_fmod_0"
              ]
            },
            "ndata": 7,
            "nfree": 4,
            "r2": 0.9960979401696334,
            "reduced_chisq": 4.426489567031792e-07,
            "status": "completed",
            "success": true,
            "time_max": 200.0,
            "time_min": 0.0
          },
          "nt_id": 186,
          "params": {
            "fmod0": 0.0012677519592962426,
            "kdeg": 0.03247734441039799,
            "kobs": 0.02329713057509348,
            "log_fmod0": -6.670510057799318,
            "log_fmod0_err": 0.5006522312016302,
            "log_kdeg": -3.427212527794862,
            "log_kdeg_err": 0.07754272459156143,
            "log_kobs": -3.7594250772777658,
            "log_kobs_err": 0.03169433509165722,
            "metadata": {
              "base": "C",
              "fmod_run_ids": [
                727,
                728,
                729,
                730,
                731,
                732,
                733
              ],
              "site": 53,
              "valtype": "modrate"
            }
          },
          "valtype": "modrate"
        },
        {
          "diagnostics": {
            "chisq": 4.2816894160513384e-08,
            "covariance": {
              "matrix": [
                [
                  0.13097188855748174,
                  0.0012747863716005498,
                  -0.061760872317314634
                ],
                [
                  0.0012747863716005498,
                  0.8260651165619011,
                  -0.09987188332867872
                ],
                [
                  -0.061760872317314634,
                  -0.09987188332867872,
                  0.04889614718340189
                ]
              ],
              "params": [
                "log_kappa",
                "log_kdeg",
                "log_fmod_0"
              ]
            },
            "ndata": 7,
            "nfree": 4,
            "r2": 0.6562753630579954,
            "reduced_chisq": 1.0704223540128346e-08,
            "status": "completed",
            "success": true,
            "time_max": 200.0,
            "time_min": 0.0
          },
          "nt_id": 187,
          "params": {
            "fmod0": 0.00044156134594705446,
            "kdeg": 0.02978210858459217,
            "kobs": 0.00030935366745461594,
            "log_fmod0": -7.7251935986553155,
            "log_fmod0_err": 0.22112473218390089,
            "log_kdeg": -3.5138474488402394,
            "log_kdeg_err": 0.9088812444769124,
            "log_kobs": -8.081025380700783,
            "log_kobs_err": 0.36190038485401166,
            "metadata": {
              "base": "G",
              "fmod_run_ids": [
                727,
                728,
                729,
                730,
                731,
                732,
                733
              ],
              "site": 54,
              "valtype": "modrate"
            }
          },
          "valtype": "modrate"
        },
        {
          "diagnostics": {
            "chisq": 6.512234589587417e-09,
            "covariance": {
              "matrix": [
                [
                  0.08984616586944646,
                  -0.1749244760447596,
                  0.004877939336002891
                ],
                [
                  -0.1749244760447596,
                  0.41573180399821313,
                  -0.02388025820323042
                ],
                [
                  0.004877939336002891,
                  -0.02388025820323042,
                  0.0038573321821104268
                ]
              ],
              "params": [
                "log_kappa",
                "log_kdeg",
                "log_fmod_0"
              ]
            },
            "ndata": 7,
            "nfree": 4,
            "r2": 0.9390021541602501,
            "reduced_chisq": 1.6280586473968542e-09,
            "status": "completed",
            "success": true,
            "time_max": 200.0,
            "time_min": 0.0
          },
          "nt_id": 188,
          "params": {
            "fmod0": 0.000526112581412595,
            "kdeg": 0.007925600054447276,
            "kobs": 0.00043378466826025317,
            "log_fmod0": -7.5499953350245885,
            "log_fmod0_err": 0.06210742453290449,
            "log_kdeg": -4.837657245435655,
            "log_kdeg_err": 0.6447726762186912,
            "log_kobs": -7.742962303072392,
            "log_kobs_err": 0.2997435001287709,
            "metadata": {
              "base": "G",
              "fmod_run_ids": [
                727,
                728,
                729,
                730,
                731,
                732,
                733
              ],
              "site": 33,
              "valtype": "modrate"
            }
          },
          "valtype": "modrate"
        },
        {
          "diagnostics": {
            "chisq": 1.0834872306969789e-08,
            "covariance": {
              "matrix": [
                [
                  0.020919241231125554,
                  0.001233614442079858,
                  -0.013872482146306892
                ],
                [
                  0.001233614442079858,
                  0.1289387244426286,
                  -0.021324209283427105
                ],
                [
                  -0.013872482146306892,
                  -0.021324209283427105,
                  0.014803239398465137
                ]
              ],
              "params": [
                "log_kappa",
                "log_kdeg",
                "log_fmod_0"
              ]
            },
            "ndata": 7,
            "nfree": 4,
            "r2": 0.9228481703384481,
            "reduced_chisq": 2.7087180767424472e-09,
            "status": "completed",
            "success": true,
            "time_max": 200.0,
            "time_min": 0.0
          },
          "nt_id": 189,
          "params": {
            "fmod0": 0.00040657574880383936,
            "kdeg": 0.03175102804618769,
            "kobs": 0.00038966439632457696,
            "log_fmod0": -7.807740302415397,
            "log_fmod0_err": 0.1216685637231949,
            "log_kdeg": -3.4498301747601516,
            "log_kdeg_err": 0.35908038715951696,
            "log_kobs": -7.850224711547066,
            "log_kobs_err": 0.14463485482803085,
            "metadata": {
              "base": "G",
              "fmod_run_ids": [
                727,
                728,
                729,
                730,
                731,
                732,
                733
              ],
              "site": 34,
              "valtype": "modrate"
            }
          },
          "valtype": "modrate"
        },
        {
          "diagnostics": {
            "chisq": 1.2692533693639987e-06,
            "covariance": {
              "matrix": [
                [
                  0.001377672916401816,
                  6.667182867912921e-05,
                  -0.029334820565465755
                ],
                [
                  6.667182867912921e-05,
                  0.008384569463006144,
                  -0.04474265450442717
                ],
                [
                  -0.029334820565465755,
                  -0.04474265450442717,
                  1.0079161744009035
                ]
              ],
              "params": [
                "log_kappa",
                "log_kdeg",
                "log_fmod_0"
              ]
            },
            "ndata": 7,
            "nfree": 4,
            "r2": 0.9946169564420752,
            "reduced_chisq": 3.1731334234099966e-07,
            "status": "completed",
            "success": true,
            "time_max": 200.0,
            "time_min": 0.0
          },
          "nt_id": 190,
          "params": {
            "fmod0": 0.0005333524465969527,
            "kdeg": 0.031495709231742657,
            "kobs": 0.01671806210159015,
            "log_fmod0": -7.536328101677368,
            "log_fmod0_err": 1.003950284825351,
            "log_kdeg": -3.4579039572939494,
            "log_kdeg_err": 0.09156729472364106,
            "log_kobs": -4.091265581057798,
            "log_kobs_err": 0.03711701653422344,
            "metadata": {
              "base": "A",
              "fmod_run_ids": [
                727,
                728,
                729,
                730,
                731,
                732,
                733
              ],
              "site": 35,
              "valtype": "modrate"
            }
          },
          "valtype": "modrate"
        },
        {
          "diagnostics": {
            "chisq": 2.6032256841776757e-08,
