{
  "artifacts": {},
  "engine": "python_baseline",
  "engine_version": "0.1.0",
  "metadata": {
    "buffer_pH": 6.4,
    "done_by": [
      "EKC"
    ],
    "experiment_id": "ekc.01.0xx",
    "fmod_run_id": 584,
    "initial_kdeg": 0.019966431018638382,
    "initial_kdeg_source": "arrhenius:nmr:deg:dms:Schwalbe_bistris",
    "initial_log_kdeg": -3.9137028646700216,
    "notes": "Baseline python engine demo using examples/nerd.sqlite",
    "rg_id": 117,
    "rg_label": "70_1_12",
    "rounds_requested": [
      "round1_free",
      "round2_global",
      "round3_constrained"
    ],
    "rt_protocol": [
      "MRT"
    ],
    "selected_site_bases": [
      "17_G",
      "18_G",
      "19_C",
      "1_U",
      "20_A",
      "21_G",
      "22_A",
      "23_U",
      "24_C",
      "25_U",
      "26_G",
      "27_A",
      "28_G",
      "29_C",
      "2_A",
      "30_U",
      "31_U",
      "32_G",
      "33_G",
      "34_G",
      "35_A",
      "36_G",
      "37_C",
      "38_U",
      "39_C",
      "3_A",
      "40_U",
      "41_C",
      "42_U",
      "43_G",
      "44_C",
      "45_C",
      "61_A",
      "62_A",
      "63_U",
      "64_C"
    ],
    "temperature_c": 70.0,
    "valtypes": [
      "modrate",
      "GAmodrate"
    ]
  },
  "rounds": [
    {
      "global_params": {},
      "notes": null,
      "per_nt": [
        {
          "diagnostics": {
            "reason": "Non-zero fmod values are required for a fit.",
            "status": "failed"
          },
          "nt_id": 93,
          "params": {},
          "valtype": "modrate"
        },
        {
          "diagnostics": {
            "reason": "Non-zero fmod values are required for a fit.",
            "status": "failed"
          },
          "nt_id": 94,
          "params": {},
          "valtype": "modrate"
        },
        {
          "diagnostics": {
            "reason": "Non-zero fmod values are required for a fit.",
            "status": "failed"
          },
          "nt_id": 95,
          "params": {},
          "valtype": "modrate"
        },
        {
          "diagnostics": {
            "reason": "Non-zero fmod values are required for a fit.",
            "status": "failed"
          },
          "nt_id": 96,
          "params": {},
          "valtype": "modrate"
        },
        {
          "diagnostics": {
            "chisq": 5.2934366479014026e-08,
            "covariance": {
              "matrix": [
                [
                  0.06738480648327795,
                  0.012628855311449616,
                  -0.05293773678760754
                ],
                [
                  0.012628855311449616,
                  0.3722452873970686,
                  -0.06856315598320016
                ],
                [
                  -0.05293773678760754,
                  -0.06856315598320016,
                  0.06027665395056942
                ]
              ],
              "params": [
                "log_kappa",
                "log_kdeg",
                "log_fmod_0"
              ]
            },
            "ndata": 7,
            "nfree": 4,
            "r2": 0.7888241411964421,
            "reduced_chisq": 1.3233591619753507e-08,
            "status": "completed",
            "success": true,
            "time_max": 300.0,
            "time_min": 0.0
          },
          "nt_id": 97,
          "params": {
            "fmod0": 0.00044864904293742783,
            "kdeg": 0.026369438302042792,
            "kobs": 0.00048028264625040357,
            "log_fmod0": -7.709269617427815,
            "log_fmod0_err": 0.24551304232274387,
            "log_kdeg": -3.635549579486853,
            "log_kdeg_err": 0.6101190764080964,
            "log_kobs": -7.641135781009316,
            "log_kobs_err": 0.2595858364458237,
            "metadata": {
              "base": "G",
              "fmod_run_ids": [
                580,
                581,
                582,
                583,
                584,
                585,
                586
              ],
              "site": 18,
              "valtype": "modrate"
            }
          },
          "valtype": "modrate"
        },
        {
          "diagnostics": {
            "chisq": 4.549408045869151e-07,
            "covariance": {
              "matrix": [
                [
                  0.0001193068464686059,
                  1.3525991978564432e-05,
                  -0.0024754705230392946
                ],
                [
                  1.3525991978564432e-05,
                  0.0006804824347576934,
                  -0.0036840849878524927
                ],
                [
                  -0.0024754705230392946,
                  -0.0036840849878524927,
                  0.08170105190911144
                ]
              ],
              "params": [
                "log_kappa",
                "log_kdeg",
                "log_fmod_0"
              ]
            },
            "ndata": 7,
            "nfree": 4,
            "r2": 0.9995411385007925,
            "reduced_chisq": 1.1373520114672877e-07,
            "status": "completed",
            "success": true,
            "time_max": 300.0,
            "time_min": 0.0
          },
          "nt_id": 98,
          "params": {
            "fmod0": 0.0011061867356567429,
            "kdeg": 0.020731208931973995,
            "kobs": 0.03437553064203217,
            "log_fmod0": -6.806836551384336,
            "log_fmod0_err": 0.28583395863527383,
            "log_kdeg": -3.8761150362428847,
            "log_kdeg_err": 0.026086058244926415,
            "log_kobs": -3.370410286255431,
            "log_kobs_err": 0.010922767344798932,
            "metadata": {
              "base": "C",
              "fmod_run_ids": [
                580,
                581,
                582,
                583,
                584,
                585,
                586
              ],
              "site": 19,
              "valtype": "modrate"
            }
          },
          "valtype": "modrate"
        },
        {
          "diagnostics": {
            "chisq": 7.258242368783872e-08,
            "covariance": {
              "matrix": [
                [
                  3.4526644802671266e-05,
                  4.5953821155111265e-06,
                  -0.001048595377042731
                ],
                [
                  4.5953821155111265e-06,
                  0.0001956399188503073,
                  -0.0015259753118433634
                ],
                [
                  -0.001048595377042731,
                  -0.0015259753118433634,
                  0.049729148236488954
                ]
              ],
              "params": [
                "log_kappa",
                "log_kdeg",
                "log_fmod_0"
              ]
            },
            "ndata": 7,
            "nfree": 4,
            "r2": 0.9998659952639881,
            "reduced_chisq": 1.814560592195968e-08,
            "status": "completed",
            "success": true,
            "time_max": 300.0,
            "time_min": 0.0
          },
          "nt_id": 99,
          "params": {
            "fmod0": 0.0005682560100533166,
            "kdeg": 0.021548256847345015,
            "kobs": 0.025312986504051806,
            "log_fmod0": -7.472938518862885,
            "log_fmod0_err": 0.22300033236856162,
            "log_kdeg": -3.8374603544583437,
            "log_kdeg_err": 0.013987134047055792,
            "log_kobs": -3.6764377143869216,
            "log_kobs_err": 0.0058759377807011594,
            "metadata": {
              "base": "A",
              "fmod_run_ids": [
                580,
                581,
                582,
                583,
                584,
                585,
                586
              ],
              "site": 20,
              "valtype": "modrate"
            }
          },
          "valtype": "modrate"
        },
        {
          "diagnostics": {
            "chisq": 4.267124185708047e-08,
            "covariance": {
              "matrix": [
                [
                  0.023020665650182296,
                  0.0017359544055621733,
                  -0.025127737837429453
                ],
                [
                  0.0017359544055621733,
                  0.1411349440457247,
                  -0.041334914872445366
                ],
                [
                  -0.025127737837429453,
                  -0.041334914872445366,
                  0.04612480996310266
                ]
              ],
              "params": [
                "log_kappa",
                "log_kdeg",
                "log_fmod_0"
              ]
            },
            "ndata": 7,
            "nfree": 4,
            "r2": 0.9158078219865824,
            "reduced_chisq": 1.0667810464270118e-08,
            "status": "completed",
            "success": true,
            "time_max": 300.0,
            "time_min": 0.0
          },
          "nt_id": 100,
          "params": {
            "fmod0": 0.0004458765186458393,
            "kdeg": 0.019034590997917274,
            "kobs": 0.0007297506247175225,
            "log_fmod0": -7.715468508300911,
            "log_fmod0_err": 0.21476687352360155,
            "log_kdeg": -3.9614973762228995,
            "log_kdeg_err": 0.37567931011132977,
            "log_kobs": -7.222807692159813,
            "log_kobs_err": 0.15172562621450042,
            "metadata": {
              "base": "G",
              "fmod_run_ids": [
                580,
                581,
                582,
                583,
                584,
                585,
                586
              ],
              "site": 21,
              "valtype": "modrate"
            }
          },
          "valtype": "modrate"
        },
        {
          "diagnostics": {
            "chisq": 3.117256728569423e-07,
            "covariance": {
              "matrix": [
                [
                  0.00019462007495019308,
                  2.99123483234383e-05,
                  -0.005782150851165468
                ],
                [
                  2.99123483234383e-05,
                  0.0010848643911207977,
                  -0.008078553169972347
                ],
                [
                  -0.005782150851165468,
                  -0.008078553169972347,
                  0.26135051370712226
                ]
              ],
              "params": [
                "log_kappa",
                "log_kdeg",
                "log_fmod_0"
              ]
            },
            "ndata": 7,
            "nfree": 4,
            "r2": 0.9992433182736866,
            "reduced_chisq": 7.793141821423558e-08,
            "status": "completed",
            "success": true,
            "time_max": 300.0,
            "time_min": 0.0
          },
          "nt_id": 101,
          "params": {
            "fmod0": 0.0005165895150642519,
            "kdeg": 0.022865277643441737,
            "kobs": 0.022066183485595553,
            "log_fmod0": -7.568261973551374,
            "log_fmod0_err": 0.5112245237731874,
            "log_kdeg": -3.778135779219327,
            "log_kdeg_err": 0.03293727965574567,
            "log_kobs": -3.8137090013701767,
            "log_kobs_err": 0.013950629912308372,
            "metadata": {
              "base": "A",
              "fmod_run_ids": [
                580,
                581,
                582,
                583,
                584,
                585,
                586
              ],
              "site": 22,
              "valtype": "modrate"
            }
          },
          "valtype": "modrate"
        },
        {
          "diagnostics": {
            "chisq": 3.7121666071863446e-08,
            "covariance": {
              "matrix": [
                [
                  0.04413187196855436,
                  0.005988359025937731,
                  -0.01080857097499624
                ],
                [
                  0.005988359025937731,
                  0.2575922031450956,
                  -0.01627096722739163
                ],
                [
                  -0.01080857097499624,
                  -0.01627096722739163,
                  0.004179764905206283
                ]
              ],
              "params": [
                "log_kappa",
                "log_kdeg",
                "log_fmod_0"
              ]
            },
            "ndata": 7,
            "nfree": 4,
            "r2": 0.850419431647532,
            "reduced_chisq": 9.280416517965861e-09,
            "status": "completed",
            "success": true,
            "time_max": 300.0,
            "time_min": 0.0
          },
          "nt_id": 102,
          "params": {
            "fmod0": 0.0013972248475444735,
            "kdeg": 0.021182020007198727,
            "kobs": 0.0004929701094277003,
            "log_fmod0": -6.573267261376047,
            "log_fmod0_err": 0.064651101345656,
            "log_kdeg": -3.8546025700233506,
            "log_kdeg_err": 0.5075354205817517,
            "log_kobs": -7.615062015723751,
            "log_kobs_err": 0.21007587193334307,
            "metadata": {
              "base": "U",
              "fmod_run_ids": [
                580,
                581,
                582,
                583,
                584,
                585,
                586
              ],
              "site": 23,
              "valtype": "modrate"
            }
          },
          "valtype": "modrate"
        },
        {
          "diagnostics": {
            "chisq": 1.2672795727621017e-06,
            "covariance": {
              "matrix": [
                [
                  0.00041719868704426927,
                  6.0679820205062336e-05,
                  -0.00612340678457803
                ],
                [
                  6.0679820205062336e-05,
                  0.002318767555243779,
                  -0.008594925246750835
                ],
                [
                  -0.00612340678457803,
                  -0.008594925246750835,
                  0.13757791036346464
                ]
              ],
              "params": [
                "log_kappa",
                "log_kdeg",
                "log_fmod_0"
              ]
            },
            "ndata": 7,
            "nfree": 4,
            "r2": 0.9983932912120261,
            "reduced_chisq": 3.1681989319052543e-07,
            "status": "completed",
            "success": true,
            "time_max": 300.0,
            "time_min": 0.0
          },
          "nt_id": 103,
          "params": {
            "fmod0": 0.0014340601087906339,
            "kdeg": 0.0224907953701629,
            "kobs": 0.03064490933614959,
            "log_fmod0": -6.547245620813856,
            "log_fmod0_err": 0.370914963790172,
            "log_kdeg": -3.7946491481332383,
            "log_kdeg_err": 0.04815358299486944,
            "log_kobs": -3.485288720568982,
            "log_kobs_err": 0.02042544215052074,
            "metadata": {
              "base": "C",
              "fmod_run_ids": [
                580,
                581,
                582,
                583,
                584,
                585,
                586
              ],
              "site": 24,
              "valtype": "modrate"
            }
          },
          "valtype": "modrate"
        },
        {
          "diagnostics": {
            "chisq": 1.4112901718549928e-08,
            "covariance": {
              "matrix": [
                [
                  0.0063572872720391825,
                  0.0011040710165995725,
                  -0.00301779169765249
                ],
                [
                  0.0011040710165995725,
                  0.03569430553508018,
                  -0.004157157882869231
                ],
                [
                  -0.00301779169765249,
                  -0.004157157882869231,
                  0.002144328765625509
                ]
              ],
              "params": [
                "log_kappa",
                "log_kdeg",
                "log_fmod_0"
              ]
            },
            "ndata": 7,
            "nfree": 4,
            "r2": 0.9753503655315787,
            "reduced_chisq": 3.528225429637482e-09,
            "status": "completed",
            "success": true,
            "time_max": 300.0,
            "time_min": 0.0
          },
          "nt_id": 104,
          "params": {
            "fmod0": 0.001217494587259567,
            "kdeg": 0.023943033049224127,
            "kobs": 0.0008047251260725379,
            "log_fmod0": -6.710960148800108,
            "log_fmod0_err": 0.04630689760311642,
            "log_kdeg": -3.732077893091821,
            "log_kdeg_err": 0.18892936652378892,
            "log_kobs": -7.125009797150852,
            "log_kobs_err": 0.07973259855315881,
            "metadata": {
              "base": "U",
              "fmod_run_ids": [
                580,
                581,
                582,
                583,
                584,
                585,
                586
              ],
              "site": 25,
              "valtype": "modrate"
            }
          },
          "valtype": "modrate"
        },
        {
          "diagnostics": {
            "chisq": 5.02101777042583e-08,
            "covariance": {
              "matrix": [
                [
                  0.03350680258748297,
                  0.0023990739345165894,
                  -0.03999683033169173
                ],
                [
                  0.0023990739345165894,
                  0.20601886826785779,
                  -0.06611331255089906
                ],
                [
                  -0.03999683033169173,
                  -0.06611331255089906,
                  0.0805865908264734
                ]
              ],
              "params": [
                "log_kappa",
                "log_kdeg",
                "log_fmod_0"
              ]
            },
            "ndata": 7,
            "nfree": 4,
            "r2": 0.8819654498442058,
            "reduced_chisq": 1.2552544426064576e-08,
            "status": "completed",
            "success": true,
            "time_max": 300.0,
            "time_min": 0.0
          },
          "nt_id": 105,
          "params": {
            "fmod0": 0.0003656849651620712,
            "kdeg": 0.01893597301730757,
            "kobs": 0.0006560145912428165,
            "log_fmod0": -7.913738346144998,
            "log_fmod0_err": 0.2838777744496272,
            "log_kdeg": -3.9666918317129793,
            "log_kdeg_err": 0.45389301412101263,
            "log_kobs": -7.329327526519355,
            "log_kobs_err": 0.18304863448680236,
            "metadata": {
              "base": "G",
              "fmod_run_ids": [
                580,
                581,
                582,
                583,
                584,
                585,
                586
              ],
              "site": 26,
              "valtype": "modrate"
            }
          },
          "valtype": "modrate"
        },
        {
          "diagnostics": {
            "chisq": 1.9660471201513137e-06,
            "covariance": {
              "matrix": [
                [
                  0.0009901368155398153,
                  0.00010908436305350526,
                  -0.042988227704624384
                ],
                [
                  0.00010908436305350526,
                  0.0057343762735327306,
                  -0.06524849099823303
                ],
                [
                  -0.042988227704624384,
                  -0.06524849099823303,
                  2.99504717667577
                ]
              ],
              "params": [
                "log_kappa",
                "log_kdeg",
                "log_fmod_0"
              ]
            },
            "ndata": 7,
            "nfree": 4,
            "r2": 0.9961641208255044,
            "reduced_chisq": 4.915117800378284e-07,
            "status": "completed",
            "success": true,
            "time_max": 300.0,
            "time_min": 0.0
          },
          "nt_id": 106,
          "params": {
            "fmod0": 0.0003790095427875617,
            "kdeg": 0.020438889769079798,
            "kobs": 0.02453903082419217,
            "log_fmod0": -7.877949174339828,
            "log_fmod0_err": 1.7306204600303816,
            "log_kdeg": -3.8903158317030555,
            "log_kdeg_err": 0.07572566456316333,
            "log_kobs": -3.7074903341959695,
            "log_kobs_err": 0.031466439511641846,
            "metadata": {
              "base": "A",
              "fmod_run_ids": [
                580,
                581,
                582,
                583,
                584,
                585,
                586
              ],
              "site": 27,
              "valtype": "modrate"
            }
          },
          "valtype": "modrate"
        },
        {
          "diagnostics": {
            "chisq": 2.435995656159105e-08,
            "covariance": {
              "matrix": [
                [
                  0.02407249242242065,
                  0.003638542214315567,
                  -0.025383714694731482
                ],
                [
                  0.003638542214315567,
                  0.13845309441740664,
                  -0.03707491596098885
                ],
                [
                  -0.025383714694731482,
                  -0.03707491596098885,
                  0.04145862894451535
                ]
              ],
              "params": [
                "log_kappa",
                "log_kdeg",
                "log_fmod_0"
              ]
            },
            "ndata": 7,
            "nfree": 4,
            "r2": 0.9125257411722058,
            "reduced_chisq": 6.0899891403977625e-09,
            "status": "completed",
            "success": true,
            "time_max": 300.0,
            "time_min": 0.0
          },
          "nt_id": 107,
          "params": {
            "fmod0": 0.0003608469071578402,
            "kdeg": 0.022041069555581563,
            "kobs": 0.0005414896823712689,
            "log_fmod0": -7.927056769473882,
            "log_fmod0_err": 0.20361392129349937,
            "log_kdeg": -3.8148477679446673,
            "log_kdeg_err": 0.3720928572512601,
            "log_kobs": -7.521186545497425,
            "log_kobs_err": 0.15515312572558973,
            "metadata": {
              "base": "G",
              "fmod_run_ids": [
                580,
                581,
                582,
                583,
                584,
                585,
                586
              ],
              "site": 28,
              "valtype": "modrate"
            }
          },
          "valtype": "modrate"
        },
        {
          "diagnostics": {
            "chisq": 3.6299993092444193e-07,
            "covariance": {
              "matrix": [
                [
                  0.00010910463811458993,
                  9.442198427354667e-06,
                  -0.002159399205831609
                ],
                [
                  9.442198427354667e-06,
                  0.0006385555714321957,
                  -0.003362884915104768
                ],
                [
                  -0.002159399205831609,
                  -0.003362884915104768,
                  0.0700724642194842
                ]
              ],
              "params": [
                "log_kappa",
                "log_kdeg",
                "log_fmod_0"
              ]
            },
            "ndata": 7,
            "nfree": 4,
            "r2": 0.9995788825420784,
            "reduced_chisq": 9.074998273111048e-08,
            "status": "completed",
            "success": true,
            "time_max": 300.0,
            "time_min": 0.0
          },
          "nt_id": 108,
          "params": {
            "fmod0": 0.0010609372344504906,
            "kdeg": 0.01966768831329736,
            "kobs": 0.03198042132474951,
            "log_fmod0": -6.848602578074224,
            "log_fmod0_err": 0.2647120401860939,
            "log_kdeg": -3.9287781769600207,
            "log_kdeg_err": 0.025269657129296307,
            "log_kobs": -3.442631397030546,
            "log_kobs_err": 0.010445316563637022,
            "metadata": {
              "base": "C",
              "fmod_run_ids": [
                580,
                581,
                582,
                583,
                584,
                585,
                586
              ],
              "site": 29,
              "valtype": "modrate"
            }
          },
          "valtype": "modrate"
        },
        {
          "diagnostics": {
            "chisq": 1.4274548608083784e-06,
            "ndata": 7,
            "nfree": 4,
            "r2": -2.567872359193757e-09,
            "reduced_chisq": 3.568637152020946e-07,
            "status": "completed",
            "success": true,
            "time_max": 300.0,
            "time_min": 0.0
          },
          "nt_id": 109,
          "params": {
            "fmod0": 0.003000857176569259,
            "kdeg": 3453.1116987637183,
            "kobs": 4.454586428750132e-11,
            "log_fmod0": -5.808857305602705,
            "log_kdeg": 8.14703104519107,
            "log_kobs": -23.834501799373705,
            "metadata": {
              "base": "U",
              "fmod_run_ids": [
                580,
                581,
                582,
                583,
                584,
                585,
                586
              ],
              "site": 30,
              "valtype": "modrate"
            }
          },
          "valtype": "modrate"
        },
        {
          "diagnostics": {
            "chisq": 1.4460834199714545e-08,
            "covariance": {
              "matrix": [
                [
                  0.009390793248625897,
                  0.0017854869031279207,
                  -0.0036827894800296793
                ],
                [
                  0.0017854869031279207,
                  0.05166419684447746,
                  -0.004629834429264971
                ],
                [
                  -0.0036827894800296793,
                  -0.004629834429264971,
                  0.002064026108885659
                ]
              ],
              "params": [
                "log_kappa",
                "log_kdeg",
                "log_fmod_0"
              ]
            },
            "ndata": 7,
            "nfree": 4,
            "r2": 0.9640481151395508,
            "reduced_chisq": 3.615208549928636e-09,
            "status": "completed",
            "success": true,
            "time_max": 300.0,
            "time_min": 0.0
          },
          "nt_id": 110,
          "params": {
            "fmod0": 0.0012725915570326446,
            "kdeg": 0.027701215491957146,
            "kobs": 0.0006737900061143503,
            "log_fmod0": -6.6666998616110975,
            "log_fmod0_err": 0.04543155411039401,
            "log_kdeg": -3.5862789861754982,
            "log_kdeg_err": 0.22729759533368904,
            "log_kobs": -7.3025920592265585,
            "log_kobs_err": 0.0969061053217283,
            "metadata": {
              "base": "U",
              "fmod_run_ids": [
                580,
                581,
                582,
                583,
                584,
                585,
                586
              ],
              "site": 31,
              "valtype": "modrate"
            }
          },
          "valtype": "modrate"
        },
        {
          "diagnostics": {
            "chisq": 1.3765473802326005e-07,
            "covariance": {
              "matrix": [
                [
                  0.10354688785784608,
                  0.01968323197479666,
                  -0.07813010340231893
                ],
                [
                  0.01968323197479666,
                  0.5697500617372055,
                  -0.09833557796333665
                ],
                [
                  -0.07813010340231893,
                  -0.09833557796333665,
                  0.08429250584230044
                ]
              ],
              "params": [
                "log_kappa",
                "log_kdeg",
                "log_fmod_0"
              ]
            },
            "ndata": 7,
            "nfree": 4,
            "r2": 0.7086027304719228,
            "reduced_chisq": 3.4413684505815014e-08,
            "status": "completed",
            "success": true,
            "time_max": 300.0,
            "time_min": 0.0
          },
          "nt_id": 111,
          "params": {
            "fmod0": 0.0006142905915924512,
            "kdeg": 0.027650387761688707,
            "kobs": 0.0006259729299960331,
            "log_fmod0": -7.395042465567789,
            "log_fmod0_err": 0.29033171690723086,
            "log_kdeg": -3.588115527181252,
            "log_kdeg_err": 0.7548178997196645,
            "log_kobs": -7.376203430617012,
            "log_kobs_err": 0.3217870225130996,
            "metadata": {
              "base": "G",
              "fmod_run_ids": [
                580,
                581,
                582,
                583,
                584,
                585,
                586
              ],
              "site": 32,
              "valtype": "modrate"
            }
          },
          "valtype": "modrate"
        },
        {
          "diagnostics": {
            "chisq": 3.109817605599102e-08,
            "covariance": {
              "matrix": [
                [
                  0.04696715478413245,
                  0.006531167257730427,
                  -0.020125143497146412
                ],
                [
                  0.006531167257730427,
                  0.27331121385557466,
                  -0.03011255307656217
                ],
                [
                  -0.020125143497146412,
                  -0.03011255307656217,
                  0.01356203915953136
                ]
              ],
              "params": [
                "log_kappa",
                "log_kdeg",
                "log_fmod_0"
              ]
            },
            "ndata": 7,
            "nfree": 4,
            "r2": 0.842337202062167,
            "reduced_chisq": 7.774544013997754e-09,
            "status": "completed",
            "success": true,
            "time_max": 300.0,
            "time_min": 0.0
          },
          "nt_id": 112,
          "params": {
            "fmod0": 0.0007105291174404691,
            "kdeg": 0.021350924878350427,
            "kobs": 0.0004374660838874982,
            "log_fmod0": -7.249500629647604,
            "log_fmod0_err": 0.11645616840481812,
            "log_kdeg": -3.8466602204167204,
            "log_kdeg_err": 0.5227917499880566,
            "log_kobs": -7.734511377714494,
            "log_kobs_err": 0.21671906880598313,
            "metadata": {
              "base": "G",
              "fmod_run_ids": [
                580,
                581,
                582,
                583,
                584,
                585,
                586
              ],
              "site": 33,
              "valtype": "modrate"
            }
          },
          "valtype": "modrate"
        },
        {
          "diagnostics": {
            "chisq": 1.1325499235449381e-07,
            "covariance": {
              "matrix": [
                [
                  0.06176526244750713,
                  0.007207694078025589,
                  -0.04903519423553212
                ],
                [
                  0.007207694078025589,
                  0.3664926215494683,
                  -0.07616883823782471
                ],
                [
                  -0.04903519423553212,
                  -0.07616883823782471,
                  0.06278596834993382
                ]
              ],
              "params": [
                "log_kappa",
                "log_kdeg",
                "log_fmod_0"
              ]
            },
            "ndata": 7,
            "nfree": 4,
            "r2": 0.8023631744144557,
            "reduced_chisq": 2.8313748088623453e-08,
            "status": "completed",
            "success": true,
            "time_max": 300.0,
            "time_min": 0.0
          },
          "nt_id": 113,
          "params": {
            "fmod0": 0.0006270827518097416,
            "kdeg": 0.02035943137588436,
            "kobs": 0.0007270943150106784,
            "log_fmod0": -7.374432045482219,
            "log_fmod0_err": 0.2505712839691209,
            "log_kdeg": -3.8942110161827324,
            "log_kdeg_err": 0.6053863407357886,
            "log_kobs": -7.226454357056092,
            "log_kobs_err": 0.24852618060781267,
            "metadata": {
              "base": "G",
              "fmod_run_ids": [
                580,
                581,
                582,
                583,
                584,
                585,
                586
              ],
              "site": 34,
              "valtype": "modrate"
            }
          },
          "valtype": "modrate"
        },
        {
          "diagnostics": {
            "chisq": 1.5474067982819056e-06,
            "covariance": {
              "matrix": [
                [
                  0.0006834146237559109,
                  0.00010599148363910567,
                  -0.005755890057963387
                ],
                [
                  0.00010599148363910567,
                  0.00378169275120873,
                  -0.007944290504771306
                ],
                [
                  -0.005755890057963387,
                  -0.007944290504771306,
                  0.07335832935369313
                ]
              ],
              "params": [
                "log_kappa",
                "log_kdeg",
                "log_fmod_0"
              ]
            },
            "ndata": 7,
            "nfree": 4,
            "r2": 0.997360297121228,
            "reduced_chisq": 3.868516995704764e-07,
            "status": "completed",
            "success": true,
            "time_max": 300.0,
            "time_min": 0.0
          },
          "nt_id": 114,
          "params": {
            "fmod0": 0.0021756620040022253,
            "kdeg": 0.023146977373306284,
            "kobs": 0.02636648491185564,
            "log_fmod0": -6.130422291096341,
            "log_fmod0_err": 0.27084742818364205,
            "log_kdeg": -3.7658910740023166,
            "log_kdeg_err": 0.061495469355138103,
            "log_kobs": -3.6356615862560626,
            "log_kobs_err": 0.026142200055770188,
            "metadata": {
              "base": "A",
              "fmod_run_ids": [
                580,
                581,
                582,
                583,
                584,
                585,
                586
              ],
              "site": 35,
              "valtype": "modrate"
            }
          },
          "valtype": "modrate"
        },
        {
          "diagnostics": {
            "chisq": 5.3300088349369746e-08,
            "covariance": {
              "matrix": [
                [
                  0.032979661104775425,
                  0.004121854302668324,
                  -0.02134688024581396
                ],
                [
                  0.004121854302668324,
                  0.19430636238506024,
                  -0.03272405997701778
                ],
                [
                  -0.02134688024581396,
                  -0.03272405997701778,
                  0.02208393401360634
                ]
              ],
              "params": [
                "log_kappa",
                "log_kdeg",
                "log_fmod_0"
              ]
            },
            "ndata": 7,
            "nfree": 4,
            "r2": 0.8837962833417566,
            "reduced_chisq": 1.3325022087342437e-08,
            "status": "completed",
            "success": true,
            "time_max": 300.0,
            "time_min": 0.0
          },
          "nt_id": 115,
          "params": {
            "fmod0": 0.0007266342618864304,
            "kdeg": 0.020692175416054073,
            "kobs": 0.0006829301209459774,
            "log_fmod0": -7.227087285577849,
            "log_fmod0_err": 0.14860664188927203,
            "log_kdeg": -3.8779996493949698,
            "log_kdeg_err": 0.4408019536992324,
            "log_kobs": -7.289118015566247,
            "log_kobs_err": 0.18160303165083844,
            "metadata": {
              "base": "G",
              "fmod_run_ids": [
                580,
                581,
                582,
                583,
                584,
                585,
                586
              ],
              "site": 36,
              "valtype": "modrate"
            }
          },
          "valtype": "modrate"
        },
        {
          "diagnostics": {
            "chisq": 4.884077282426844e-07,
            "covariance": {
              "matrix": [
                [
                  0.0001284562751908214,
                  1.5505927146707777e-05,
                  -0.0039958154772838945
                ],
                [
                  1.5505927146707777e-05,
                  0.0007278264006701058,
                  -0.005869833265361226
                ],
                [
                  -0.0039958154772838945,
                  -0.005869833265361226,
                  0.19602661150304357
                ]
              ],
              "params": [
                "log_kappa",
                "log_kdeg",
                "log_fmod_0"
              ]
            },
            "ndata": 7,
            "nfree": 4,
            "r2": 0.9995061150818058,
            "reduced_chisq": 1.221019320606711e-07,
            "status": "completed",
            "success": true,
            "time_max": 300.0,
            "time_min": 0.0
          },
          "nt_id": 116,
          "params": {
            "fmod0": 0.0007411930050783283,
            "kdeg": 0.021077481187723453,
            "kobs": 0.034342496781046554,
            "log_fmod0": -7.207249500890736,
            "log_fmod0_err": 0.44274892603262583,
            "log_kdeg": -3.859550050696678,
            "log_kdeg_err": 0.026978257925042267,
            "log_kobs": -3.3713717184958187,
            "log_kobs_err": 0.011333855266008183,
            "metadata": {
              "base": "C",
              "fmod_run_ids": [
                580,
                581,
                582,
                583,
                584,
                585,
                586
              ],
              "site": 37,
              "valtype": "modrate"
            }
          },
          "valtype": "modrate"
        },
        {
          "diagnostics": {
            "chisq": 1.5734375131318417e-08,
            "covariance": {
              "matrix": [
                [
                  0.012329291057976923,
                  0.00215806488534662,
                  -0.006134400133659568
                ],
                [
                  0.00215806488534662,
                  0.06913640646021983,
                  -0.008415764759161271
                ],
                [
                  -0.006134400133659568,
                  -0.008415764759161271,
                  0.004558004442057813
                ]
              ],
              "params": [
                "log_kappa",
                "log_kdeg",
                "log_fmod_0"
              ]
            },
            "ndata": 7,
            "nfree": 4,
            "r2": 0.9532709210848904,
            "reduced_chisq": 3.933593782829604e-09,
            "status": "completed",
            "success": true,
            "time_max": 300.0,
            "time_min": 0.0
          },
