{
  "artifacts": {},
  "engine": "python_baseline",
  "engine_version": "0.1.0",
  "metadata": {
    "buffer_pH": 6.4,
    "done_by": [
      "EKC"
    ],
    "experiment_id": "ekc.01.0xx",
    "fmod_run_id": 885,
    "initial_kdeg": 0.046628528165773286,
    "initial_kdeg_source": "arrhenius:nmr:deg:dms:Schwalbe_bistris",
    "initial_log_kdeg": -3.065542732765291,
    "notes": "Baseline python engine demo using examples/nerd.sqlite",
    "outlier_specs": [
      "105:071-HIV-UUCG-ES-80c-a-6-m:34_G:GAmodrate",
      "105:041-HIV-UUCG-ES-80c-a-5-p:34_G:GAmodrate",
      "105:042-HIV-UUCG-ES-80c-a-6-p:34_G:modrate"
    ],
    "outliers_applied": 3,
    "rg_id": 105,
    "rg_label": "80_1_13",
    "rounds_requested": [
      "round1_free",
      "round2_global",
      "round3_constrained"
    ],
    "rt_protocol": [
      "MRT"
    ],
    "selected_site_bases": [
      "17_G",
      "18_G",
      "19_C",
      "1_U",
      "20_A",
      "21_G",
      "22_A",
      "23_U",
      "24_C",
      "25_U",
      "26_G",
      "27_A",
      "28_G",
      "29_C",
      "2_A",
      "30_C",
      "33_G",
      "34_G",
      "35_A",
      "36_G",
      "37_C",
      "38_U",
      "39_C",
      "3_A",
      "40_U",
      "41_C",
      "42_U",
      "43_G",
      "44_C",
      "45_C",
      "51_U",
      "52_U",
      "53_C",
      "54_G",
      "61_A",
      "62_A"
    ],
    "temperature_c": 80.0,
    "valtypes": [
      "modrate",
      "GAmodrate"
    ]
  },
  "rounds": [
    {
      "global_params": {},
      "notes": null,
      "per_nt": [
        {
          "diagnostics": {
            "reason": "Non-zero fmod values are required for a fit.",
            "status": "failed"
          },
          "nt_id": 167,
          "params": {},
          "valtype": "modrate"
        },
        {
          "diagnostics": {
            "reason": "Non-zero fmod values are required for a fit.",
            "status": "failed"
          },
          "nt_id": 168,
          "params": {},
          "valtype": "modrate"
        },
        {
          "diagnostics": {
            "reason": "Non-zero fmod values are required for a fit.",
            "status": "failed"
          },
          "nt_id": 169,
          "params": {},
          "valtype": "modrate"
        },
        {
          "diagnostics": {
            "reason": "Non-zero fmod values are required for a fit.",
            "status": "failed"
          },
          "nt_id": 170,
          "params": {},
          "valtype": "modrate"
        },
        {
          "diagnostics": {
            "chisq": 7.68976946598572e-09,
            "covariance": {
              "matrix": [
                [
                  0.016166251572711666,
                  0.002989246233190463,
                  -0.009982974380189568
                ],
                [
                  0.002989246233190463,
                  0.0916473862367342,
                  -0.009200600878844528
                ],
                [
                  -0.009982974380189568,
                  -0.009200600878844528,
                  0.007904407776021223
                ]
              ],
              "params": [
                "log_kappa",
                "log_kdeg",
                "log_fmod_0"
              ]
            },
            "ndata": 7,
            "nfree": 4,
            "r2": 0.9396244938513392,
            "reduced_chisq": 1.92244236649643e-09,
            "status": "completed",
            "success": true,
            "time_max": 135.0,
            "time_min": 0.0
          },
          "nt_id": 171,
          "params": {
            "fmod0": 0.0004895294043130865,
            "kdeg": 0.09338704693615048,
            "kobs": 0.00037999244338455564,
            "log_fmod0": -7.622066027699609,
            "log_fmod0_err": 0.08890673639281348,
            "log_kdeg": -2.3710026271319484,
            "log_kdeg_err": 0.30273319315320246,
            "log_kobs": -7.875359191271685,
            "log_kobs_err": 0.12714657515132552,
            "metadata": {
              "base": "G",
              "fmod_run_ids": [
                884,
                885,
                886,
                887,
                888,
                889,
                890
              ],
              "site": 18,
              "valtype": "modrate"
            }
          },
          "valtype": "modrate"
        },
        {
          "diagnostics": {
            "chisq": 2.5180043633417076e-05,
            "covariance": {
              "matrix": [
                [
                  0.010451301027942323,
                  0.002722444055246647,
                  -0.18467003463456286
                ],
                [
                  0.002722444055246647,
                  0.05749415369227819,
                  -0.2137978602076822
                ],
                [
                  -0.18467003463456286,
                  -0.2137978602076822,
                  4.399333583714968
                ]
              ],
              "params": [
                "log_kappa",
                "log_kdeg",
                "log_fmod_0"
              ]
            },
            "ndata": 7,
            "nfree": 4,
            "r2": 0.9614401110781198,
            "reduced_chisq": 6.295010908354269e-06,
            "status": "completed",
            "success": true,
            "time_max": 135.0,
            "time_min": 0.0
          },
          "nt_id": 172,
          "params": {
            "fmod0": 0.001173590914018732,
            "kdeg": 0.06739737959809744,
            "kobs": 0.02753344983520284,
            "log_fmod0": -6.747687073139967,
            "log_fmod0_err": 2.0974588395758733,
            "log_kdeg": -2.697149140186166,
            "log_kdeg_err": 0.2397793854614658,
            "log_kobs": -3.5923536558294997,
            "log_kobs_err": 0.10223160483892603,
            "metadata": {
              "base": "C",
              "fmod_run_ids": [
                884,
                885,
                886,
                887,
                888,
                889,
                890
              ],
              "site": 19,
              "valtype": "modrate"
            }
          },
          "valtype": "modrate"
        },
        {
          "diagnostics": {
            "chisq": 2.1169473330945383e-06,
            "covariance": {
              "matrix": [
                [
                  0.0023287629608284427,
                  0.0005971267814286329,
                  -0.06681177157576233
                ],
                [
                  0.0005971267814286329,
                  0.013780587397105864,
                  -0.09132769027288956
                ],
                [
                  -0.06681177157576233,
                  -0.09132769027288956,
                  2.738340324669509
                ]
              ],
              "params": [
                "log_kappa",
                "log_kdeg",
                "log_fmod_0"
              ]
            },
            "ndata": 7,
            "nfree": 4,
            "r2": 0.9910306995845956,
            "reduced_chisq": 5.292368332736346e-07,
            "status": "completed",
            "success": true,
            "time_max": 135.0,
            "time_min": 0.0
          },
          "nt_id": 173,
          "params": {
            "fmod0": 0.00042543616166886564,
            "kdeg": 0.055158907865202486,
            "kobs": 0.016550442240865305,
            "log_fmod0": -7.762395652537187,
            "log_fmod0_err": 1.6547931365187338,
            "log_kdeg": -2.897537025651116,
            "log_kdeg_err": 0.11739074664174287,
            "log_kobs": -4.101342456013643,
            "log_kobs_err": 0.048257258115525406,
            "metadata": {
              "base": "A",
              "fmod_run_ids": [
                884,
                885,
                886,
                887,
                888,
                889,
                890
              ],
              "site": 20,
              "valtype": "modrate"
            }
          },
          "valtype": "modrate"
        },
        {
          "diagnostics": {
            "chisq": 1.2575614266012327e-08,
            "covariance": {
              "matrix": [
                [
                  0.019214822937947518,
                  -0.02162989955994462,
                  -0.006550275445170096
                ],
                [
                  -0.02162989955994462,
                  0.16956935057977146,
                  -0.02418078678952197
                ],
                [
                  -0.006550275445170096,
                  -0.02418078678952197,
                  0.011185806043796424
                ]
              ],
              "params": [
                "log_kappa",
                "log_kdeg",
                "log_fmod_0"
              ]
            },
            "ndata": 7,
            "nfree": 4,
            "r2": 0.9382655158919794,
            "reduced_chisq": 3.143903566503082e-09,
            "status": "completed",
            "success": true,
            "time_max": 135.0,
            "time_min": 0.0
          },
          "nt_id": 174,
          "params": {
            "fmod0": 0.0004628262137255925,
            "kdeg": 0.024267621067930397,
            "kobs": 0.0004774379463042866,
            "log_fmod0": -7.678158922663709,
            "log_fmod0_err": 0.10576297104278239,
            "log_kdeg": -3.7186122834985933,
            "log_kdeg_err": 0.4117879922724453,
            "log_kobs": -7.647076361872115,
            "log_kobs_err": 0.13861754195608691,
            "metadata": {
              "base": "G",
              "fmod_run_ids": [
                884,
                885,
                886,
                887,
                888,
                889,
                890
              ],
              "site": 21,
              "valtype": "modrate"
            }
          },
          "valtype": "modrate"
        },
        {
          "diagnostics": {
            "chisq": 7.326041113570473e-07,
            "covariance": {
              "matrix": [
                [
                  0.0014271965290747583,
                  0.0003897641854836498,
                  -0.030576949868860046
                ],
                [
                  0.0003897641854836498,
                  0.008080349242616924,
                  -0.0376639524208706
                ],
                [
                  -0.030576949868860046,
                  -0.0376639524208706,
                  0.8970165360327993
                ]
              ],
              "params": [
                "log_kappa",
                "log_kdeg",
                "log_fmod_0"
              ]
            },
            "ndata": 7,
            "nfree": 4,
            "r2": 0.9944711774525492,
            "reduced_chisq": 1.8315102783926183e-07,
            "status": "completed",
            "success": true,
            "time_max": 135.0,
            "time_min": 0.0
          },
          "nt_id": 175,
          "params": {
            "fmod0": 0.00044158569597447785,
            "kdeg": 0.06334651011528022,
            "kobs": 0.012475966394234915,
            "log_fmod0": -7.7251384548881425,
            "log_fmod0_err": 0.9471095691802502,
            "log_kdeg": -2.7591354626782936,
            "log_kdeg_err": 0.08989076283254539,
            "log_kobs": -4.38395117387319,
            "log_kobs_err": 0.037778254711867756,
            "metadata": {
              "base": "A",
              "fmod_run_ids": [
                884,
                885,
                886,
                887,
                888,
                889,
                890
              ],
              "site": 22,
              "valtype": "modrate"
            }
          },
          "valtype": "modrate"
        },
        {
          "diagnostics": {
            "chisq": 7.73814050259059e-07,
            "covariance": {
              "matrix": [
                [
                  0.02326667636424111,
                  0.0010373069239553564,
                  -0.04605440921501687
                ],
                [
                  0.0010373069239553564,
                  0.15466953330962108,
                  -0.03408490932375545
                ],
                [
                  -0.04605440921501687,
                  -0.03408490932375545,
                  0.1141904353487445
                ]
              ],
              "params": [
                "log_kappa",
                "log_kdeg",
                "log_fmod_0"
              ]
            },
            "ndata": 7,
            "nfree": 4,
            "r2": 0.9151275008570232,
            "reduced_chisq": 1.9345351256476476e-07,
            "status": "completed",
            "success": true,
            "time_max": 135.0,
            "time_min": 0.0
          },
          "nt_id": 176,
          "params": {
            "fmod0": 0.0012983200307695125,
            "kdeg": 0.12358295280990005,
            "kobs": 0.0031951867046972524,
            "log_fmod0": -6.646684134257165,
            "log_fmod0_err": 0.33792075306015834,
            "log_kdeg": -2.0908426657206944,
            "log_kdeg_err": 0.3932804766443677,
            "log_kobs": -5.7461097563350245,
            "log_kobs_err": 0.15253418097017177,
            "metadata": {
              "base": "U",
              "fmod_run_ids": [
                884,
                885,
                886,
                887,
                888,
                889,
                890
              ],
              "site": 23,
              "valtype": "modrate"
            }
          },
          "valtype": "modrate"
        },
        {
          "diagnostics": {
            "chisq": 3.6499319512749045e-06,
            "covariance": {
              "matrix": [
                [
                  0.002664638971986965,
                  0.0006455241718379472,
                  -0.0321524282173219
                ],
                [
                  0.0006455241718379472,
                  0.01599617296521362,
                  -0.04530504247925579
                ],
                [
                  -0.0321524282173219,
                  -0.04530504247925579,
                  0.5633074889779514
                ]
              ],
              "params": [
                "log_kappa",
                "log_kdeg",
                "log_fmod_0"
              ]
            },
            "ndata": 7,
            "nfree": 4,
            "r2": 0.9897773906700499,
            "reduced_chisq": 9.124829878187261e-07,
            "status": "completed",
            "success": true,
            "time_max": 135.0,
            "time_min": 0.0
          },
          "nt_id": 177,
          "params": {
            "fmod0": 0.0012276039847376012,
            "kdeg": 0.052838105455965116,
            "kobs": 0.020347832515167683,
            "log_fmod0": -6.702690989266319,
            "log_fmod0_err": 0.7505381329272693,
            "log_kdeg": -2.9405226543242184,
            "log_kdeg_err": 0.1264759778187685,
            "log_kobs": -3.8947808830773294,
            "log_kobs_err": 0.05162014114652308,
            "metadata": {
              "base": "C",
              "fmod_run_ids": [
                884,
                885,
                886,
                887,
                888,
                889,
                890
              ],
              "site": 24,
              "valtype": "modrate"
            }
          },
          "valtype": "modrate"
        },
        {
          "diagnostics": {
            "chisq": 3.6870986140731924e-07,
            "covariance": {
              "matrix": [
                [
                  0.03680041021520732,
                  0.005514131766266776,
                  -0.0333601259861001
                ],
                [
                  0.005514131766266776,
                  0.214510817022808,
                  -0.02890977138181125
                ],
                [
                  -0.0333601259861001,
                  -0.02890977138181125,
                  0.038475371073385
                ]
              ],
              "params": [
                "log_kappa",
                "log_kdeg",
                "log_fmod_0"
              ]
            },
            "ndata": 7,
            "nfree": 4,
            "r2": 0.8723114317592028,
            "reduced_chisq": 9.217746535182981e-08,
            "status": "completed",
            "success": true,
            "time_max": 135.0,
            "time_min": 0.0
          },
          "nt_id": 178,
          "params": {
            "fmod0": 0.001539138049557619,
            "kdeg": 0.10097152080549407,
            "kobs": 0.0017485156729925284,
            "log_fmod0": -6.476532727331106,
            "log_fmod0_err": 0.196151398346749,
            "log_kdeg": -2.2929167741253504,
            "log_kdeg_err": 0.4631531248116631,
            "log_kobs": -6.348988037822133,
            "log_kobs_err": 0.19183433012682408,
            "metadata": {
              "base": "U",
              "fmod_run_ids": [
                884,
                885,
                886,
                887,
                888,
                889,
                890
              ],
              "site": 25,
              "valtype": "modrate"
            }
          },
          "valtype": "modrate"
        },
        {
          "diagnostics": {
            "chisq": 1.641715995656663e-08,
            "covariance": {
              "matrix": [
                [
                  0.04680054143509335,
                  0.013074654848557148,
                  -0.01820016857744634
                ],
                [
                  0.013074654848557148,
                  0.2663999815857535,
                  -0.02229981407857506
                ],
                [
                  -0.01820016857744634,
                  -0.02229981407857506,
                  0.009645769484968016
                ]
              ],
              "params": [
                "log_kappa",
                "log_kdeg",
                "log_fmod_0"
              ]
            },
            "ndata": 7,
            "nfree": 4,
            "r2": 0.8441769540287695,
            "reduced_chisq": 4.104289989141658e-09,
            "status": "completed",
            "success": true,
            "time_max": 135.0,
            "time_min": 0.0
          },
          "nt_id": 179,
          "params": {
            "fmod0": 0.0006380715474311852,
            "kdeg": 0.06469981164150687,
            "kobs": 0.0003223758170254737,
            "log_fmod0": -7.357060137598007,
            "log_fmod0_err": 0.09821287840689741,
            "log_kdeg": -2.7379969887390736,
            "log_kdeg_err": 0.5161394981841183,
            "log_kobs": -8.039792559371332,
            "log_kobs_err": 0.21633432791652218,
            "metadata": {
              "base": "G",
              "fmod_run_ids": [
                884,
                885,
                886,
                887,
                888,
                889,
                890
              ],
              "site": 26,
              "valtype": "modrate"
            }
          },
          "valtype": "modrate"
        },
        {
          "diagnostics": {
            "chisq": 1.6247011504665905e-06,
            "covariance": {
              "matrix": [
                [
                  0.0012862259508564697,
                  0.00012109111934594436,
                  -0.023139743840557683
                ],
                [
                  0.00012109111934594436,
                  0.008666279345226825,
                  -0.03941389386569669
                ],
                [
                  -0.023139743840557683,
                  -0.03941389386569669,
                  0.6871415276138264
                ]
              ],
              "params": [
                "log_kappa",
                "log_kdeg",
                "log_fmod_0"
              ]
            },
            "ndata": 7,
            "nfree": 4,
            "r2": 0.994991301135551,
            "reduced_chisq": 4.061752876166476e-07,
            "status": "completed",
            "success": true,
            "time_max": 135.0,
            "time_min": 0.0
          },
          "nt_id": 180,
          "params": {
            "fmod0": 0.0007241838812331943,
            "kdeg": 0.04202903039060214,
            "kobs": 0.019304096452149748,
            "log_fmod0": -7.230465218222058,
            "log_fmod0_err": 0.8289400024210597,
            "log_kdeg": -3.1693946996910745,
            "log_kdeg_err": 0.09309285335205289,
            "log_kobs": -3.9474379541867175,
            "log_kobs_err": 0.035863992399849595,
            "metadata": {
              "base": "A",
              "fmod_run_ids": [
                884,
                885,
                886,
                887,
                888,
                889,
                890
              ],
              "site": 27,
              "valtype": "modrate"
            }
          },
          "valtype": "modrate"
        },
        {
          "diagnostics": {
            "chisq": 4.165921086420917e-08,
            "covariance": {
              "matrix": [
                [
                  0.18252089612092837,
                  -0.02994302462777292,
                  -0.05453766270415889
                ],
                [
                  -0.02994302462777292,
                  1.7975512238763425,
                  -0.031297945742633906
                ],
                [
                  -0.05453766270415889,
                  -0.031297945742633906,
                  0.02006906613835363
                ]
              ],
              "params": [
                "log_kappa",
                "log_kdeg",
                "log_fmod_0"
              ]
            },
            "ndata": 7,
            "nfree": 4,
            "r2": 0.5787184256040607,
            "reduced_chisq": 1.0414802716052293e-08,
            "status": "completed",
            "success": true,
            "time_max": 135.0,
            "time_min": 0.0
          },
          "nt_id": 181,
          "params": {
            "fmod0": 0.0007200291683635908,
            "kdeg": 0.16956602986144229,
            "kobs": 0.00026373126766620594,
            "log_fmod0": -7.236218835158648,
            "log_fmod0_err": 0.14166533146240695,
            "log_kdeg": -1.774512871314471,
            "log_kdeg_err": 1.3407278709254695,
            "log_kobs": -8.240579898762773,
            "log_kobs_err": 0.4272246436254917,
            "metadata": {
              "base": "G",
              "fmod_run_ids": [
                884,
                885,
                886,
                887,
                888,
                889,
                890
              ],
              "site": 28,
              "valtype": "modrate"
            }
          },
          "valtype": "modrate"
        },
        {
          "diagnostics": {
            "chisq": 1.9936034438846147e-06,
            "covariance": {
              "matrix": [
                [
                  0.000921902935301773,
                  0.0001557377621836629,
                  -0.014301367454485642
                ],
                [
                  0.0001557377621836629,
                  0.005883837996582529,
                  -0.022439505719533112
                ],
                [
                  -0.014301367454485642,
                  -0.022439505719533112,
                  0.34464560095971297
                ]
              ],
              "params": [
                "log_kappa",
                "log_kdeg",
                "log_fmod_0"
              ]
            },
            "ndata": 7,
            "nfree": 4,
            "r2": 0.9964400158203941,
            "reduced_chisq": 4.984008609711537e-07,
            "status": "completed",
            "success": true,
            "time_max": 135.0,
            "time_min": 0.0
          },
          "nt_id": 182,
          "params": {
            "fmod0": 0.001144621066141803,
            "kdeg": 0.04597479901786894,
            "kobs": 0.025515650695855645,
            "log_fmod0": -6.772681643351891,
            "log_fmod0_err": 0.5870652442103117,
            "log_kdeg": -3.0796618800539135,
            "log_kdeg_err": 0.0767061796505505,
            "log_kobs": -3.6684632623083107,
            "log_kobs_err": 0.030362854531512235,
            "metadata": {
              "base": "C",
              "fmod_run_ids": [
                884,
                885,
                886,
                887,
                888,
                889,
                890
              ],
              "site": 29,
              "valtype": "modrate"
            }
          },
          "valtype": "modrate"
        },
        {
          "diagnostics": {
            "chisq": 3.502376570782079e-06,
            "covariance": {
              "matrix": [
                [
                  0.0021695248659062776,
                  0.0004827351274334475,
                  -0.01913389593477647
                ],
                [
                  0.0004827351274334475,
                  0.013288789991853161,
                  -0.027973379644624173
                ],
                [
                  -0.01913389593477647,
                  -0.027973379644624173,
                  0.2501616436663711
                ]
              ],
              "params": [
                "log_kappa",
                "log_kdeg",
                "log_fmod_0"
              ]
            },
            "ndata": 7,
            "nfree": 4,
            "r2": 0.9916620448051905,
            "reduced_chisq": 8.755941426955198e-07,
            "status": "completed",
            "success": true,
            "time_max": 135.0,
            "time_min": 0.0
          },
          "nt_id": 183,
          "params": {
            "fmod0": 0.0017967651385819836,
            "kdeg": 0.050341061023430236,
            "kobs": 0.022069983794465946,
            "log_fmod0": -6.321767376115119,
            "log_fmod0_err": 0.5001616175461399,
            "log_kdeg": -2.988934212353062,
            "log_kdeg_err": 0.11527701415222881,
            "log_kobs": -3.813536792992604,
            "log_kobs_err": 0.04657815867878718,
            "metadata": {
              "base": "C",
              "fmod_run_ids": [
                884,
                885,
                886,
                887,
                888,
                889,
                890
              ],
              "site": 30,
              "valtype": "modrate"
            }
          },
          "valtype": "modrate"
        },
        {
          "diagnostics": {
            "chisq": 3.7753208725325085e-07,
            "covariance": {
              "matrix": [
                [
                  0.025982075154930097,
                  0.002501577228217872,
                  -0.03221812085241591
                ],
                [
                  0.002501577228217872,
                  0.160815712744926,
                  -0.025671163607211934
                ],
                [
                  -0.03221812085241591,
                  -0.025671163607211934,
                  0.050372521956539774
                ]
              ],
              "params": [
                "log_kappa",
                "log_kdeg",
                "log_fmod_0"
              ]
            },
            "ndata": 7,
            "nfree": 4,
            "r2": 0.9061612429774183,
            "reduced_chisq": 9.438302181331271e-08,
            "status": "completed",
            "success": true,
            "time_max": 135.0,
            "time_min": 0.0
          },
          "nt_id": 184,
          "params": {
            "fmod0": 0.0013637316000732435,
            "kdeg": 0.1125304938932406,
            "kobs": 0.0021086950705914574,
            "log_fmod0": -6.597530513063289,
            "log_fmod0_err": 0.2244382363959844,
            "log_kdeg": -2.184531037238122,
            "log_kdeg_err": 0.40101834464887764,
            "log_kobs": -6.1616859727698765,
            "log_kobs_err": 0.16118956279775096,
            "metadata": {
              "base": "U",
              "fmod_run_ids": [
                884,
                885,
                886,
                887,
                888,
                889,
                890
              ],
              "site": 51,
              "valtype": "modrate"
            }
          },
          "valtype": "modrate"
        },
        {
          "diagnostics": {
            "chisq": 8.791555305772022e-07,
            "covariance": {
              "matrix": [
                [
                  0.03466622844658451,
                  -0.00251138359593684,
                  -0.04873465286608148
                ],
                [
                  -0.00251138359593684,
                  0.2827068208331654,
                  -0.031051269580143048
                ],
                [
                  -0.04873465286608148,
                  -0.031051269580143048,
                  0.08489688977599115
                ]
              ],
              "params": [
                "log_kappa",
                "log_kdeg",
                "log_fmod_0"
              ]
            },
            "ndata": 7,
            "nfree": 4,
            "r2": 0.8785816138981678,
            "reduced_chisq": 2.1978888264430054e-07,
            "status": "completed",
            "success": true,
            "time_max": 135.0,
            "time_min": 0.0
          },
          "nt_id": 185,
          "params": {
            "fmod0": 0.001607390791447809,
            "kdeg": 0.14919791579844144,
            "kobs": 0.0027887415707637912,
            "log_fmod0": -6.433143041051258,
            "log_fmod0_err": 0.2913707085072059,
            "log_kdeg": -1.9024815604893934,
            "log_kdeg_err": 0.5317018157136247,
            "log_kobs": -5.882164834807921,
            "log_kobs_err": 0.18618869043683753,
            "metadata": {
              "base": "U",
              "fmod_run_ids": [
                884,
                885,
                886,
                887,
                888,
                889,
                890
              ],
              "site": 52,
              "valtype": "modrate"
            }
          },
          "valtype": "modrate"
        },
        {
          "diagnostics": {
            "chisq": 3.4259628214337364e-07,
            "covariance": {
              "matrix": [
                [
                  0.00017849501519131162,
                  3.2642520291213796e-05,
                  -0.0018881233682548873
                ],
                [
                  3.2642520291213796e-05,
                  0.0011294798207473803,
                  -0.0029184027594794095
                ],
                [
                  -0.0018881233682548873,
                  -0.0029184027594794095,
                  0.030684274139492707
                ]
              ],
              "params": [
                "log_kappa",
                "log_kdeg",
                "log_fmod_0"
              ]
            },
            "ndata": 7,
            "nfree": 4,
            "r2": 0.9993082546968947,
            "reduced_chisq": 8.564907053584341e-08,
            "status": "completed",
            "success": true,
            "time_max": 135.0,
            "time_min": 0.0
          },
          "nt_id": 186,
          "params": {
            "fmod0": 0.00159344289888817,
            "kdeg": 0.04689304987978904,
            "kobs": 0.02402374943332569,
            "log_fmod0": -6.4418582585185105,
            "log_fmod0_err": 0.1751692728177311,
            "log_kdeg": -3.0598858047075512,
            "log_kdeg_err": 0.03360773453756412,
            "log_kobs": -3.7287123782037472,
            "log_kobs_err": 0.01336020266280836,
            "metadata": {
              "base": "C",
              "fmod_run_ids": [
                884,
                885,
                886,
                887,
                888,
                889,
                890
              ],
              "site": 53,
              "valtype": "modrate"
            }
          },
          "valtype": "modrate"
        },
        {
          "diagnostics": {
            "chisq": 1.741552726497167e-08,
            "covariance": {
              "matrix": [
                [
                  0.147557270690208,
                  -0.0036107030586200106,
                  -0.04140100576129954
                ],
                [
                  -0.0036107030586200106,
                  1.1044871430674859,
                  -0.028016299642750937
                ],
                [
                  -0.04140100576129954,
                  -0.028016299642750937,
                  0.01444921853242298
                ]
              ],
              "params": [
                "log_kappa",
                "log_kdeg",
                "log_fmod_0"
              ]
            },
            "ndata": 7,
            "nfree": 4,
            "r2": 0.6288838362736333,
            "reduced_chisq": 4.353881816242917e-09,
            "status": "completed",
            "success": true,
            "time_max": 135.0,
            "time_min": 0.0
          },
          "nt_id": 187,
          "params": {
            "fmod0": 0.0005481267484423838,
            "kdeg": 0.13894606475644564,
            "kobs": 0.00018977804612634123,
            "log_fmod0": -7.509004004982237,
            "log_fmod0_err": 0.12020490228115899,
            "log_kdeg": -1.9736694444869025,
            "log_kdeg_err": 1.0509458326038912,
            "log_kobs": -8.5696553469383,
            "log_kobs_err": 0.3841318402452574,
            "metadata": {
              "base": "G",
              "fmod_run_ids": [
                884,
                885,
                886,
                887,
                888,
                889,
                890
              ],
              "site": 54,
              "valtype": "modrate"
            }
          },
          "valtype": "modrate"
        },
        {
          "diagnostics": {
            "chisq": 1.1734220951451296e-08,
            "covariance": {
              "matrix": [
                [
                  624.0056767048396,
                  -663.5096051056139,
                  0.7997494672749458
                ],
                [
                  -663.5096051056139,
                  705.7216656228123,
                  -0.8651756680062752
                ],
                [
                  0.7997494672749458,
                  -0.8651756680062752,
                  0.00280939609052032
                ]
              ],
              "params": [
                "log_kappa",
                "log_kdeg",
                "log_fmod_0"
              ]
            },
            "ndata": 7,
            "nfree": 4,
            "r2": 0.5770450317184039,
            "reduced_chisq": 2.933555237862824e-09,
            "status": "completed",
            "success": true,
            "time_max": 135.0,
            "time_min": 0.0
          },
          "nt_id": 188,
          "params": {
            "fmod0": 0.0007586663250063626,
            "kdeg": 0.0009153935304437531,
            "kobs": 0.0011599019352211675,
            "log_fmod0": -7.183948501729371,
            "log_fmod0_err": 0.053003736571305235,
            "log_kdeg": -6.996156497233381,
            "log_kdeg_err": 26.56542236861316,
            "log_kobs": -6.759419816039895,
            "log_kobs_err": 24.980105618368384,
            "metadata": {
              "base": "G",
              "fmod_run_ids": [
                884,
                885,
                886,
                887,
                888,
                889,
                890
              ],
              "site": 33,
              "valtype": "modrate"
            }
          },
          "valtype": "modrate"
        },
        {
          "diagnostics": {
            "chisq": 1.962559509378289e-09,
            "covariance": {
              "matrix": [
                [
                  0.013068423126761545,
                  -0.0005180298737359361,
                  -0.0045424526304265475
                ],
                [
                  -0.0005180298737359361,
                  0.07864682001319298,
                  -0.003926829711129451
                ],
                [
                  -0.0045424526304265475,
                  -0.003926829711129451,
                  0.0021562743286768498
                ]
              ],
              "params": [
                "log_kappa",
                "log_kdeg",
                "log_fmod_0"
              ]
            },
            "ndata": 6,
            "nfree": 3,
            "r2": 0.9622895337613897,
            "reduced_chisq": 6.541865031260963e-10,
            "status": "completed",
            "success": true,
            "time_max": 110.0,
            "time_min": 0.0
          },
          "nt_id": 189,
          "params": {
            "fmod0": 0.0005481458367944415,
            "kdeg": 0.10436480588660708,
            "kobs": 0.00025482060215670487,
            "log_fmod0": -7.508969180884076,
            "log_fmod0_err": 0.046435701014164193,
            "log_kdeg": -2.2598627687332296,
            "log_kdeg_err": 0.28044040367463635,
            "log_kobs": -8.274950781346941,
            "log_kobs_err": 0.11431720398418405,
            "metadata": {
              "base": "G",
              "fmod_run_ids": [
                884,
                885,
                886,
                887,
                888,
                890
              ],
              "site": 34,
              "valtype": "modrate"
            }
          },
          "valtype": "modrate"
        },
        {
          "diagnostics": {
            "chisq": 1.0433852200709377e-06,
            "covariance": {
              "matrix": [
                [
                  0.0012573767821899761,
                  0.0003141531641633655,
                  -0.02338647401835909
                ],
                [
                  0.0003141531641633655,
                  0.007527198801442125,
                  -0.03264987146946059
                ],
                [
                  -0.02338647401835909,
                  -0.03264987146946059,
                  0.6275617078696548
                ]
              ],
              "params": [
                "log_kappa",
                "log_kdeg",
                "log_fmod_0"
              ]
            },
            "ndata": 7,
            "nfree": 4,
            "r2": 0.9951295675869676,
            "reduced_chisq": 2.6084630501773443e-07,
            "status": "completed",
            "success": true,
            "time_max": 135.0,
            "time_min": 0.0
          },
          "nt_id": 190,
          "params": {
            "fmod0": 0.0006226382509032174,
            "kdeg": 0.05374020708740145,
            "kobs": 0.015776585557315613,
            "log_fmod0": -7.381544864479336,
            "log_fmod0_err": 0.7921879245921732,
            "log_kdeg": -2.923593822296421,
            "log_kdeg_err": 0.08675943061962846,
            "log_kobs": -4.149228364840872,
            "log_kobs_err": 0.03545950905173358,
            "metadata": {
              "base": "A",
              "fmod_run_ids": [
                884,
                885,
                886,
                887,
                888,
                889,
                890
              ],
              "site": 35,
              "valtype": "modrate"
            }
          },
          "valtype": "modrate"
        },
        {
          "diagnostics": {
            "chisq": 2.161076115037237e-08,
            "covariance": {
