{
  "artifacts": {},
  "engine": "python_baseline",
  "engine_version": "0.1.0",
  "metadata": {
    "buffer_pH": 6.5,
    "done_by": [
      "EKC"
    ],
    "experiment_id": "ekc.01.0xx",
    "fmod_run_id": 690,
    "initial_kdeg": 0.019705462789320123,
    "initial_kdeg_source": "arrhenius:nmr:deg:dms:Schwalbe_bistris",
    "initial_log_kdeg": -3.926859382728182,
    "notes": "Baseline python engine demo using examples/nerd.sqlite",
    "rg_id": 27,
    "rg_label": "70_2_A8C",
    "rounds_requested": [
      "round1_free",
      "round2_global",
      "round3_constrained"
    ],
    "rt_protocol": [
      "MRT"
    ],
    "selected_site_bases": [
      "10_U",
      "11_U",
      "12_U",
      "13_U",
      "14_G",
      "15_A",
      "16_A",
      "17_U",
      "18_A",
      "19_G",
      "1_A",
      "20_U",
      "21_G",
      "22_A",
      "23_U",
      "24_U",
      "25_C",
      "26_A",
      "27_G",
      "28_G",
      "29_A",
      "2_G",
      "30_G",
      "31_G",
      "32_U",
      "33_U",
      "34_A",
      "35_A",
      "36_U",
      "3_G",
      "4_U",
      "5_U",
      "61_G",
      "62_G",
      "6_G",
      "7_A",
      "8_C",
      "9_C"
    ],
    "temperature_c": 70.0,
    "valtypes": [
      "modrate",
      "GAmodrate"
    ]
  },
  "rounds": [
    {
      "global_params": {},
      "notes": null,
      "per_nt": [
        {
          "diagnostics": {
            "reason": "Non-zero fmod values are required for a fit.",
            "status": "failed"
          },
          "nt_id": 470,
          "params": {},
          "valtype": "modrate"
        },
        {
          "diagnostics": {
            "reason": "Non-zero fmod values are required for a fit.",
            "status": "failed"
          },
          "nt_id": 471,
          "params": {},
          "valtype": "modrate"
        },
        {
          "diagnostics": {
            "reason": "Non-zero fmod values are required for a fit.",
            "status": "failed"
          },
          "nt_id": 472,
          "params": {},
          "valtype": "modrate"
        },
        {
          "diagnostics": {
            "reason": "Non-zero fmod values are required for a fit.",
            "status": "failed"
          },
          "nt_id": 473,
          "params": {},
          "valtype": "modrate"
        },
        {
          "diagnostics": {
            "chisq": 6.279584278263876e-07,
            "covariance": {
              "matrix": [
                [
                  0.08108823650940573,
                  -0.020060697453468196,
                  -0.16274134845941512
                ],
                [
                  -0.020060697453468196,
                  1.0658402780454759,
                  -0.0832476800698778
                ],
                [
                  -0.16274134845941512,
                  -0.0832476800698778,
                  0.39784021048483903
                ]
              ],
              "params": [
                "log_kappa",
                "log_kdeg",
                "log_fmod_0"
              ]
            },
            "ndata": 7,
            "nfree": 4,
            "r2": 0.7562166650370085,
            "reduced_chisq": 1.569896069565969e-07,
            "status": "completed",
            "success": true,
            "time_max": 300.0,
            "time_min": 0.0
          },
          "nt_id": 474,
          "params": {
            "fmod0": 0.0006280902066306194,
            "kdeg": 0.09803052816691464,
            "kobs": 0.001533252495834745,
            "log_fmod0": -7.372826760679915,
            "log_fmod0_err": 0.6307457574053423,
            "log_kdeg": -2.322476336914033,
            "log_kdeg_err": 1.0323954077994903,
            "log_kobs": -6.480363985652726,
            "log_kobs_err": 0.28475996296777,
            "metadata": {
              "base": "U",
              "fmod_run_ids": [
                685,
                686,
                687,
                688,
                689,
                690,
                691
              ],
              "site": 5,
              "valtype": "modrate"
            }
          },
          "valtype": "modrate"
        },
        {
          "diagnostics": {
            "chisq": 2.4676018483318783e-06,
            "covariance": {
              "matrix": [
                [
                  0.18332140509065065,
                  -0.016808926538078365,
                  -1.0899632199725535
                ],
                [
                  -0.016808926538078365,
                  1.6959014755024473,
                  -0.6854807499534896
                ],
                [
                  -1.0899632199725535,
                  -0.6854807499534896,
                  7.9867611168606585
                ]
              ],
              "params": [
                "log_kappa",
                "log_kdeg",
                "log_fmod_0"
              ]
            },
            "ndata": 7,
            "nfree": 4,
            "r2": 0.5776382457039922,
            "reduced_chisq": 6.169004620829696e-07,
            "status": "completed",
            "success": true,
            "time_max": 300.0,
            "time_min": 0.0
          },
          "nt_id": 475,
          "params": {
            "fmod0": 0.0002777449962562655,
            "kdeg": 0.07858758887063814,
            "kobs": 0.0020252258727160915,
            "log_fmod0": -8.188807144885784,
            "log_fmod0_err": 2.826085829705223,
            "log_kdeg": -2.543541494424058,
            "log_kdeg_err": 1.3022678201900126,
            "log_kobs": -6.20207404256197,
            "log_kobs_err": 0.42816048987575983,
            "metadata": {
              "base": "G",
              "fmod_run_ids": [
                685,
                686,
                687,
                688,
                689,
                690,
                691
              ],
              "site": 6,
              "valtype": "modrate"
            }
          },
          "valtype": "modrate"
        },
        {
          "diagnostics": {
            "chisq": 1.2075199903089942e-05,
            "covariance": {
              "matrix": [
                [
                  0.005195756076864329,
                  0.0008732049461391101,
                  -0.09160505691503629
                ],
                [
                  0.0008732049461391101,
                  0.02835206935798762,
                  -0.10054241683493848
                ],
                [
                  -0.09160505691503629,
                  -0.10054241683493848,
                  2.2015983200319655
                ]
              ],
              "params": [
                "log_kappa",
                "log_kdeg",
                "log_fmod_0"
              ]
            },
            "ndata": 7,
            "nfree": 4,
            "r2": 0.9802944668625636,
            "reduced_chisq": 3.0187999757724854e-06,
            "status": "completed",
            "success": true,
            "time_max": 300.0,
            "time_min": 0.0
          },
          "nt_id": 476,
          "params": {
            "fmod0": 0.0011439579865083918,
            "kdeg": 0.03390314342709461,
            "kobs": 0.027077508857032605,
            "log_fmod0": -6.77326111177899,
            "log_fmod0_err": 1.483778393167917,
            "log_kdeg": -3.384247542431597,
            "log_kdeg_err": 0.16838072739475743,
            "log_kobs": -3.609051827155087,
            "log_kobs_err": 0.07208159319038619,
            "metadata": {
              "base": "A",
              "fmod_run_ids": [
                685,
                686,
                687,
                688,
                689,
                690,
                691
              ],
              "site": 7,
              "valtype": "modrate"
            }
          },
          "valtype": "modrate"
        },
        {
          "diagnostics": {
            "chisq": 9.206467461514148e-05,
            "covariance": {
              "matrix": [
                [
                  0.008895709185566345,
                  0.0002809156035010941,
                  -0.028642005659271757
                ],
                [
                  0.0002809156035010941,
                  0.058724940343469,
                  -0.022243239625522482
                ],
                [
                  -0.028642005659271757,
                  -0.022243239625522482,
                  0.11676313385333882
                ]
              ],
              "params": [
                "log_kappa",
                "log_kdeg",
                "log_fmod_0"
              ]
            },
            "ndata": 7,
            "nfree": 4,
            "r2": 0.9675925323489797,
            "reduced_chisq": 2.301616865378537e-05,
            "status": "completed",
            "success": true,
            "time_max": 300.0,
            "time_min": 0.0
          },
          "nt_id": 477,
          "params": {
            "fmod0": 0.013994345052657517,
            "kdeg": 0.0566354721925036,
            "kobs": 0.05953002377805391,
            "log_fmod0": -4.269101955776656,
            "log_fmod0_err": 0.3417062098548091,
            "log_kdeg": -2.871119772896156,
            "log_kdeg_err": 0.24233229323280256,
            "log_kobs": -2.821274492387153,
            "log_kobs_err": 0.09431706730791806,
            "metadata": {
              "base": "C",
              "fmod_run_ids": [
                685,
                686,
                687,
                688,
                689,
                690,
                691
              ],
              "site": 8,
              "valtype": "modrate"
            }
          },
          "valtype": "modrate"
        },
        {
          "diagnostics": {
            "chisq": 2.4898465553031677e-05,
            "covariance": {
              "matrix": [
                [
                  0.012995274624552433,
                  0.002016675353185097,
                  -0.13696667476771582
                ],
                [
                  0.002016675353185097,
                  0.07268842028599098,
                  -0.1425175908612141
                ],
                [
                  -0.13696667476771582,
                  -0.1425175908612141,
                  1.932617467881263
                ]
              ],
              "params": [
                "log_kappa",
                "log_kdeg",
                "log_fmod_0"
              ]
            },
            "ndata": 7,
            "nfree": 4,
            "r2": 0.9519597783538558,
            "reduced_chisq": 6.224616388257919e-06,
            "status": "completed",
            "success": true,
            "time_max": 300.0,
            "time_min": 0.0
          },
          "nt_id": 478,
          "params": {
            "fmod0": 0.001763548153869755,
            "kdeg": 0.03752512005421901,
            "kobs": 0.024584773723096916,
            "log_fmod0": -6.3404275028091055,
            "log_fmod0_err": 1.3901861270640212,
            "log_kdeg": -3.282744702154764,
            "log_kdeg_err": 0.26960790100809545,
            "log_kobs": -3.705627982020793,
            "log_kobs_err": 0.11399681848434383,
            "metadata": {
              "base": "C",
              "fmod_run_ids": [
                685,
                686,
                687,
                688,
                689,
                690,
                691
              ],
              "site": 9,
              "valtype": "modrate"
            }
          },
          "valtype": "modrate"
        },
        {
          "diagnostics": {
            "chisq": 1.1907814682345713e-08,
            "covariance": {
              "matrix": [
                [
                  0.014959380139476496,
                  -0.00041600665605906256,
                  -0.008647713300377185
                ],
                [
                  -0.00041600665605906256,
                  0.12127986903690033,
                  -0.006034563578549492
                ],
                [
                  -0.008647713300377185,
                  -0.006034563578549492,
                  0.006213397035956329
                ]
              ],
              "params": [
                "log_kappa",
                "log_kdeg",
                "log_fmod_0"
              ]
            },
            "ndata": 7,
            "nfree": 4,
            "r2": 0.943568297953124,
            "reduced_chisq": 2.976953670586428e-09,
            "status": "completed",
            "success": true,
            "time_max": 300.0,
            "time_min": 0.0
          },
          "nt_id": 479,
          "params": {
            "fmod0": 0.0006913817208611369,
            "kdeg": 0.06983860409866015,
            "kobs": 0.0004919249437740731,
            "log_fmod0": -7.276818468689793,
            "log_fmod0_err": 0.07882510409733899,
            "log_kdeg": -2.6615683547831224,
            "log_kdeg_err": 0.34825259372601997,
            "log_kobs": -7.617184406414134,
            "log_kobs_err": 0.12230854483426944,
            "metadata": {
              "base": "U",
              "fmod_run_ids": [
                685,
                686,
                687,
                688,
                689,
                690,
                691
              ],
              "site": 10,
              "valtype": "modrate"
            }
          },
          "valtype": "modrate"
        },
        {
          "diagnostics": {
            "chisq": 2.397219110449954e-08,
            "covariance": {
              "matrix": [
                [
                  0.00784741128441729,
                  -0.00573643273312227,
                  -0.008449906479266439
                ],
                [
                  -0.00573643273312227,
                  0.28223021833896256,
                  -0.0029973874869401677
                ],
                [
                  -0.008449906479266439,
                  -0.0029973874869401677,
                  0.010968279695940858
                ]
              ],
              "params": [
                "log_kappa",
                "log_kdeg",
                "log_fmod_0"
              ]
            },
            "ndata": 7,
            "nfree": 4,
            "r2": 0.9700300194403084,
            "reduced_chisq": 5.993047776124885e-09,
            "status": "completed",
            "success": true,
            "time_max": 300.0,
            "time_min": 0.0
          },
          "nt_id": 480,
          "params": {
            "fmod0": 0.0007391592458717366,
            "kdeg": 0.14157350158621512,
            "kobs": 0.0009599713289191431,
            "log_fmod0": -7.20999717190594,
            "log_fmod0_err": 0.10472955502598519,
            "log_kdeg": -1.9549362509251569,
            "log_kdeg_err": 0.5312534407784693,
            "log_kobs": -6.948607139657607,
            "log_kobs_err": 0.08858561556154187,
            "metadata": {
              "base": "U",
              "fmod_run_ids": [
                685,
                686,
                687,
                688,
                689,
                690,
                691
              ],
              "site": 11,
              "valtype": "modrate"
            }
          },
          "valtype": "modrate"
        },
        {
          "diagnostics": {
            "chisq": 3.784715930766152e-08,
            "covariance": {
              "matrix": [
                [
                  0.0060047696751123515,
                  0.0006381291957083465,
                  -0.006904183552049955
                ],
                [
                  0.0006381291957083465,
                  0.0378481527793943,
                  -0.006257193851300817
                ],
                [
                  -0.006904183552049955,
                  -0.006257193851300817,
                  0.010226850285317494
                ]
              ],
              "params": [
                "log_kappa",
                "log_kdeg",
                "log_fmod_0"
              ]
            },
            "ndata": 7,
            "nfree": 4,
            "r2": 0.9766161599755093,
            "reduced_chisq": 9.46178982691538e-09,
            "status": "completed",
            "success": true,
            "time_max": 300.0,
            "time_min": 0.0
          },
          "nt_id": 481,
          "params": {
            "fmod0": 0.0009553033900534507,
            "kdeg": 0.04912050263880707,
            "kobs": 0.0013833406042046915,
            "log_fmod0": -6.953481582015187,
            "log_fmod0_err": 0.10112789073899195,
            "log_kdeg": -3.0134787623208688,
            "log_kdeg_err": 0.19454601712549732,
            "log_kobs": -6.583253977369869,
            "log_kobs_err": 0.07749044892831859,
            "metadata": {
              "base": "U",
              "fmod_run_ids": [
                685,
                686,
                687,
                688,
                689,
                690,
                691
              ],
              "site": 12,
              "valtype": "modrate"
            }
          },
          "valtype": "modrate"
        },
        {
          "diagnostics": {
            "chisq": 2.694793320274715e-07,
            "covariance": {
              "matrix": [
                [
                  0.03805266486941675,
                  0.00659158275322158,
                  -0.09372322337618301
                ],
                [
                  0.00659158275322158,
                  0.21440644987109733,
                  -0.10189804986770133
                ],
                [
                  -0.09372322337618301,
                  -0.10189804986770133,
                  0.3116219366174242
                ]
              ],
              "params": [
                "log_kappa",
                "log_kdeg",
                "log_fmod_0"
              ]
            },
            "ndata": 7,
            "nfree": 4,
            "r2": 0.868672851187145,
            "reduced_chisq": 6.736983300686788e-08,
            "status": "completed",
            "success": true,
            "time_max": 300.0,
            "time_min": 0.0
          },
          "nt_id": 482,
          "params": {
            "fmod0": 0.00045553473569340843,
            "kdeg": 0.035941603270461656,
            "kobs": 0.0014579006645881606,
            "log_fmod0": -7.694038585788889,
            "log_fmod0_err": 0.5582310781544003,
            "log_kdeg": -3.325859788981703,
            "log_kdeg_err": 0.46304044085921625,
            "log_kobs": -6.530757779000552,
            "log_kobs_err": 0.1950709226651085,
            "metadata": {
              "base": "U",
              "fmod_run_ids": [
                685,
                686,
                687,
                688,
                689,
                690,
                691
              ],
              "site": 13,
              "valtype": "modrate"
            }
          },
          "valtype": "modrate"
        },
        {
          "diagnostics": {
            "chisq": 4.2309941674442325e-05,
            "covariance": {
              "matrix": [
                [
                  268445634406.99835,
                  -268430488426.6042,
                  47716.26443503963
                ],
                [
                  -268430488426.6042,
                  268415343301.4945,
                  -47714.04113309744
                ],
                [
                  47716.26443503963,
                  -47714.04113309744,
                  0.5512110895724363
                ]
              ],
              "params": [
                "log_kappa",
                "log_kdeg",
                "log_fmod_0"
              ]
            },
            "ndata": 7,
            "nfree": 4,
            "r2": 0.2552887478068333,
            "reduced_chisq": 1.0577485418610581e-05,
            "status": "completed",
            "success": true,
            "time_max": 300.0,
            "time_min": 0.0
          },
          "nt_id": 483,
          "params": {
            "fmod0": 0.0024955655985527342,
            "kdeg": 5.627752493501011e-10,
            "kobs": 24003.871377605345,
            "log_fmod0": -5.99323988266288,
            "log_fmod0_err": 0.7424359161385151,
            "log_kdeg": -21.298140769355964,
            "log_kdeg_err": 518088.1617075365,
            "log_kobs": 10.085970403721666,
            "log_kobs_err": 518117.39442620374,
            "metadata": {
              "base": "G",
              "fmod_run_ids": [
                685,
                686,
                687,
                688,
                689,
                690,
                691
              ],
              "site": 14,
              "valtype": "modrate"
            }
          },
          "valtype": "modrate"
        },
        {
          "diagnostics": {
            "chisq": 4.901411263451493e-06,
            "covariance": {
              "matrix": [
                [
                  0.0017530395353485737,
                  0.00030547330392606737,
                  -0.04229813295023022
                ],
                [
                  0.00030547330392606737,
                  0.009437337225461537,
                  -0.04851011679853856
                ],
                [
                  -0.04229813295023022,
                  -0.04851011679853856,
                  1.4151000653306862
                ]
              ],
              "params": [
                "log_kappa",
                "log_kdeg",
                "log_fmod_0"
              ]
            },
            "ndata": 7,
            "nfree": 4,
            "r2": 0.9932863129260031,
            "reduced_chisq": 1.2253528158628733e-06,
            "status": "completed",
            "success": true,
            "time_max": 300.0,
            "time_min": 0.0
          },
          "nt_id": 484,
          "params": {
            "fmod0": 0.0009039847153706191,
            "kdeg": 0.03116961982593995,
            "kobs": 0.029708424778556043,
            "log_fmod0": -7.008698105490899,
            "log_fmod0_err": 1.1895797851891592,
            "log_kdeg": -3.4683113820709863,
            "log_kdeg_err": 0.0971459583588609,
            "log_kobs": -3.516324610820461,
            "log_kobs_err": 0.04186931496153924,
            "metadata": {
              "base": "A",
              "fmod_run_ids": [
                685,
                686,
                687,
                688,
                689,
                690,
                691
              ],
              "site": 15,
              "valtype": "modrate"
            }
          },
          "valtype": "modrate"
        },
        {
          "diagnostics": {
            "chisq": 2.037693461229215e-06,
            "covariance": {
              "matrix": [
                [
                  0.0011843344614124497,
                  0.0002132856007090481,
                  -0.027299086773178053
                ],
                [
                  0.0002132856007090481,
                  0.006388313107077255,
                  -0.033346512784077985
                ],
                [
                  -0.027299086773178053,
                  -0.033346512784077985,
                  0.8939991840080417
                ]
              ],
              "params": [
                "log_kappa",
                "log_kdeg",
                "log_fmod_0"
              ]
            },
            "ndata": 7,
            "nfree": 4,
            "r2": 0.9954250904465384,
            "reduced_chisq": 5.094233653073038e-07,
            "status": "completed",
            "success": true,
            "time_max": 300.0,
            "time_min": 0.0
          },
          "nt_id": 485,
          "params": {
            "fmod0": 0.0007275736801908413,
            "kdeg": 0.028175372401989168,
            "kobs": 0.023068549713060833,
            "log_fmod0": -7.225795285434119,
            "log_fmod0_err": 0.9455153007794436,
            "log_kdeg": -3.569307001681742,
            "log_kdeg_err": 0.07992692354317946,
            "log_kobs": -3.76928507339929,
            "log_kobs_err": 0.03441416076867849,
            "metadata": {
              "base": "A",
              "fmod_run_ids": [
                685,
                686,
                687,
                688,
                689,
                690,
                691
              ],
              "site": 16,
              "valtype": "modrate"
            }
          },
          "valtype": "modrate"
        },
        {
          "diagnostics": {
            "chisq": 1.4952667181014724e-07,
            "covariance": {
              "matrix": [
                [
                  0.026176593213312057,
                  0.004724595364111384,
                  -0.04100321677168654
                ],
                [
                  0.004724595364111384,
                  0.14570408895415204,
                  -0.05500439132477428
                ],
                [
                  -0.04100321677168654,
                  -0.05500439132477428,
                  0.09479104048767052
                ]
              ],
              "params": [
                "log_kappa",
                "log_kdeg",
                "log_fmod_0"
              ]
            },
            "ndata": 7,
            "nfree": 4,
            "r2": 0.9058297663887231,
            "reduced_chisq": 3.738166795253681e-08,
            "status": "completed",
            "success": true,
            "time_max": 300.0,
            "time_min": 0.0
          },
          "nt_id": 486,
          "params": {
            "fmod0": 0.0005982584547812709,
            "kdeg": 0.024911338616395388,
            "kobs": 0.0012934679753538046,
            "log_fmod0": -7.421487698753681,
            "log_fmod0_err": 0.30788153645139316,
            "log_kdeg": -3.6924322130388663,
            "log_kdeg_err": 0.38171204978904194,
            "log_kobs": -6.6504283147785745,
            "log_kobs_err": 0.16179182060077096,
            "metadata": {
              "base": "U",
              "fmod_run_ids": [
                685,
                686,
                687,
                688,
                689,
                690,
                691
              ],
              "site": 17,
              "valtype": "modrate"
            }
          },
          "valtype": "modrate"
        },
        {
          "diagnostics": {
            "chisq": 1.9814255036870005e-06,
            "covariance": {
              "matrix": [
                [
                  0.0011675023497093498,
                  0.00020887277924536922,
                  -0.019489992926799763
                ],
                [
                  0.00020887277924536922,
                  0.006310400835438004,
                  -0.024381456550431023
                ],
                [
                  -0.019489992926799763,
                  -0.024381456550431023,
                  0.46728170316113726
                ]
              ],
              "params": [
                "log_kappa",
                "log_kdeg",
                "log_fmod_0"
              ]
            },
            "ndata": 7,
            "nfree": 4,
            "r2": 0.9954886635182486,
            "reduced_chisq": 4.953563759217501e-07,
            "status": "completed",
            "success": true,
            "time_max": 300.0,
            "time_min": 0.0
          },
          "nt_id": 487,
          "params": {
            "fmod0": 0.0009890612596813503,
            "kdeg": 0.02707367490495098,
            "kobs": 0.022874635521570437,
            "log_fmod0": -6.918754287227118,
            "log_fmod0_err": 0.6835800634608482,
            "log_kdeg": -3.6091934289381573,
            "log_kdeg_err": 0.0794380314171871,
            "log_kobs": -3.777726601430751,
            "log_kobs_err": 0.03416873351046757,
            "metadata": {
              "base": "A",
              "fmod_run_ids": [
                685,
                686,
                687,
                688,
                689,
                690,
                691
              ],
              "site": 18,
              "valtype": "modrate"
            }
          },
          "valtype": "modrate"
        },
        {
          "diagnostics": {
            "chisq": 4.641502230215248e-07,
            "covariance": {
              "matrix": [
                [
                  0.16903809150249993,
                  -0.3481322538910251,
                  0.0043220136911057225
                ],
                [
                  -0.3481322538910251,
                  1.2536842109030277,
                  -0.31353723184112453
                ],
                [
                  0.0043220136911057225,
                  -0.31353723184112453,
                  0.2184851958915244
                ]
              ],
              "params": [
                "log_kappa",
                "log_kdeg",
                "log_fmod_0"
              ]
            },
            "ndata": 7,
            "nfree": 4,
            "r2": 0.7757398733457248,
            "reduced_chisq": 1.160375557553812e-07,
            "status": "completed",
            "success": true,
            "time_max": 300.0,
            "time_min": 0.0
          },
          "nt_id": 488,
          "params": {
            "fmod0": 0.0006038423929539638,
            "kdeg": 0.007279591482341997,
            "kobs": 0.0015055807988941052,
            "log_fmod0": -7.412197332897857,
            "log_fmod0_err": 0.4674240001235756,
            "log_kdeg": -4.922680533410964,
            "log_kdeg_err": 1.119680405697549,
            "log_kobs": -6.498576542340075,
            "log_kobs_err": 0.4111424224067615,
            "metadata": {
              "base": "G",
              "fmod_run_ids": [
                685,
                686,
                687,
                688,
                689,
                690,
                691
              ],
              "site": 19,
              "valtype": "modrate"
            }
          },
          "valtype": "modrate"
        },
        {
          "diagnostics": {
            "chisq": 1.5721320303270368e-06,
            "covariance": {
              "matrix": [
                [
                  34268668996.21398,
                  -34266610972.037323,
                  -5745.609085130421
                ],
                [
                  -34266610972.037323,
                  34264553071.573555,
                  5745.196720478095
                ],
                [
                  -5745.609085130421,
                  5745.196720478095,
                  0.07097169161173442
                ]
              ],
              "params": [
                "log_kappa",
                "log_kdeg",
                "log_fmod_0"
              ]
            },
            "ndata": 7,
            "nfree": 4,
            "r2": 0.681417420212846,
            "reduced_chisq": 3.930330075817592e-07,
            "status": "completed",
            "success": true,
            "time_max": 300.0,
            "time_min": 0.0
          },
          "nt_id": 489,
          "params": {
            "fmod0": 0.0013389653702881854,
            "kdeg": 1.0216499181965483e-09,
            "kobs": 6362.252329512307,
            "log_fmod0": -6.615858074976332,
            "log_fmod0_err": 0.266405126849568,
            "log_kdeg": -20.701846949643052,
            "log_kdeg_err": 185106.86932573182,
            "log_kobs": 8.758137733501874,
            "log_kobs_err": 185117.98669014845,
            "metadata": {
              "base": "U",
              "fmod_run_ids": [
                685,
                686,
                687,
                688,
                689,
                690,
                691
              ],
              "site": 20,
              "valtype": "modrate"
            }
          },
          "valtype": "modrate"
        },
        {
          "diagnostics": {
            "chisq": 6.56581041993542e-06,
            "covariance": {
              "matrix": [
                [
                  114380963167.66222,
                  -114374540799.11472,
                  105205.29691032499
                ],
                [
                  -114374540799.11472,
                  114368118791.35905,
                  -105199.55707730325
                ],
                [
                  105205.29691032499,
                  -105199.55707730325,
                  0.37392489959904607
                ]
              ],
              "params": [
                "log_kappa",
                "log_kdeg",
                "log_fmod_0"
              ]
            },
            "ndata": 7,
            "nfree": 4,
            "r2": 0.5785147950095274,
            "reduced_chisq": 1.641452604983855e-06,
            "status": "completed",
            "success": true,
            "time_max": 300.0,
            "time_min": 0.0
          },
          "nt_id": 490,
          "params": {
            "fmod0": 0.0013755004956628718,
            "kdeg": 1.845968352290511e-09,
            "kobs": 5767.395982699005,
            "log_fmod0": -6.588937617248658,
            "log_fmod0_err": 0.6114939898306819,
            "log_kdeg": -20.110261844950678,
            "log_kdeg_err": 338183.5578370998,
            "log_kobs": 8.659975954809246,
            "log_kobs_err": 338202.5475475639,
            "metadata": {
              "base": "G",
              "fmod_run_ids": [
                685,
                686,
                687,
                688,
                689,
                690,
                691
              ],
              "site": 21,
              "valtype": "modrate"
            }
          },
          "valtype": "modrate"
        },
        {
          "diagnostics": {
            "chisq": 2.592441911590601e-06,
            "covariance": {
              "matrix": [
                [
                  0.000979422024975232,
                  0.00017380498965021557,
                  -0.01901169058158504
                ],
                [
                  0.00017380498965021557,
                  0.005256351873022007,
                  -0.022771865607882004
                ],
                [
                  -0.01901169058158504,
                  -0.022771865607882004,
                  0.5207583907031585
                ]
              ],
              "params": [
                "log_kappa",
                "log_kdeg",
                "log_fmod_0"
              ]
            },
            "ndata": 7,
            "nfree": 4,
            "r2": 0.996235790432757,
            "reduced_chisq": 6.481104778976502e-07,
            "status": "completed",
            "success": true,
            "time_max": 300.0,
            "time_min": 0.0
          },
          "nt_id": 491,
          "params": {
            "fmod0": 0.0010776953787486503,
            "kdeg": 0.028901542457779233,
            "kobs": 0.02880908446308917,
            "log_fmod0": -6.832930426439114,
            "log_fmod0_err": 0.7216359128418974,
            "log_kdeg": -3.543860313046502,
            "log_kdeg_err": 0.07250070256916141,
            "log_kobs": -3.5470645088325345,
            "log_kobs_err": 0.03129571895603665,
            "metadata": {
              "base": "A",
              "fmod_run_ids": [
                685,
                686,
                687,
                688,
                689,
                690,
                691
              ],
              "site": 22,
              "valtype": "modrate"
            }
          },
          "valtype": "modrate"
        },
        {
          "diagnostics": {
            "chisq": 3.654308621118832e-08,
            "covariance": {
              "matrix": [
                [
                  0.007247337851637367,
                  0.0004036306838390641,
                  -0.0054957815748990875
                ],
                [
                  0.0004036306838390641,
                  0.049972969754660236,
                  -0.004475556156652716
                ],
                [
                  -0.0054957815748990875,
                  -0.004475556156652716,
                  0.005274074979749113
                ]
              ],
              "params": [
                "log_kappa",
                "log_kdeg",
                "log_fmod_0"
              ]
            },
            "ndata": 7,
            "nfree": 4,
            "r2": 0.9718725131874733,
            "reduced_chisq": 9.13577155279708e-09,
            "status": "completed",
            "success": true,
            "time_max": 300.0,
            "time_min": 0.0
          },
          "nt_id": 492,
          "params": {
            "fmod0": 0.0013116872916513833,
            "kdeg": 0.057370640498848574,
            "kobs": 0.0012386954336703166,
            "log_fmod0": -6.636440961646779,
            "log_fmod0_err": 0.07262282685044086,
            "log_kdeg": -2.8582225960791257,
            "log_kdeg_err": 0.2235463481130037,
            "log_kobs": -6.693696522799615,
            "log_kobs_err": 0.08513129772085802,
            "metadata": {
              "base": "U",
              "fmod_run_ids": [
                685,
                686,
                687,
                688,
                689,
                690,
                691
              ],
              "site": 23,
              "valtype": "modrate"
            }
          },
          "valtype": "modrate"
        },
        {
          "diagnostics": {
            "chisq": 2.2751826965192352e-07,
            "covariance": {
              "matrix": [
                [
                  0.02648517006060848,
                  0.00425588383248105,
                  -0.03513792780919336
                ],
                [
                  0.00425588383248105,
                  0.15224916270486677,
                  -0.03660527396254866
                ],
                [
                  -0.03513792780919336,
                  -0.03660527396254866,
                  0.062103962720065735
                ]
              ],
              "params": [
                "log_kappa",
                "log_kdeg",
                "log_fmod_0"
              ]
            },
            "ndata": 7,
            "nfree": 4,
            "r2": 0.9047348745147423,
            "reduced_chisq": 5.687956741298088e-08,
            "status": "completed",
            "success": true,
            "time_max": 300.0,
            "time_min": 0.0
          },
          "nt_id": 493,
          "params": {
            "fmod0": 0.0009416744982984726,
            "kdeg": 0.038847310959689345,
            "kobs": 0.001608955854483098,
            "log_fmod0": -6.967850886309288,
            "log_fmod0_err": 0.24920666668463293,
            "log_kdeg": -3.2481164205308284,
            "log_kdeg_err": 0.3901911873746853,
            "log_kobs": -6.432169847965374,
            "log_kobs_err": 0.16274264978980918,
            "metadata": {
              "base": "U",
              "fmod_run_ids": [
                685,
                686,
                687,
                688,
                689,
                690,
                691
              ],
              "site": 24,
              "valtype": "modrate"
            }
          },
          "valtype": "modrate"
        },
        {
          "diagnostics": {
            "chisq": 2.6989335126506497e-05,
            "covariance": {
              "matrix": [
                [
                  0.005500232172434228,
                  0.000791930320980122,
                  -0.08386954175089881
                ],
                [
                  0.000791930320980122,
