{
  "artifacts": {},
  "engine": "python_baseline",
  "engine_version": "0.1.0",
  "metadata": {
    "buffer_pH": 6.5,
    "done_by": [
      "EKC"
    ],
    "experiment_id": "ekc.01.0xx",
    "fmod_run_id": 1005,
    "initial_kdeg": 0.046628528165773286,
    "initial_kdeg_source": "arrhenius:nmr:deg:dms:Schwalbe_bistris",
    "initial_log_kdeg": -3.065542732765291,
    "notes": "Baseline python engine demo using examples/nerd.sqlite",
    "outlier_specs": [
      "49:090_fourU_WT80c_a_6_m:19_G:modrate"
    ],
    "outliers_applied": 1,
    "rg_id": 49,
    "rg_label": "80_3",
    "rounds_requested": [
      "round1_free",
      "round2_global",
      "round3_constrained"
    ],
    "rt_protocol": [
      "MRT"
    ],
    "selected_site_bases": [
      "10_U",
      "11_U",
      "12_U",
      "13_U",
      "14_G",
      "15_A",
      "16_A",
      "17_U",
      "18_A",
      "19_G",
      "1_A",
      "20_U",
      "21_G",
      "22_A",
      "23_U",
      "24_U",
      "25_C",
      "26_A",
      "27_G",
      "28_G",
      "29_A",
      "2_G",
      "30_G",
      "31_G",
      "32_U",
      "33_U",
      "34_A",
      "35_A",
      "36_U",
      "3_G",
      "4_U",
      "5_U",
      "61_G",
      "62_G",
      "6_G",
      "7_A",
      "8_A",
      "9_C"
    ],
    "temperature_c": 80.0,
    "valtypes": [
      "modrate",
      "GAmodrate"
    ]
  },
  "rounds": [
    {
      "global_params": {},
      "notes": null,
      "per_nt": [
        {
          "diagnostics": {
            "reason": "Non-zero fmod values are required for a fit.",
            "status": "failed"
          },
          "nt_id": 390,
          "params": {},
          "valtype": "modrate"
        },
        {
          "diagnostics": {
            "reason": "Non-zero fmod values are required for a fit.",
            "status": "failed"
          },
          "nt_id": 391,
          "params": {},
          "valtype": "modrate"
        },
        {
          "diagnostics": {
            "reason": "Non-zero fmod values are required for a fit.",
            "status": "failed"
          },
          "nt_id": 392,
          "params": {},
          "valtype": "modrate"
        },
        {
          "diagnostics": {
            "reason": "Non-zero fmod values are required for a fit.",
            "status": "failed"
          },
          "nt_id": 393,
          "params": {},
          "valtype": "modrate"
        },
        {
          "diagnostics": {
            "chisq": 8.818294900841461e-07,
            "covariance": {
              "matrix": [
                [
                  2400425984505.6514,
                  -2400258160854.9165,
                  -51758.613787802446
                ],
                [
                  -2400258160854.9165,
                  2400090348988.5757,
                  51754.160643216186
                ],
                [
                  -51758.613787802446,
                  51754.160643216186,
                  0.027428054552799216
                ]
              ],
              "params": [
                "log_kappa",
                "log_kdeg",
                "log_fmod_0"
              ]
            },
            "ndata": 6,
            "nfree": 3,
            "r2": 0.00647308039099137,
            "reduced_chisq": 2.9394316336138204e-07,
            "status": "completed",
            "success": true,
            "time_max": 80.0,
            "time_min": 0.0
          },
          "nt_id": 394,
          "params": {
            "fmod0": 0.0019641241774943476,
            "kdeg": 8.924872229761002e-10,
            "kobs": 1164.3875625617873,
            "log_fmod0": -6.232708844218479,
            "log_fmod0_err": 0.16561417376782464,
            "log_kdeg": -20.837008918370394,
            "log_kdeg_err": 1549222.4982192118,
            "log_kobs": 7.059950530400635,
            "log_kobs_err": 1549330.8182908036,
            "metadata": {
              "base": "U",
              "fmod_run_ids": [
                999,
                1000,
                1002,
                1003,
                1004,
                1005
              ],
              "site": 5,
              "valtype": "modrate"
            }
          },
          "valtype": "modrate"
        },
        {
          "diagnostics": {
            "chisq": 1.1182103094384219e-07,
            "covariance": {
              "matrix": [
                [
                  252904222466644.4,
                  -252886606701025.28,
                  -927595.5454682499
                ],
                [
                  -252886606701025.28,
                  252868992162423.56,
                  927530.4314831501
                ],
                [
                  -927595.5454682499,
                  927530.4314831501,
                  0.0493682446084731
                ]
              ],
              "params": [
                "log_kappa",
                "log_kdeg",
                "log_fmod_0"
              ]
            },
            "ndata": 6,
            "nfree": 3,
            "r2": 0.03033157974622047,
            "reduced_chisq": 3.727367698128073e-08,
            "status": "completed",
            "success": true,
            "time_max": 80.0,
            "time_min": 0.0
          },
          "nt_id": 395,
          "params": {
            "fmod0": 0.0005291678785151863,
            "kdeg": 1.7007308217587978e-08,
            "kobs": 47.67981065565691,
            "log_fmod0": -7.544204825760721,
            "log_fmod0_err": 0.22218965909437166,
            "log_kdeg": -17.889622690116408,
            "log_kdeg_err": 15901854.99123997,
            "log_kobs": 3.864508051601074,
            "log_kobs_err": 15902962.694625312,
            "metadata": {
              "base": "G",
              "fmod_run_ids": [
                999,
                1000,
                1002,
                1003,
                1004,
                1005
              ],
              "site": 6,
              "valtype": "modrate"
            }
          },
          "valtype": "modrate"
        },
        {
          "diagnostics": {
            "chisq": 1.6080957592376163e-06,
            "covariance": {
              "matrix": [
                [
                  0.00648305229041586,
                  -0.01390370529276568,
                  0.00514381639932396
                ],
                [
                  -0.01390370529276568,
                  0.037728913437420936,
                  -0.03320644423244646
                ],
                [
                  0.00514381639932396,
                  -0.03320644423244646,
                  0.0896043333543308
                ]
              ],
              "params": [
                "log_kappa",
                "log_kdeg",
                "log_fmod_0"
              ]
            },
            "ndata": 6,
            "nfree": 3,
            "r2": 0.99602758929575,
            "reduced_chisq": 5.360319197458721e-07,
            "status": "completed",
            "success": true,
            "time_max": 80.0,
            "time_min": 0.0
          },
          "nt_id": 396,
          "params": {
            "fmod0": 0.0019554131907637486,
            "kdeg": 0.022456418391884756,
            "kobs": 0.02625617771498894,
            "log_fmod0": -6.23715375710194,
            "log_fmod0_err": 0.2993398292147752,
            "log_kdeg": -3.7961788084660566,
            "log_kdeg_err": 0.19423932000864536,
            "log_kobs": -3.6398539761095883,
            "log_kobs_err": 0.08051740364924753,
            "metadata": {
              "base": "A",
              "fmod_run_ids": [
                999,
                1000,
                1002,
                1003,
                1004,
                1005
              ],
              "site": 7,
              "valtype": "modrate"
            }
          },
          "valtype": "modrate"
        },
        {
          "diagnostics": {
            "chisq": 8.077130923511305e-07,
            "covariance": {
              "matrix": [
                [
                  0.006208452004764294,
                  -0.01259828899673841,
                  0.0035730417759751256
                ],
                [
                  -0.01259828899673841,
                  0.02961109048575032,
                  -0.015069398066212674
                ],
                [
                  0.0035730417759751256,
                  -0.015069398066212674,
                  0.02343695634388253
                ]
              ],
              "params": [
                "log_kappa",
                "log_kdeg",
                "log_fmod_0"
              ]
            },
            "ndata": 6,
            "nfree": 3,
            "r2": 0.997510948007708,
            "reduced_chisq": 2.6923769745037685e-07,
            "status": "completed",
            "success": true,
            "time_max": 80.0,
            "time_min": 0.0
          },
          "nt_id": 397,
          "params": {
            "fmod0": 0.0026746763110945837,
            "kdeg": 0.019544214215497794,
            "kobs": 0.024829301153006425,
            "log_fmod0": -5.923926911154173,
            "log_fmod0_err": 0.1530913333402075,
            "log_kdeg": -3.9350759844084093,
            "log_kdeg_err": 0.17207873339187013,
            "log_kobs": -3.6957308251257097,
            "log_kobs_err": 0.07879373074530927,
            "metadata": {
              "base": "A",
              "fmod_run_ids": [
                999,
                1000,
                1002,
                1003,
                1004,
                1005
              ],
              "site": 8,
              "valtype": "modrate"
            }
          },
          "valtype": "modrate"
        },
        {
          "diagnostics": {
            "chisq": 1.2752418972089744e-06,
            "covariance": {
              "matrix": [
                [
                  0.0056705766746041174,
                  -0.011566027797508477,
                  0.002802076519889125
                ],
                [
                  -0.011566027797508477,
                  0.027523670696173046,
                  -0.012242475944303792
                ],
                [
                  0.002802076519889125,
                  -0.012242475944303792,
                  0.01666023785318203
                ]
              ],
              "params": [
                "log_kappa",
                "log_kdeg",
                "log_fmod_0"
              ]
            },
            "ndata": 6,
            "nfree": 3,
            "r2": 0.9976363020003476,
            "reduced_chisq": 4.2508063240299144e-07,
            "status": "completed",
            "success": true,
            "time_max": 80.0,
            "time_min": 0.0
          },
          "nt_id": 398,
          "params": {
            "fmod0": 0.003993128577124135,
            "kdeg": 0.01980130619678934,
            "kobs": 0.03193311539148848,
            "log_fmod0": -5.523180250787342,
            "log_fmod0_err": 0.12907454378452024,
            "log_kdeg": -3.9220073739227264,
            "log_kdeg_err": 0.165902594000736,
            "log_kobs": -3.4441117075979175,
            "log_kobs_err": 0.07530323150173648,
            "metadata": {
              "base": "C",
              "fmod_run_ids": [
                999,
                1000,
                1002,
                1003,
                1004,
                1005
              ],
              "site": 9,
              "valtype": "modrate"
            }
          },
          "valtype": "modrate"
        },
        {
          "diagnostics": {
            "chisq": 4.970033500965036e-06,
            "covariance": {
              "matrix": [
                [
                  5.776543821254841e+18,
                  -6.526472993621175e+18,
                  964616210.6719415
                ],
                [
                  -6.526472993621175e+18,
                  7.44940284389762e+18,
                  -1167721707.1447945
                ],
                [
                  964616210.6719415,
                  -1167721707.1447945,
                  0.30808937513502255
                ]
              ],
              "params": [
                "log_kappa",
                "log_kdeg",
                "log_fmod_0"
              ]
            },
            "ndata": 6,
            "nfree": 3,
            "r2": -1.941711236241872e-10,
            "reduced_chisq": 1.6566778336550122e-06,
            "status": "completed",
            "success": true,
            "time_max": 80.0,
            "time_min": 0.0
          },
          "nt_id": 399,
          "params": {
            "fmod0": 0.0020325000024171624,
            "kdeg": 3.529478844428631e-11,
            "kobs": 0.00022152114096370197,
            "log_fmod0": -6.198488715353053,
            "log_fmod0_err": 0.5550579925872814,
            "log_kdeg": -24.067285799027783,
            "log_kdeg_err": 2729359420.0650125,
            "log_kobs": -8.414992528502237,
            "log_kobs_err": 2403444158.1311684,
            "metadata": {
              "base": "U",
              "fmod_run_ids": [
                999,
                1000,
                1002,
                1003,
                1004,
                1005
              ],
              "site": 10,
              "valtype": "modrate"
            }
          },
          "valtype": "modrate"
        },
        {
          "diagnostics": {
            "chisq": 3.841335862245805e-07,
            "covariance": {
              "matrix": [
                [
                  1.7430124304885377,
                  0.27081016413453063,
                  -0.21429555490527932
                ],
                [
                  0.27081016413453063,
                  9.276975779867426,
                  -0.21226658491376812
                ],
                [
                  -0.21429555490527932,
                  -0.21226658491376812,
                  0.035915416546630996
                ]
              ],
              "params": [
                "log_kappa",
                "log_kdeg",
                "log_fmod_0"
              ]
            },
            "ndata": 6,
            "nfree": 3,
            "r2": 0.16118758503579644,
            "reduced_chisq": 1.2804452874152683e-07,
            "status": "completed",
            "success": true,
            "time_max": 80.0,
            "time_min": 0.0
          },
          "nt_id": 400,
          "params": {
            "fmod0": 0.0018703216595955456,
            "kdeg": 0.16875476947859203,
            "kobs": 0.0003074654712762699,
            "log_fmod0": -6.281644852428847,
            "log_fmod0_err": 0.18951363155886966,
            "log_kdeg": -1.7793086860520635,
            "log_kdeg_err": 3.0458128274513894,
            "log_kobs": -8.087147765554986,
            "log_kobs_err": 1.320231960864657,
            "metadata": {
              "base": "U",
              "fmod_run_ids": [
                999,
                1000,
                1002,
                1003,
                1004,
                1005
              ],
              "site": 11,
              "valtype": "modrate"
            }
          },
          "valtype": "modrate"
        },
        {
          "diagnostics": {
            "chisq": 4.7455110734757115e-07,
            "covariance": {
              "matrix": [
                [
                  0.11085301447998022,
                  0.00969517772702022,
                  -0.0770136253027372
                ],
                [
                  0.00969517772702022,
                  0.6100012183418837,
                  -0.0695287204646253
                ],
                [
                  -0.0770136253027372,
                  -0.0695287204646253,
                  0.07216494235271226
                ]
              ],
              "params": [
                "log_kappa",
                "log_kdeg",
                "log_fmod_0"
              ]
            },
            "ndata": 6,
            "nfree": 3,
            "r2": 0.7509497010112849,
            "reduced_chisq": 1.5818370244919037e-07,
            "status": "completed",
            "success": true,
            "time_max": 80.0,
            "time_min": 0.0
          },
          "nt_id": 401,
          "params": {
            "fmod0": 0.0014706858735458912,
            "kdeg": 0.1902159173564562,
            "kobs": 0.00135811030167247,
            "log_fmod0": -6.522026406362931,
            "log_fmod0_err": 0.2686353334033188,
            "log_kdeg": -1.6595954449042238,
            "log_kdeg_err": 0.7810257475537434,
            "log_kobs": -6.601661029526662,
            "log_kobs_err": 0.33294596330332676,
            "metadata": {
              "base": "U",
              "fmod_run_ids": [
                999,
                1000,
                1002,
                1003,
                1004,
                1005
              ],
              "site": 12,
              "valtype": "modrate"
            }
          },
          "valtype": "modrate"
        },
        {
          "diagnostics": {
            "chisq": 2.6141064844602933e-05,
            "covariance": {
              "matrix": [
                [
                  2.7885879053328245e+19,
                  -2.8147514441136845e+19,
                  2912374611.503183
                ],
                [
                  -2.8147514441136845e+19,
                  2.8424396256282755e+19,
                  -2995569056.5514216
                ],
                [
                  2912374611.503183,
                  -2995569056.5514216,
                  0.7766492871671705
                ]
              ],
              "params": [
                "log_kappa",
                "log_kdeg",
                "log_fmod_0"
              ]
            },
            "ndata": 6,
            "nfree": 3,
            "r2": -4.3110714997851574e-10,
            "reduced_chisq": 8.71368828153431e-06,
            "status": "completed",
            "success": true,
            "time_max": 80.0,
            "time_min": 0.0
          },
          "nt_id": 402,
          "params": {
            "fmod0": 0.0025211666803783097,
            "kdeg": 7.194093573215603e-11,
            "kobs": 0.0005290035349049999,
            "log_fmod0": -5.98303351619152,
            "log_fmod0_err": 0.8812770774093529,
            "log_kdeg": -23.35517567062645,
            "log_kdeg_err": 5331453484.396422,
            "log_kobs": -7.544515443888225,
            "log_kobs_err": 5280708196.191894,
            "metadata": {
              "base": "U",
              "fmod_run_ids": [
                999,
                1000,
                1002,
                1003,
                1004,
                1005
              ],
              "site": 13,
              "valtype": "modrate"
            }
          },
          "valtype": "modrate"
        },
        {
          "diagnostics": {
            "chisq": 1.9643948912348585e-08,
            "covariance": {
              "matrix": [
                [
                  1290318679216.3528,
                  -1290203524037.665,
                  -28672.087019615763
                ],
                [
                  -1290203524037.665,
                  1290088379323.732,
                  28668.946347616664
                ],
                [
                  -28672.087019615763,
                  28668.946347616664,
                  0.004123435593872305
                ]
              ],
              "params": [
                "log_kappa",
                "log_kdeg",
                "log_fmod_0"
              ]
            },
            "ndata": 6,
            "nfree": 3,
            "r2": 0.0017726874552895788,
            "reduced_chisq": 6.547982970782861e-09,
            "status": "completed",
            "success": true,
            "time_max": 80.0,
            "time_min": 0.0
          },
          "nt_id": 403,
          "params": {
            "fmod0": 0.0008053367169748604,
            "kdeg": 5.649898002348093e-10,
            "kobs": 143.3109924525538,
            "log_fmod0": -7.124250086044873,
            "log_fmod0_err": 0.06421398285320966,
            "log_kdeg": -21.294213437626812,
            "log_kdeg_err": 1135820.5753215302,
            "log_kobs": 4.965017041260946,
            "log_kobs_err": 1135921.9511992682,
            "metadata": {
              "base": "G",
              "fmod_run_ids": [
                999,
                1000,
                1002,
                1003,
                1004,
                1005
              ],
              "site": 14,
              "valtype": "modrate"
            }
          },
          "valtype": "modrate"
        },
        {
          "diagnostics": {
            "chisq": 2.5780650975823956e-06,
            "covariance": {
              "matrix": [
                [
                  0.0047623121061337835,
                  -0.010337740302355729,
                  0.0007426103511137394
                ],
                [
                  -0.010337740302355729,
                  0.038227467335692294,
                  -0.07599928573671583
                ],
                [
                  0.0007426103511137394,
                  -0.07599928573671583,
                  0.4661839892685828
                ]
              ],
              "params": [
                "log_kappa",
                "log_kdeg",
                "log_fmod_0"
              ]
            },
            "ndata": 6,
            "nfree": 3,
            "r2": 0.9942704284218251,
            "reduced_chisq": 8.593550325274652e-07,
            "status": "completed",
            "success": true,
            "time_max": 80.0,
            "time_min": 0.0
          },
          "nt_id": 404,
          "params": {
            "fmod0": 0.001113254770993218,
            "kdeg": 0.02840405562647911,
            "kobs": 0.025676214190786386,
            "log_fmod0": -6.800467328127614,
            "log_fmod0_err": 0.6827766759846025,
            "log_kdeg": -3.561223340261197,
            "log_kdeg_err": 0.19551845778772983,
            "log_kobs": -3.662190233505304,
            "log_kobs_err": 0.06900950736046291,
            "metadata": {
              "base": "A",
              "fmod_run_ids": [
                999,
                1000,
                1002,
                1003,
                1004,
                1005
              ],
              "site": 15,
              "valtype": "modrate"
            }
          },
          "valtype": "modrate"
        },
        {
          "diagnostics": {
            "chisq": 1.9936631234981645e-06,
            "covariance": {
              "matrix": [
                [
                  0.006299163256326223,
                  -0.013867325653951624,
                  0.0029742198478693717
                ],
                [
                  -0.013867325653951624,
                  0.04643210580061688,
                  -0.05645375927942482
                ],
                [
                  0.0029742198478693717,
                  -0.05645375927942482,
                  0.21123081901015878
                ]
              ],
              "params": [
                "log_kappa",
                "log_kdeg",
                "log_fmod_0"
              ]
            },
            "ndata": 6,
            "nfree": 3,
            "r2": 0.993693562029466,
            "reduced_chisq": 6.645543744993881e-07,
            "status": "completed",
            "success": true,
            "time_max": 80.0,
            "time_min": 0.0
          },
          "nt_id": 405,
          "params": {
            "fmod0": 0.0014425100047243996,
            "kdeg": 0.02654317183882608,
            "kobs": 0.021891032370274267,
            "log_fmod0": -6.541370623921912,
            "log_fmod0_err": 0.45959854113145177,
            "log_kdeg": -3.628982745582772,
            "log_kdeg_err": 0.21548110311722668,
            "log_kobs": -3.8216782068292363,
            "log_kobs_err": 0.0793672681672125,
            "metadata": {
              "base": "A",
              "fmod_run_ids": [
                999,
                1000,
                1002,
                1003,
                1004,
                1005
              ],
              "site": 16,
              "valtype": "modrate"
            }
          },
          "valtype": "modrate"
        },
        {
          "diagnostics": {
            "chisq": 6.006840226709615e-08,
            "covariance": {
              "matrix": [
                [
                  0.02727044924232399,
                  0.0014692662427949969,
                  -0.03587074269318855
                ],
                [
                  0.0014692662427949969,
                  0.1541237069321806,
                  -0.031047982026345903
                ],
                [
                  -0.03587074269318855,
                  -0.031047982026345903,
                  0.06336380103496092
                ]
              ],
              "params": [
                "log_kappa",
                "log_kdeg",
                "log_fmod_0"
              ]
            },
            "ndata": 6,
            "nfree": 3,
            "r2": 0.92447665054768,
            "reduced_chisq": 2.0022800755698717e-08,
            "status": "completed",
            "success": true,
            "time_max": 80.0,
            "time_min": 0.0
          },
          "nt_id": 406,
          "params": {
            "fmod0": 0.0005590265406885149,
            "kdeg": 0.2012630573436603,
            "kobs": 0.0009740798788997072,
            "log_fmod0": -7.48931360706593,
            "log_fmod0_err": 0.25172167374892634,
            "log_kdeg": -1.6031424835774246,
            "log_kdeg_err": 0.3925859229928916,
            "log_kobs": -6.934017246493808,
            "log_kobs_err": 0.1651376675453665,
            "metadata": {
              "base": "U",
              "fmod_run_ids": [
                999,
                1000,
                1002,
                1003,
                1004,
                1005
              ],
              "site": 17,
              "valtype": "modrate"
            }
          },
          "valtype": "modrate"
        },
        {
          "diagnostics": {
            "chisq": 3.7655550967063626e-07,
            "covariance": {
              "matrix": [
                [
                  0.0008047371770216214,
                  -0.0016662737211542477,
                  -0.00040574343364614825
                ],
                [
                  -0.0016662737211542477,
                  0.007168893724219263,
                  -0.008611293291107455
                ],
                [
                  -0.00040574343364614825,
                  -0.008611293291107455,
                  0.031986882417812904
                ]
              ],
              "params": [
                "log_kappa",
                "log_kdeg",
                "log_fmod_0"
              ]
            },
            "ndata": 6,
            "nfree": 3,
            "r2": 0.9987734371984685,
            "reduced_chisq": 1.255185032235454e-07,
            "status": "completed",
            "success": true,
            "time_max": 80.0,
            "time_min": 0.0
          },
          "nt_id": 407,
          "params": {
            "fmod0": 0.001641755943711611,
            "kdeg": 0.03114886135632098,
            "kobs": 0.020727853096453648,
            "log_fmod0": -6.411988912548528,
            "log_fmod0_err": 0.17884876968492935,
            "log_kdeg": -3.468977587985923,
            "log_kdeg_err": 0.0846693198521121,
            "log_kobs": -3.8762769229505665,
            "log_kobs_err": 0.028367889893709426,
            "metadata": {
              "base": "A",
              "fmod_run_ids": [
                999,
                1000,
                1002,
                1003,
                1004,
                1005
              ],
              "site": 18,
              "valtype": "modrate"
            }
          },
          "valtype": "modrate"
        },
        {
          "diagnostics": {
            "chisq": 6.830387560002316e-09,
            "covariance": {
              "matrix": [
                [
                  165285813373.0042,
                  -165275851277.23843,
                  -1520.1005075725407
                ],
                [
                  -165275851277.23843,
                  165265889781.9359,
                  1519.9981625521045
                ],
                [
                  -1520.1005075725407,
                  1519.9981625521045,
                  0.0065146955312834955
                ]
              ],
              "params": [
                "log_kappa",
                "log_kdeg",
                "log_fmod_0"
              ]
            },
            "ndata": 5,
            "nfree": 2,
            "r2": 0.9460880320643378,
            "reduced_chisq": 3.415193780001158e-09,
            "status": "completed",
            "success": true,
            "time_max": 80.0,
            "time_min": 5.0
          },
          "nt_id": 408,
          "params": {
            "fmod0": 0.000526454858997467,
            "kdeg": 1.3453505696009956e-08,
            "kobs": 398.12126035792943,
            "log_fmod0": -7.549344967962496,
            "log_fmod0_err": 0.08071366384499898,
            "log_kdeg": -18.12402611831748,
            "log_kdeg_err": 406529.076182671,
            "log_kobs": 5.986756633146813,
            "log_kobs_err": 406553.5799534967,
            "metadata": {
              "base": "G",
              "fmod_run_ids": [
                999,
                1000,
                1002,
                1003,
                1004
              ],
              "site": 19,
              "valtype": "modrate"
            }
          },
          "valtype": "modrate"
        },
        {
          "diagnostics": {
            "chisq": 3.313443054964395e-07,
            "covariance": {
              "matrix": [
                [
                  0.13311615048082406,
                  0.04290949840499163,
                  -0.07034313470043504
                ],
                [
                  0.04290949840499163,
                  0.7816337282403719,
                  -0.09965938042278617
                ],
                [
                  -0.07034313470043504,
                  -0.09965938042278617,
                  0.054482617884001855
                ]
              ],
              "params": [
                "log_kappa",
                "log_kdeg",
                "log_fmod_0"
              ]
            },
            "ndata": 6,
            "nfree": 3,
            "r2": 0.7184555172353704,
            "reduced_chisq": 1.104481018321465e-07,
            "status": "completed",
            "success": true,
            "time_max": 80.0,
            "time_min": 0.0
          },
          "nt_id": 409,
          "params": {
            "fmod0": 0.0013852965651359242,
            "kdeg": 0.10910959252953742,
            "kobs": 0.0010202498251135402,
            "log_fmod0": -6.581841035812701,
            "log_fmod0_err": 0.23341511922752958,
            "log_kdeg": -2.2154024658144738,
            "log_kdeg_err": 0.8841005193078284,
            "log_kobs": -6.887707755093674,
            "log_kobs_err": 0.36485086060036104,
            "metadata": {
              "base": "U",
              "fmod_run_ids": [
                999,
                1000,
                1002,
                1003,
                1004,
                1005
              ],
              "site": 20,
              "valtype": "modrate"
            }
          },
          "valtype": "modrate"
        },
        {
          "diagnostics": {
            "chisq": 2.1861864798299603e-07,
            "covariance": {
              "matrix": [
                [
                  58215973.14102999,
                  -58214081.82940068,
                  862.2985119345623
                ],
                [
                  -58214081.82940068,
                  58212191.211309716,
                  -862.3765820673258
                ],
                [
                  862.2985119345623,
                  -862.3765820673258,
                  0.047178424466958836
                ]
              ],
              "params": [
                "log_kappa",
                "log_kdeg",
                "log_fmod_0"
              ]
            },
            "ndata": 6,
            "nfree": 3,
            "r2": 0.34532149534164003,
            "reduced_chisq": 7.287288266099868e-08,
            "status": "completed",
            "success": true,
            "time_max": 80.0,
            "time_min": 0.0
          },
          "nt_id": 410,
          "params": {
            "fmod0": 0.0008552905345488487,
            "kdeg": 4.072976217168334e-11,
            "kobs": 114316.60449929361,
            "log_fmod0": -7.064069340258782,
            "log_fmod0_err": 0.21720594942809196,
            "log_kdeg": -23.92406203342882,
            "log_kdeg_err": 7629.691423072739,
            "log_kobs": 11.64672711044198,
            "log_kobs_err": 7629.939261948944,
            "metadata": {
              "base": "G",
              "fmod_run_ids": [
                999,
                1000,
                1002,
                1003,
                1004,
                1005
              ],
              "site": 21,
              "valtype": "modrate"
            }
          },
          "valtype": "modrate"
        },
        {
          "diagnostics": {
            "chisq": 2.3770925697378823e-06,
            "covariance": {
              "matrix": [
                [
                  0.004266507339706071,
                  -0.009338760063221922,
                  0.0008856036889410588
                ],
                [
                  -0.009338760063221922,
                  0.03273912194776255,
                  -0.027890075141269108
                ],
                [
                  0.0008856036889410588,
                  -0.027890075141269108,
                  0.0732487868279522
                ]
              ],
              "params": [
                "log_kappa",
                "log_kdeg",
                "log_fmod_0"
              ]
            },
            "ndata": 6,
            "nfree": 3,
            "r2": 0.995333074055011,
            "reduced_chisq": 7.923641899126274e-07,
            "status": "completed",
            "success": true,
            "time_max": 80.0,
            "time_min": 0.0
          },
          "nt_id": 411,
          "params": {
            "fmod0": 0.0026862316127153276,
            "kdeg": 0.027410740891732576,
            "kobs": 0.02762523647460621,
            "log_fmod0": -5.919615954995028,
            "log_fmod0_err": 0.2706451308040701,
            "log_kdeg": -3.5968203390534472,
            "log_kdeg_err": 0.18093955329822872,
            "log_kobs": -3.5890255590141176,
            "log_kobs_err": 0.06531850686984562,
            "metadata": {
              "base": "A",
              "fmod_run_ids": [
                999,
                1000,
                1002,
                1003,
                1004,
                1005
              ],
              "site": 22,
              "valtype": "modrate"
            }
          },
          "valtype": "modrate"
        },
        {
          "diagnostics": {
            "chisq": 4.49837483903773e-06,
            "covariance": {
              "matrix": [
                [
                  1.1601156447470085e+18,
                  -1.0783263006124605e+18,
                  -180167683.37871924
                ],
                [
                  -1.0783263006124605e+18,
                  1.0100348044331359e+18,
                  152610780.38291875
                ],
                [
                  -180167683.37871924,
                  152610780.38291875,
                  0.08227238058006899
                ]
              ],
              "params": [
                "log_kappa",
                "log_kdeg",
                "log_fmod_0"
              ]
            },
            "ndata": 6,
            "nfree": 3,
            "r2": -1.268101845752767e-09,
            "reduced_chisq": 1.4994582796792433e-06,
            "status": "completed",
            "success": true,
            "time_max": 80.0,
            "time_min": 0.0
          },
          "nt_id": 412,
          "params": {
            "fmod0": 0.003115166669960259,
            "kdeg": 1.8500212712234562e-10,
            "kobs": 0.00022298039219477986,
            "log_fmod0": -5.771472622568875,
            "log_fmod0_err": 0.28683162409342,
            "log_kdeg": -22.4106537929577,
            "log_kdeg_err": 1005004877.8155935,
            "log_kobs": -8.408426717747663,
            "log_kobs_err": 1077086646.8149202,
            "metadata": {
              "base": "U",
              "fmod_run_ids": [
                999,
                1000,
                1002,
                1003,
                1004,
                1005
              ],
              "site": 23,
              "valtype": "modrate"
            }
          },
          "valtype": "modrate"
        },
        {
          "diagnostics": {
            "chisq": 5.791776820549629e-07,
            "covariance": {
              "matrix": [
                [
                  1.3267088595438212,
                  0.20910332204597795,
                  -0.20962343307458292
                ],
                [
                  0.20910332204597795,
                  7.0557754703789435,
                  -0.208313936425727
                ],
                [
                  -0.20962343307458292,
                  -0.208313936425727,
                  0.045169346662922195
                ]
              ],
              "params": [
                "log_kappa",
                "log_kdeg",
                "log_fmod_0"
              ]
            },
            "ndata": 6,
            "nfree": 3,
            "r2": 0.20159547086251584,
            "reduced_chisq": 1.9305922735165432e-07,
            "status": "completed",
            "success": true,
            "time_max": 80.0,
            "time_min": 0.0
          },
          "nt_id": 413,
          "params": {
            "fmod0": 0.0020476466448473797,
            "kdeg": 0.16804462209543017,
            "kobs": 0.0004327401501507089,
            "log_fmod0": -6.191064123386659,
            "log_fmod0_err": 0.21253081344342095,
            "log_kdeg": -1.7835257271354676,
            "log_kdeg_err": 2.656270970812079,
            "log_kobs": -7.7453731252283236,
            "log_kobs_err": 1.1518284852979723,
            "metadata": {
              "base": "U",
              "fmod_run_ids": [
                999,
                1000,
                1002,
                1003,
                1004,
                1005
              ],
              "site": 24,
              "valtype": "modrate"
            }
          },
          "valtype": "modrate"
        },
        {
          "diagnostics": {
            "chisq": 6.257891998413296e-06,
            "covariance": {
              "matrix": [
                [
                  0.006591495864100114,
                  -0.013934166863465462,
                  -0.0017113453718221004
                ],
                [
                  -0.013934166863465462,
                  0.05619160087359823,
                  -0.0677497049713979
                ],
                [
                  -0.0017113453718221004,
                  -0.0677497049713979,
                  0.2527112285962269
                ]
              ],
              "params": [
