{
  "artifacts": {},
  "engine": "python_baseline",
  "engine_version": "0.1.0",
  "metadata": {
    "buffer_pH": 6.4,
    "done_by": [
      "EKC"
    ],
    "experiment_id": "ekc.01.0xx",
    "fmod_run_id": 910,
    "initial_kdeg": 0.046628528165773286,
    "initial_kdeg_source": "arrhenius:nmr:deg:dms:Schwalbe_bistris",
    "initial_log_kdeg": -3.065542732765291,
    "notes": "Baseline python engine demo using examples/nerd.sqlite",
    "rg_id": 114,
    "rg_label": "80_2_11",
    "rounds_requested": [
      "round1_free",
      "round2_global",
      "round3_constrained"
    ],
    "rt_protocol": [
      "MRT"
    ],
    "selected_site_bases": [
      "17_G",
      "18_G",
      "19_C",
      "1_U",
      "20_A",
      "21_G",
      "22_A",
      "23_U",
      "24_C",
      "25_U",
      "26_G",
      "27_A",
      "28_G",
      "29_C",
      "2_A",
      "30_C",
      "31_U",
      "32_G",
      "33_G",
      "34_G",
      "35_G",
      "36_G",
      "37_C",
      "38_U",
      "39_C",
      "3_A",
      "40_U",
      "41_C",
      "42_U",
      "43_G",
      "44_C",
      "45_C",
      "61_A",
      "62_A",
      "63_U",
      "64_C"
    ],
    "temperature_c": 80.0,
    "valtypes": [
      "modrate",
      "GAmodrate"
    ]
  },
  "rounds": [
    {
      "global_params": {},
      "notes": null,
      "per_nt": [
        {
          "diagnostics": {
            "reason": "Non-zero fmod values are required for a fit.",
            "status": "failed"
          },
          "nt_id": 19,
          "params": {},
          "valtype": "modrate"
        },
        {
          "diagnostics": {
            "reason": "Non-zero fmod values are required for a fit.",
            "status": "failed"
          },
          "nt_id": 20,
          "params": {},
          "valtype": "modrate"
        },
        {
          "diagnostics": {
            "reason": "Non-zero fmod values are required for a fit.",
            "status": "failed"
          },
          "nt_id": 21,
          "params": {},
          "valtype": "modrate"
        },
        {
          "diagnostics": {
            "reason": "Non-zero fmod values are required for a fit.",
            "status": "failed"
          },
          "nt_id": 22,
          "params": {},
          "valtype": "modrate"
        },
        {
          "diagnostics": {
            "chisq": 4.686895629433921e-08,
            "covariance": {
              "matrix": [
                [
                  0.02138156899951577,
                  0.0032141012370176755,
                  -0.023920219258602902
                ],
                [
                  0.0032141012370176755,
                  0.14253907337813704,
                  -0.03950076683577723
                ],
                [
                  -0.023920219258602902,
                  -0.03950076683577723,
                  0.042628728203936275
                ]
              ],
              "params": [
                "log_kappa",
                "log_kdeg",
                "log_fmod_0"
              ]
            },
            "ndata": 7,
            "nfree": 4,
            "r2": 0.9215130446745252,
            "reduced_chisq": 1.1717239073584803e-08,
            "status": "completed",
            "success": true,
            "time_max": 135.0,
            "time_min": 0.0
          },
          "nt_id": 23,
          "params": {
            "fmod0": 0.0004963769934945931,
            "kdeg": 0.04437775004314857,
            "kobs": 0.0007900614279401926,
            "log_fmod0": -7.608174852414969,
            "log_fmod0_err": 0.20646725697779847,
            "log_kdeg": -3.115017060303444,
            "log_kdeg_err": 0.37754347216994366,
            "log_kobs": -7.143399858639797,
            "log_kobs_err": 0.14622437895069265,
            "metadata": {
              "base": "G",
              "fmod_run_ids": [
                905,
                906,
                907,
                908,
                909,
                910,
                911
              ],
              "site": 18,
              "valtype": "modrate"
            }
          },
          "valtype": "modrate"
        },
        {
          "diagnostics": {
            "chisq": 7.555657474964567e-05,
            "covariance": {
              "matrix": [
                [
                  0.0152661077880253,
                  0.0039016470938458138,
                  -0.6749580917640734
                ],
                [
                  0.0039016470938458138,
                  0.08601905948271032,
                  -0.8542150848516759
                ],
                [
                  -0.6749580917640734,
                  -0.8542150848516759,
                  41.56825203562737
                ]
              ],
              "params": [
                "log_kappa",
                "log_kdeg",
                "log_fmod_0"
              ]
            },
            "ndata": 7,
            "nfree": 4,
            "r2": 0.9453158806847293,
            "reduced_chisq": 1.8889143687411417e-05,
            "status": "completed",
            "success": true,
            "time_max": 135.0,
            "time_min": 0.0
          },
          "nt_id": 24,
          "params": {
            "fmod0": 0.0006568147113616597,
            "kdeg": 0.05925521233552971,
            "kobs": 0.03972031406768505,
            "log_fmod0": -7.328108601536004,
            "log_fmod0_err": 6.44734457242882,
            "log_kdeg": -2.8259015309285234,
            "log_kdeg_err": 0.2932900603203428,
            "log_kobs": -3.2258925327950094,
            "log_kobs_err": 0.12355609166700483,
            "metadata": {
              "base": "C",
              "fmod_run_ids": [
                905,
                906,
                907,
                908,
                909,
                910,
                911
              ],
              "site": 19,
              "valtype": "modrate"
            }
          },
          "valtype": "modrate"
        },
        {
          "diagnostics": {
            "chisq": 4.089621453803481e-06,
            "covariance": {
              "matrix": [
                [
                  0.004927528957285031,
                  0.0012415516729511185,
                  -0.11286005239532129
                ],
                [
                  0.0012415516729511185,
                  0.029406669275877113,
                  -0.1566563171578462
                ],
                [
                  -0.11286005239532129,
                  -0.1566563171578462,
                  3.7188769893019233
                ]
              ],
              "params": [
                "log_kappa",
                "log_kdeg",
                "log_fmod_0"
              ]
            },
            "ndata": 7,
            "nfree": 4,
            "r2": 0.9811858971842485,
            "reduced_chisq": 1.0224053634508702e-06,
            "status": "completed",
            "success": true,
            "time_max": 135.0,
            "time_min": 0.0
          },
          "nt_id": 25,
          "params": {
            "fmod0": 0.0005066692059579766,
            "kdeg": 0.05413710969564462,
            "kobs": 0.015784668931466305,
            "log_fmod0": -7.587652221045456,
            "log_fmod0_err": 1.928439003261945,
            "log_kdeg": -2.916235381968288,
            "log_kdeg_err": 0.1714837288954177,
            "log_kobs": -4.148716130808457,
            "log_kobs_err": 0.07019636000025237,
            "metadata": {
              "base": "A",
              "fmod_run_ids": [
                905,
                906,
                907,
                908,
                909,
                910,
                911
              ],
              "site": 20,
              "valtype": "modrate"
            }
          },
          "valtype": "modrate"
        },
        {
          "diagnostics": {
            "chisq": 2.6690947837231268e-08,
            "covariance": {
              "matrix": [
                [
                  0.021868784321745494,
                  0.0029594654417392802,
                  -0.02295668711623764
                ],
                [
                  0.0029594654417392802,
                  0.14716390023685286,
                  -0.03847478573939717
                ],
                [
                  -0.02295668711623764,
                  -0.03847478573939717,
                  0.038835556932994265
                ]
              ],
              "params": [
                "log_kappa",
                "log_kdeg",
                "log_fmod_0"
              ]
            },
            "ndata": 7,
            "nfree": 4,
            "r2": 0.9198038606523549,
            "reduced_chisq": 6.672736959307817e-09,
            "status": "completed",
            "success": true,
            "time_max": 135.0,
            "time_min": 0.0
          },
          "nt_id": 26,
          "params": {
            "fmod0": 0.0003916676678879947,
            "kdeg": 0.043622686452571384,
            "kobs": 0.0005889916185129879,
            "log_fmod0": -7.845096863747618,
            "log_fmod0_err": 0.19706739185617256,
            "log_kdeg": -3.1321779324716377,
            "log_kdeg_err": 0.3836194732242523,
            "log_kobs": -7.437098604442818,
            "log_kobs_err": 0.147880980256913,
            "metadata": {
              "base": "G",
              "fmod_run_ids": [
                905,
                906,
                907,
                908,
                909,
                910,
                911
              ],
              "site": 21,
              "valtype": "modrate"
            }
          },
          "valtype": "modrate"
        },
        {
          "diagnostics": {
            "chisq": 3.6966833576969884e-07,
            "covariance": {
              "matrix": [
                [
                  0.0007229374027883155,
                  0.00019506240370996815,
                  -0.011879412727643947
                ],
                [
                  0.00019506240370996815,
                  0.004190573465199059,
                  -0.015495503704021961
                ],
                [
                  -0.011879412727643947,
                  -0.015495503704021961,
                  0.27292869371108547
                ]
              ],
              "params": [
                "log_kappa",
                "log_kdeg",
                "log_fmod_0"
              ]
            },
            "ndata": 7,
            "nfree": 4,
            "r2": 0.9971898386155591,
            "reduced_chisq": 9.241708394242471e-08,
            "status": "completed",
            "success": true,
            "time_max": 135.0,
            "time_min": 0.0
          },
          "nt_id": 27,
          "params": {
            "fmod0": 0.0005659134572608686,
            "kdeg": 0.05885114289210535,
            "kobs": 0.01240354120908303,
            "log_fmod0": -7.477069393817806,
            "log_fmod0_err": 0.5224257781839307,
            "log_kdeg": -2.8327440250378264,
            "log_kdeg_err": 0.06473463883578141,
            "log_kobs": -4.389773265764082,
            "log_kobs_err": 0.02688749528662563,
            "metadata": {
              "base": "A",
              "fmod_run_ids": [
                905,
                906,
                907,
                908,
                909,
                910,
                911
              ],
              "site": 22,
              "valtype": "modrate"
            }
          },
          "valtype": "modrate"
        },
        {
          "diagnostics": {
            "chisq": 5.946408537609396e-07,
            "covariance": {
              "matrix": [
                [
                  0.017523996510397554,
                  -0.0022585520370429443,
                  -0.034468920837887024
                ],
                [
                  -0.0022585520370429443,
                  0.15981850678959816,
                  -0.02054769833940094
                ],
                [
                  -0.034468920837887024,
                  -0.02054769833940094,
                  0.08368271871052818
                ]
              ],
              "params": [
                "log_kappa",
                "log_kdeg",
                "log_fmod_0"
              ]
            },
            "ndata": 7,
            "nfree": 4,
            "r2": 0.9348008400354394,
            "reduced_chisq": 1.486602134402349e-07,
            "status": "completed",
            "success": true,
            "time_max": 135.0,
            "time_min": 0.0
          },
          "nt_id": 28,
          "params": {
            "fmod0": 0.0013320026950095266,
            "kdeg": 0.1615520149274402,
            "kobs": 0.003226165698285281,
            "log_fmod0": -6.621071683585561,
            "log_fmod0_err": 0.28927965485067936,
            "log_kdeg": -1.822928114319957,
            "log_kdeg_err": 0.39977306911496446,
            "log_kobs": -5.73646093721154,
            "log_kobs_err": 0.13237823276656005,
            "metadata": {
              "base": "U",
              "fmod_run_ids": [
                905,
                906,
                907,
                908,
                909,
                910,
                911
              ],
              "site": 23,
              "valtype": "modrate"
            }
          },
          "valtype": "modrate"
        },
        {
          "diagnostics": {
            "chisq": 3.6408477231715385e-06,
            "covariance": {
              "matrix": [
                [
                  0.003029394965632336,
                  0.000804367410861447,
                  -0.0309821172898596
                ],
                [
                  0.000804367410861447,
                  0.016796515725879056,
                  -0.03621057017892568
                ],
                [
                  -0.0309821172898596,
                  -0.03621057017892568,
                  0.4275735278447759
                ]
              ],
              "params": [
                "log_kappa",
                "log_kdeg",
                "log_fmod_0"
              ]
            },
            "ndata": 7,
            "nfree": 4,
            "r2": 0.9884142076470063,
            "reduced_chisq": 9.102119307928846e-07,
            "status": "completed",
            "success": true,
            "time_max": 135.0,
            "time_min": 0.0
          },
          "nt_id": 29,
          "params": {
            "fmod0": 0.001431021750437716,
            "kdeg": 0.06723415957265672,
            "kobs": 0.019278910226055004,
            "log_fmod0": -6.549366579056027,
            "log_fmod0_err": 0.6538910672618,
            "log_kdeg": -2.6995738336333646,
            "log_kdeg_err": 0.12960137239195832,
            "log_kobs": -3.948743514942118,
            "log_kobs_err": 0.05503993973136541,
            "metadata": {
              "base": "C",
              "fmod_run_ids": [
                905,
                906,
                907,
                908,
                909,
                910,
                911
              ],
              "site": 24,
              "valtype": "modrate"
            }
          },
          "valtype": "modrate"
        },
        {
          "diagnostics": {
            "chisq": 1.4111442093087197e-07,
            "covariance": {
              "matrix": [
                [
                  0.011557950086820562,
                  0.0013716441538042083,
                  -0.014263421479872385
                ],
                [
                  0.0013716441538042083,
                  0.0696245554749706,
                  -0.01175740604559763
                ],
                [
                  -0.014263421479872385,
                  -0.01175740604559763,
                  0.022270013879578013
                ]
              ],
              "params": [
                "log_kappa",
                "log_kdeg",
                "log_fmod_0"
              ]
            },
            "ndata": 7,
            "nfree": 4,
            "r2": 0.9559908815708494,
            "reduced_chisq": 3.527860523271799e-08,
            "status": "completed",
            "success": true,
            "time_max": 135.0,
            "time_min": 0.0
          },
          "nt_id": 30,
          "params": {
            "fmod0": 0.001253068741655634,
            "kdeg": 0.10771016506516225,
            "kobs": 0.00193191592095251,
            "log_fmod0": -6.68215974291652,
            "log_fmod0_err": 0.14923141049919086,
            "log_kdeg": -2.2283113161244645,
            "log_kdeg_err": 0.2638646537052104,
            "log_kobs": -6.249243063314517,
            "log_kobs_err": 0.10750790708976043,
            "metadata": {
              "base": "U",
              "fmod_run_ids": [
                905,
                906,
                907,
                908,
                909,
                910,
                911
              ],
              "site": 25,
              "valtype": "modrate"
            }
          },
          "valtype": "modrate"
        },
        {
          "diagnostics": {
            "chisq": 7.070197406112036e-09,
            "covariance": {
              "matrix": [
                [
                  0.08277277047983522,
                  -0.14109151605517192,
                  0.007984617188313677
                ],
                [
                  -0.14109151605517192,
                  0.2556266976604137,
                  -0.01985117914578519
                ],
                [
                  0.007984617188313677,
                  -0.01985117914578519,
                  0.004351077834501343
                ]
              ],
              "params": [
                "log_kappa",
                "log_kdeg",
                "log_fmod_0"
              ]
            },
            "ndata": 7,
            "nfree": 4,
            "r2": 0.9807943960152553,
            "reduced_chisq": 1.767549351528009e-09,
            "status": "completed",
            "success": true,
            "time_max": 135.0,
            "time_min": 0.0
          },
          "nt_id": 31,
          "params": {
            "fmod0": 0.000500958439442899,
            "kdeg": 0.008240582961397838,
            "kobs": 0.0009475961863681427,
            "log_fmod0": -7.598987415524177,
            "log_fmod0_err": 0.06596270032754377,
            "log_kdeg": -4.798684189820804,
            "log_kdeg_err": 0.5055953892792275,
            "log_kobs": -6.961582110204265,
            "log_kobs_err": 0.2877025729461508,
            "metadata": {
              "base": "G",
              "fmod_run_ids": [
                905,
                906,
                907,
                908,
                909,
                910,
                911
              ],
              "site": 26,
              "valtype": "modrate"
            }
          },
          "valtype": "modrate"
        },
        {
          "diagnostics": {
            "chisq": 2.4164579953734787e-06,
            "covariance": {
              "matrix": [
                [
                  0.004486167951119767,
                  0.0010294178886641567,
                  -0.28491426804355013
                ],
                [
                  0.0010294178886641567,
                  0.027662947227378165,
                  -0.4180725770169026
                ],
                [
                  -0.28491426804355013,
                  -0.4180725770169026,
                  26.776154161436967
                ]
              ],
              "params": [
                "log_kappa",
                "log_kdeg",
                "log_fmod_0"
              ]
            },
            "ndata": 7,
            "nfree": 4,
            "r2": 0.98275051009571,
            "reduced_chisq": 6.041144988433697e-07,
            "status": "completed",
            "success": true,
            "time_max": 135.0,
            "time_min": 0.0
          },
          "nt_id": 32,
          "params": {
            "fmod0": 0.0001443072005966967,
            "kdeg": 0.05063725917655288,
            "kobs": 0.012626072461430354,
            "log_fmod0": -8.843566193244413,
            "log_fmod0_err": 5.174568016891552,
            "log_kdeg": -2.9830676262967204,
            "log_kdeg_err": 0.16632181825418504,
            "log_kobs": -4.371991359988515,
            "log_kobs_err": 0.06697886197241461,
            "metadata": {
              "base": "A",
              "fmod_run_ids": [
                905,
                906,
                907,
                908,
                909,
                910,
                911
              ],
              "site": 27,
              "valtype": "modrate"
            }
          },
          "valtype": "modrate"
        },
        {
          "diagnostics": {
            "chisq": 1.4024253411365081e-08,
            "covariance": {
              "matrix": [
                [
                  0.02041065622990629,
                  0.005486593544457277,
                  -0.015471317716586688
                ],
                [
                  0.005486593544457277,
                  0.11390472424957115,
                  -0.01762734673900724
                ],
                [
                  -0.015471317716586688,
                  -0.01762734673900724,
                  0.015654476979057787
                ]
              ],
              "params": [
                "log_kappa",
                "log_kdeg",
                "log_fmod_0"
              ]
            },
            "ndata": 7,
            "nfree": 4,
            "r2": 0.9254520772928224,
            "reduced_chisq": 3.5060633528412703e-09,
            "status": "completed",
            "success": true,
            "time_max": 135.0,
            "time_min": 0.0
          },
          "nt_id": 33,
          "params": {
            "fmod0": 0.0004652515720004059,
            "kdeg": 0.07103115108749125,
            "kobs": 0.0004531309790249434,
            "log_fmod0": -7.672932283618163,
            "log_fmod0_err": 0.12511785235951658,
            "log_kdeg": -2.6446367504513106,
            "log_kdeg_err": 0.33749773962142493,
            "log_kobs": -7.699329337352859,
            "log_kobs_err": 0.14286586796679707,
            "metadata": {
              "base": "G",
              "fmod_run_ids": [
                905,
                906,
                907,
                908,
                909,
                910,
                911
              ],
              "site": 28,
              "valtype": "modrate"
            }
          },
          "valtype": "modrate"
        },
        {
          "diagnostics": {
            "chisq": 7.1265657461201784e-06,
            "covariance": {
              "matrix": [
                [
                  0.00538874194591754,
                  0.0011779926948820214,
                  -0.07717588454831713
                ],
                [
                  0.0011779926948820214,
                  0.03324133953058898,
                  -0.11399568144586329
                ],
                [
                  -0.07717588454831713,
                  -0.11399568144586329,
                  1.6469011507681677
                ]
              ],
              "params": [
                "log_kappa",
                "log_kdeg",
                "log_fmod_0"
              ]
            },
            "ndata": 7,
            "nfree": 4,
            "r2": 0.9794930238073937,
            "reduced_chisq": 1.7816414365300446e-06,
            "status": "completed",
            "success": true,
            "time_max": 135.0,
            "time_min": 0.0
          },
          "nt_id": 34,
          "params": {
            "fmod0": 0.000997887791025724,
            "kdeg": 0.04981539854531022,
            "kobs": 0.019918710836207033,
            "log_fmod0": -6.909869721815928,
            "log_fmod0_err": 1.2833164655563989,
            "log_kdeg": -2.999431135009237,
            "log_kdeg_err": 0.18232207636649211,
            "log_kobs": -3.916095745977804,
            "log_kobs_err": 0.0734080509611687,
            "metadata": {
              "base": "C",
              "fmod_run_ids": [
                905,
                906,
                907,
                908,
                909,
                910,
                911
              ],
              "site": 29,
              "valtype": "modrate"
            }
          },
          "valtype": "modrate"
        },
        {
          "diagnostics": {
            "chisq": 1.9772546537993347e-06,
            "covariance": {
              "matrix": [
                [
                  0.001602128889023607,
                  0.00035591726220414455,
                  -0.027422147560703495
                ],
                [
                  0.00035591726220414455,
                  0.00985777462130423,
                  -0.04030721890344496
                ],
                [
                  -0.027422147560703495,
                  -0.04030721890344496,
                  0.6971470223452417
                ]
              ],
              "params": [
                "log_kappa",
                "log_kdeg",
                "log_fmod_0"
              ]
            },
            "ndata": 7,
            "nfree": 4,
            "r2": 0.9938109771300904,
            "reduced_chisq": 4.943136634498337e-07,
            "status": "completed",
            "success": true,
            "time_max": 135.0,
            "time_min": 0.0
          },
          "nt_id": 35,
          "params": {
            "fmod0": 0.0008083679332841441,
            "kdeg": 0.050159424471596215,
            "kobs": 0.019235303814691202,
            "log_fmod0": -7.120493240114009,
            "log_fmod0_err": 0.8349533054879427,
            "log_kdeg": -2.992548856575047,
            "log_kdeg_err": 0.09928632645689048,
            "log_kobs": -3.9510079480135496,
            "log_kobs_err": 0.04002660226678761,
            "metadata": {
              "base": "C",
              "fmod_run_ids": [
                905,
                906,
                907,
                908,
                909,
                910,
                911
              ],
              "site": 30,
              "valtype": "modrate"
            }
          },
          "valtype": "modrate"
        },
        {
          "diagnostics": {
            "chisq": 1.5548976718042514e-07,
            "covariance": {
              "matrix": [
                [
                  0.012571162759143049,
                  0.0009182365041760519,
                  -0.017229864053001625
                ],
                [
                  0.0009182365041760519,
                  0.08028778990826843,
                  -0.013273242896646512
                ],
                [
                  -0.017229864053001625,
                  -0.013273242896646512,
                  0.029680847718008718
                ]
              ],
              "params": [
                "log_kappa",
                "log_kdeg",
                "log_fmod_0"
              ]
            },
            "ndata": 7,
            "nfree": 4,
            "r2": 0.9522484677587735,
            "reduced_chisq": 3.8872441795106284e-08,
            "status": "completed",
            "success": true,
            "time_max": 135.0,
            "time_min": 0.0
          },
          "nt_id": 36,
          "params": {
            "fmod0": 0.0011408434026663427,
            "kdeg": 0.11756405794756772,
            "kobs": 0.0019457057385666207,
            "log_fmod0": -6.775987463212449,
            "log_fmod0_err": 0.17228130402922054,
            "log_kdeg": -2.1407719199294384,
            "log_kdeg_err": 0.28335100124804297,
            "log_kobs": -6.2421305201329025,
            "log_kobs_err": 0.11212119674326995,
            "metadata": {
              "base": "U",
              "fmod_run_ids": [
                905,
                906,
                907,
                908,
                909,
                910,
                911
              ],
              "site": 31,
              "valtype": "modrate"
            }
          },
          "valtype": "modrate"
        },
        {
          "diagnostics": {
            "chisq": 6.47104131371903e-08,
            "covariance": {
              "matrix": [
                [
                  0.01616401029975488,
                  0.0009006665279523875,
                  -0.023610776144795592
                ],
                [
                  0.0009006665279523875,
                  0.10595355084811865,
                  -0.01775497325919702
                ],
                [
                  -0.023610776144795592,
                  -0.01775497325919702,
                  0.043252430763091106
                ]
              ],
              "params": [
                "log_kappa",
                "log_kdeg",
                "log_fmod_0"
              ]
            },
            "ndata": 7,
            "nfree": 4,
            "r2": 0.9393570320117196,
            "reduced_chisq": 1.6177603284297576e-08,
            "status": "completed",
            "success": true,
            "time_max": 135.0,
            "time_min": 0.0
          },
          "nt_id": 37,
          "params": {
            "fmod0": 0.000609908467971087,
            "kdeg": 0.12139938461763991,
            "kobs": 0.0011061544574699188,
            "log_fmod0": -7.402201664562336,
            "log_fmod0_err": 0.20797218747489074,
            "log_kdeg": -2.108669469417034,
            "log_kdeg_err": 0.3255050703877263,
            "log_kobs": -6.806865731500791,
            "log_kobs_err": 0.12713776110878655,
            "metadata": {
              "base": "G",
              "fmod_run_ids": [
                905,
                906,
                907,
                908,
                909,
                910,
                911
              ],
              "site": 32,
              "valtype": "modrate"
            }
          },
          "valtype": "modrate"
        },
        {
          "diagnostics": {
            "chisq": 3.768037889070349e-08,
            "covariance": {
              "matrix": [
                [
                  51.203927005387385,
                  -51.3037032732679,
                  -0.09091255205538867
                ],
                [
                  -51.3037032732679,
                  51.74330217426791,
                  0.05720012814742312
                ],
                [
                  -0.09091255205538867,
                  0.05720012814742312,
                  0.006108656927418548
                ]
              ],
              "params": [
                "log_kappa",
                "log_kdeg",
                "log_fmod_0"
              ]
            },
            "ndata": 7,
            "nfree": 4,
            "r2": 0.4262062638195001,
            "reduced_chisq": 9.420094722675872e-09,
            "status": "completed",
            "success": true,
            "time_max": 135.0,
            "time_min": 0.0
          },
          "nt_id": 38,
          "params": {
            "fmod0": 0.0007242175741641121,
            "kdeg": 3.755936024226913e-14,
            "kobs": 35218426.12039477,
            "log_fmod0": -7.230418693923427,
            "log_fmod0_err": 0.07815789740914572,
            "log_kdeg": -30.912853773669116,
            "log_kdeg_err": 7.193281738835752,
            "log_kobs": 17.377079972935448,
            "log_kobs_err": 7.155691930581374,
            "metadata": {
              "base": "G",
              "fmod_run_ids": [
                905,
                906,
                907,
                908,
                909,
                910,
                911
              ],
              "site": 33,
              "valtype": "modrate"
            }
          },
          "valtype": "modrate"
        },
        {
          "diagnostics": {
            "chisq": 2.123309118201498e-08,
            "covariance": {
              "matrix": [
                [
                  0.046285779185418645,
                  0.010970528046610724,
                  -0.014584488495037014
                ],
                [
                  0.010970528046610724,
                  0.28834528328124165,
                  -0.0215594777007299
                ],
                [
                  -0.014584488495037014,
                  -0.0215594777007299,
                  0.006794811139044877
                ]
              ],
              "params": [
                "log_kappa",
                "log_kdeg",
                "log_fmod_0"
              ]
            },
            "ndata": 7,
            "nfree": 4,
            "r2": 0.8450113471401974,
            "reduced_chisq": 5.308272795503745e-09,
            "status": "completed",
            "success": true,
            "time_max": 135.0,
            "time_min": 0.0
          },
          "nt_id": 39,
          "params": {
            "fmod0": 0.0008488185790852666,
            "kdeg": 0.050856099273082926,
            "kobs": 0.0003638136701298293,
            "log_fmod0": -7.071665082255059,
            "log_fmod0_err": 0.08243064441726072,
            "log_kdeg": -2.978755217307247,
            "log_kdeg_err": 0.5369779169400187,
            "log_kobs": -7.9188687166383565,
            "log_kobs_err": 0.21514130051066124,
            "metadata": {
              "base": "G",
              "fmod_run_ids": [
                905,
                906,
                907,
                908,
                909,
                910,
                911
              ],
              "site": 34,
              "valtype": "modrate"
            }
          },
          "valtype": "modrate"
        },
        {
          "diagnostics": {
            "chisq": 1.5884267292251977e-08,
            "covariance": {
              "matrix": [
                [
                  0.043846322977634036,
                  0.008648493167388135,
                  -0.023720314696836203
                ],
                [
                  0.008648493167388135,
                  0.24658816776261322,
                  -0.022381897702570496
                ],
                [
                  -0.023720314696836203,
                  -0.022381897702570496,
                  0.016509386514585812
                ]
              ],
              "params": [
                "log_kappa",
                "log_kdeg",
                "log_fmod_0"
              ]
            },
            "ndata": 7,
            "nfree": 4,
            "r2": 0.8516978000115186,
            "reduced_chisq": 3.971066823062994e-09,
            "status": "completed",
            "success": true,
            "time_max": 135.0,
            "time_min": 0.0
          },
          "nt_id": 40,
          "params": {
            "fmod0": 0.00048644636004837525,
            "kdeg": 0.09059191907011775,
            "kobs": 0.00033140950208713083,
            "log_fmod0": -7.628383919254818,
            "log_fmod0_err": 0.1284888575503176,
            "log_kdeg": -2.401390263397738,
            "log_kdeg_err": 0.4965764470477967,
            "log_kobs": -8.012155780820608,
            "log_kobs_err": 0.20939513599325568,
            "metadata": {
              "base": "G",
              "fmod_run_ids": [
                905,
                906,
                907,
                908,
                909,
                910,
                911
              ],
              "site": 35,
              "valtype": "modrate"
            }
          },
          "valtype": "modrate"
        },
        {
          "diagnostics": {
            "chisq": 7.979472236485835e-09,
            "covariance": {
              "matrix": [
                [
                  0.008299291416971598,
                  0.0018162049501090573,
                  -0.0067407303394399
                ],
                [
                  0.0018162049501090573,
                  0.04617240830552771,
                  -0.006651259743562093
                ],
                [
                  -0.0067407303394399,
                  -0.006651259743562093,
                  0.0070936009328723525
                ]
              ],
              "params": [
                "log_kappa",
                "log_kdeg",
                "log_fmod_0"
              ]
            },
            "ndata": 7,
            "nfree": 4,
            "r2": 0.9681523578533059,
            "reduced_chisq": 1.9948680591214587e-09,
            "status": "completed",
            "success": true,
            "time_max": 135.0,
            "time_min": 0.0
          },
          "nt_id": 41,
          "params": {
            "fmod0": 0.0005251110067900665,
            "kdeg": 0.08547775617475603,
            "kobs": 0.0005393109989504978,
            "log_fmod0": -7.551900876218366,
            "log_fmod0_err": 0.08422351769471727,
            "log_kdeg": -2.459499098586108,
            "log_kdeg_err": 0.2148776589260217,
            "log_kobs": -7.52521816096443,
            "log_kobs_err": 0.09110044685385246,
            "metadata": {
              "base": "G",
              "fmod_run_ids": [
                905,
                906,
                907,
                908,
                909,
                910,
                911
              ],
              "site": 36,
              "valtype": "modrate"
            }
          },
          "valtype": "modrate"
        },
        {
          "diagnostics": {
            "chisq": 9.86489462699934e-06,
            "covariance": {
              "matrix": [
                [
                  0.007108825873798372,
                  0.0014093796270556993,
                  -0.17764480868067486
                ],
                [
                  0.0014093796270556993,
                  0.04464276309650388,
                  -0.2704295943853249
                ],
                [
                  -0.17764480868067486,
                  -0.2704295943853249,
                  6.7402600248391
                ]
              ],
              "params": [
                "log_kappa",
                "log_kdeg",
                "log_fmod_0"
              ]
            },
            "ndata": 7,
            "nfree": 4,
            "r2": 0.9730962452851342,
            "reduced_chisq": 2.466223656749835e-06,
            "status": "completed",
            "success": true,
            "time_max": 135.0,
            "time_min": 0.0
          },
          "nt_id": 42,
          "params": {
            "fmod0": 0.0005781585864096055,
            "kdeg": 0.04796385968414403,
            "kobs": 0.020372001387454545,
            "log_fmod0": -7.455662355973848,
            "log_fmod0_err": 2.5962010755792972,
            "log_kdeg": -3.0373074749103095,
            "log_kdeg_err": 0.21128834112772027,
            "log_kobs": -3.8935938018538248,
            "log_kobs_err": 0.08431385339194486,
            "metadata": {
              "base": "C",
              "fmod_run_ids": [
                905,
                906,
                907,
                908,
                909,
                910,
                911
              ],
              "site": 37,
              "valtype": "modrate"
            }
          },
          "valtype": "modrate"
        },
        {
          "diagnostics": {
            "chisq": 1.8572821796724257e-07,
            "covariance": {
              "matrix": [
                [
                  0.01815541362706074,
                  0.001002389999686378,
                  -0.03293812565978092
                ],
                [
                  0.001002389999686378,
