{
  "artifacts": {},
  "engine": "python_baseline",
  "engine_version": "0.1.0",
  "metadata": {
    "buffer_pH": 6.4,
    "done_by": [
      "EKC"
    ],
    "experiment_id": "ekc.01.0xx",
    "fmod_run_id": 620,
    "initial_kdeg": 0.019705462789320123,
    "initial_kdeg_source": "arrhenius:nmr:deg:dms:Schwalbe_bistris",
    "initial_log_kdeg": -3.926859382728182,
    "notes": "Baseline python engine demo using examples/nerd.sqlite",
    "rg_id": 93,
    "rg_label": "70_1_14",
    "rounds_requested": [
      "round1_free",
      "round2_global",
      "round3_constrained"
    ],
    "rt_protocol": [
      "MRT"
    ],
    "selected_site_bases": [
      "17_G",
      "18_G",
      "19_C",
      "1_U",
      "20_A",
      "21_G",
      "22_A",
      "23_U",
      "24_C",
      "25_U",
      "26_G",
      "27_A",
      "28_G",
      "29_C",
      "2_A",
      "31_U",
      "32_U",
      "33_C",
      "34_G",
      "36_G",
      "37_C",
      "38_U",
      "39_C",
      "3_A",
      "40_U",
      "41_C",
      "42_U",
      "43_G",
      "44_C",
      "45_C",
      "61_A",
      "62_A",
      "63_U",
      "64_C",
      "65_C"
    ],
    "temperature_c": 70.0,
    "valtypes": [
      "modrate",
      "GAmodrate"
    ]
  },
  "rounds": [
    {
      "global_params": {},
      "notes": null,
      "per_nt": [
        {
          "diagnostics": {
            "reason": "Non-zero fmod values are required for a fit.",
            "status": "failed"
          },
          "nt_id": 243,
          "params": {},
          "valtype": "modrate"
        },
        {
          "diagnostics": {
            "reason": "Non-zero fmod values are required for a fit.",
            "status": "failed"
          },
          "nt_id": 244,
          "params": {},
          "valtype": "modrate"
        },
        {
          "diagnostics": {
            "reason": "Non-zero fmod values are required for a fit.",
            "status": "failed"
          },
          "nt_id": 245,
          "params": {},
          "valtype": "modrate"
        },
        {
          "diagnostics": {
            "reason": "Non-zero fmod values are required for a fit.",
            "status": "failed"
          },
          "nt_id": 246,
          "params": {},
          "valtype": "modrate"
        },
        {
          "diagnostics": {
            "chisq": 1.036692520354615e-05,
            "covariance": {
              "matrix": [
                [
                  7.740893680268011,
                  -14.341552100133026,
                  1.9573497323552105
                ],
                [
                  -14.341552100133026,
                  29.194336490732926,
                  -5.859381990749261
                ],
                [
                  1.9573497323552105,
                  -5.859381990749261,
                  3.1048960619601864
                ]
              ],
              "params": [
                "log_kappa",
                "log_kdeg",
                "log_fmod_0"
              ]
            },
            "ndata": 7,
            "nfree": 4,
            "r2": 0.26479491810529876,
            "reduced_chisq": 2.5917313008865374e-06,
            "status": "completed",
            "success": true,
            "time_max": 300.0,
            "time_min": 0.0
          },
          "nt_id": 247,
          "params": {
            "fmod0": 0.0007223523349431292,
            "kdeg": 0.004333188363278788,
            "kobs": 0.0028057676889499572,
            "log_fmod0": -7.23299753956782,
            "log_fmod0_err": 1.7620715257787314,
            "log_kdeg": -5.4414516653763005,
            "log_kdeg_err": 5.4031783693242,
            "log_kobs": -5.876078091552468,
            "log_kobs_err": 2.7822461573821986,
            "metadata": {
              "base": "G",
              "fmod_run_ids": [
                615,
                616,
                617,
                618,
                619,
                620,
                621
              ],
              "site": 18,
              "valtype": "modrate"
            }
          },
          "valtype": "modrate"
        },
        {
          "diagnostics": {
            "chisq": 3.464684862083593e-05,
            "covariance": {
              "matrix": [
                [
                  0.017415893568836664,
                  -0.004552811098109406,
                  -0.11837021361613212
                ],
                [
                  -0.004552811098109406,
                  0.12429521521701294,
                  -0.2570896502706456
                ],
                [
                  -0.11837021361613212,
                  -0.2570896502706456,
                  1.794782674964413
                ]
              ],
              "params": [
                "log_kappa",
                "log_kdeg",
                "log_fmod_0"
              ]
            },
            "ndata": 7,
            "nfree": 4,
            "r2": 0.9370000601129809,
            "reduced_chisq": 8.661712155208982e-06,
            "status": "completed",
            "success": true,
            "time_max": 300.0,
            "time_min": 0.0
          },
          "nt_id": 248,
          "params": {
            "fmod0": 0.0019776076675244347,
            "kdeg": 0.014526924905086962,
            "kobs": 0.024683073701052077,
            "log_fmod0": -6.22586741352171,
            "log_fmod0_err": 1.3396949932594406,
            "log_kdeg": -4.231751461438615,
            "log_kdeg_err": 0.35255526547906346,
            "log_kobs": -3.701637545517671,
            "log_kobs_err": 0.1319692902490449,
            "metadata": {
              "base": "C",
              "fmod_run_ids": [
                615,
                616,
                617,
                618,
                619,
                620,
                621
              ],
              "site": 19,
              "valtype": "modrate"
            }
          },
          "valtype": "modrate"
        },
        {
          "diagnostics": {
            "chisq": 7.685321054879883e-06,
            "covariance": {
              "matrix": [
                [
                  0.011678133199648008,
                  -0.0003387367968257398,
                  -0.16940244827461895
                ],
                [
                  -0.0003387367968257398,
                  0.07550716377664378,
                  -0.3073205113053661
                ],
                [
                  -0.16940244827461895,
                  -0.3073205113053661,
                  4.517086490751313
                ]
              ],
              "params": [
                "log_kappa",
                "log_kdeg",
                "log_fmod_0"
              ]
            },
            "ndata": 7,
            "nfree": 4,
            "r2": 0.9560013023559855,
            "reduced_chisq": 1.9213302637199707e-06,
            "status": "completed",
            "success": true,
            "time_max": 300.0,
            "time_min": 0.0
          },
          "nt_id": 249,
          "params": {
            "fmod0": 0.0005976104539131235,
            "kdeg": 0.01701284809105763,
            "kobs": 0.013930932607487971,
            "log_fmod0": -7.422571431137486,
            "log_fmod0_err": 2.1253438523569104,
            "log_kdeg": -4.073786450314087,
            "log_kdeg_err": 0.274785668797781,
            "log_kobs": -4.273643543863034,
            "log_kobs_err": 0.10806541167111708,
            "metadata": {
              "base": "A",
              "fmod_run_ids": [
                615,
                616,
                617,
                618,
                619,
                620,
                621
              ],
              "site": 20,
              "valtype": "modrate"
            }
          },
          "valtype": "modrate"
        },
        {
          "diagnostics": {
            "chisq": 3.0826139018546404e-06,
            "covariance": {
              "matrix": [
                [
                  3.830375495255952,
                  -7.672493843944618,
                  1.036154539826743
                ],
                [
                  -7.672493843944618,
                  18.16768679572703,
                  -4.41043672441083
                ],
                [
                  1.036154539826743,
                  -4.41043672441083,
                  2.8648038955423774
                ]
              ],
              "params": [
                "log_kappa",
                "log_kdeg",
                "log_fmod_0"
              ]
            },
            "ndata": 7,
            "nfree": 4,
            "r2": 0.2978195507349305,
            "reduced_chisq": 7.706534754636601e-07,
            "status": "completed",
            "success": true,
            "time_max": 300.0,
            "time_min": 0.0
          },
          "nt_id": 250,
          "params": {
            "fmod0": 0.0004157209175427075,
            "kdeg": 0.005156883734169144,
            "kobs": 0.0015328751483563567,
            "log_fmod0": -7.785496394129421,
            "log_fmod0_err": 1.692573158106431,
            "log_kdeg": -5.267422809412927,
            "log_kdeg_err": 4.262356953110219,
            "log_kobs": -6.480610125099013,
            "log_kobs_err": 1.9571345112832566,
            "metadata": {
              "base": "G",
              "fmod_run_ids": [
                615,
                616,
                617,
                618,
                619,
                620,
                621
              ],
              "site": 21,
              "valtype": "modrate"
            }
          },
          "valtype": "modrate"
        },
        {
          "diagnostics": {
            "chisq": 4.828345964646402e-06,
            "covariance": {
              "matrix": [
                [
                  0.005507664737290966,
                  0.0007945045166982029,
                  -0.11960142306984842
                ],
                [
                  0.0007945045166982029,
                  0.03124254868649436,
                  -0.17266687838260797
                ],
                [
                  -0.11960142306984842,
                  -0.17266687838260797,
                  4.020018983546414
                ]
              ],
              "params": [
                "log_kappa",
                "log_kdeg",
                "log_fmod_0"
              ]
            },
            "ndata": 7,
            "nfree": 4,
            "r2": 0.9788797790419502,
            "reduced_chisq": 1.2070864911616004e-06,
            "status": "completed",
            "success": true,
            "time_max": 300.0,
            "time_min": 0.0
          },
          "nt_id": 251,
          "params": {
            "fmod0": 0.0005162743131281438,
            "kdeg": 0.022001347960288197,
            "kobs": 0.016201948350586654,
            "log_fmod0": -7.568872319150261,
            "log_fmod0_err": 2.0049984996369483,
            "log_kdeg": -3.8166515565786168,
            "log_kdeg_err": 0.17675561854293165,
            "log_kobs": -4.12262377542075,
            "log_kobs_err": 0.07421364252811585,
            "metadata": {
              "base": "A",
              "fmod_run_ids": [
                615,
                616,
                617,
                618,
                619,
                620,
                621
              ],
              "site": 22,
              "valtype": "modrate"
            }
          },
          "valtype": "modrate"
        },
        {
          "diagnostics": {
            "chisq": 6.279667998938071e-07,
            "covariance": {
              "matrix": [
                [
                  0.0072621537405483695,
                  -0.0014336813782030505,
                  -0.023956340610876096
                ],
                [
                  -0.0014336813782030505,
                  0.08476111907084032,
                  -0.012986563414142737
                ],
                [
                  -0.023956340610876096,
                  -0.012986563414142737,
                  0.09653767012558445
                ]
              ],
              "params": [
                "log_kappa",
                "log_kdeg",
                "log_fmod_0"
              ]
            },
            "ndata": 7,
            "nfree": 4,
            "r2": 0.9720010761476554,
            "reduced_chisq": 1.5699169997345177e-07,
            "status": "completed",
            "success": true,
            "time_max": 300.0,
            "time_min": 0.0
          },
          "nt_id": 252,
          "params": {
            "fmod0": 0.0012749787502754429,
            "kdeg": 0.0919387899533623,
            "kobs": 0.005144412462760294,
            "log_fmod0": -6.664825766961267,
            "log_fmod0_err": 0.31070511763661773,
            "log_kdeg": -2.386632249954943,
            "log_kdeg_err": 0.2911376290877569,
            "log_kobs": -5.269844111987552,
            "log_kobs_err": 0.08521827116615527,
            "metadata": {
              "base": "U",
              "fmod_run_ids": [
                615,
                616,
                617,
                618,
                619,
                620,
                621
              ],
              "site": 23,
              "valtype": "modrate"
            }
          },
          "valtype": "modrate"
        },
        {
          "diagnostics": {
            "chisq": 5.699898401959696e-06,
            "covariance": {
              "matrix": [
                [
                  0.0028754025671101726,
                  0.0004655820389175852,
                  -0.031988748460592326
                ],
                [
                  0.0004655820389175852,
                  0.01582884322905835,
                  -0.04341261271523526
                ],
                [
                  -0.031988748460592326,
                  -0.04341261271523526,
                  0.5330907430307612
                ]
              ],
              "params": [
                "log_kappa",
                "log_kdeg",
                "log_fmod_0"
              ]
            },
            "ndata": 7,
            "nfree": 4,
            "r2": 0.9889713119628292,
            "reduced_chisq": 1.424974600489924e-06,
            "status": "completed",
            "success": true,
            "time_max": 300.0,
            "time_min": 0.0
          },
          "nt_id": 253,
          "params": {
            "fmod0": 0.0015527167287213415,
            "kdeg": 0.023770759678455045,
            "kobs": 0.0246500825125124,
            "log_fmod0": -6.467749154079279,
            "log_fmod0_err": 0.7301306342229185,
            "log_kdeg": -3.7392990385727685,
            "log_kdeg_err": 0.12581273079087962,
            "log_kobs": -3.702975031135454,
            "log_kobs_err": 0.05362278030007557,
            "metadata": {
              "base": "C",
              "fmod_run_ids": [
                615,
                616,
                617,
                618,
                619,
                620,
                621
              ],
              "site": 24,
              "valtype": "modrate"
            }
          },
          "valtype": "modrate"
        },
        {
          "diagnostics": {
            "chisq": 1.6810260617024018e-07,
            "covariance": {
              "matrix": [
                [
                  0.004776178099472426,
                  -0.0007703637163766504,
                  -0.01137491793139154
                ],
                [
                  -0.0007703637163766504,
                  0.05146939640281849,
                  -0.006469247754937606
                ],
                [
                  -0.01137491793139154,
                  -0.006469247754937606,
                  0.03317489646853601
                ]
              ],
              "params": [
                "log_kappa",
                "log_kdeg",
                "log_fmod_0"
              ]
            },
            "ndata": 7,
            "nfree": 4,
            "r2": 0.9813566453903293,
            "reduced_chisq": 4.2025651542560046e-08,
            "status": "completed",
            "success": true,
            "time_max": 300.0,
            "time_min": 0.0
          },
          "nt_id": 254,
          "params": {
            "fmod0": 0.0011252171878532555,
            "kdeg": 0.08755625732917116,
            "kobs": 0.003276982956485877,
            "log_fmod0": -6.789779206089079,
            "log_fmod0_err": 0.18213977179225851,
            "log_kdeg": -2.4354737513117097,
            "log_kdeg_err": 0.22686867655720674,
            "log_kobs": -5.720832110229281,
            "log_kobs_err": 0.0691098987083068,
            "metadata": {
              "base": "U",
              "fmod_run_ids": [
                615,
                616,
                617,
                618,
                619,
                620,
                621
              ],
              "site": 25,
              "valtype": "modrate"
            }
          },
          "valtype": "modrate"
        },
        {
          "diagnostics": {
            "chisq": 1.7755482261911027e-06,
            "covariance": {
              "matrix": [
                [
                  5.4199521706157245,
                  -9.97123850304054,
                  0.8999958852405451
                ],
                [
                  -9.97123850304054,
                  20.065434417945305,
                  -2.6297484659456045
                ],
                [
                  0.8999958852405451,
                  -2.6297484659456045,
                  0.9088552769688402
                ]
              ],
              "params": [
                "log_kappa",
                "log_kdeg",
                "log_fmod_0"
              ]
            },
            "ndata": 7,
            "nfree": 4,
            "r2": 0.34991940530642374,
            "reduced_chisq": 4.438870565477757e-07,
            "status": "completed",
            "success": true,
            "time_max": 300.0,
            "time_min": 0.0
          },
          "nt_id": 255,
          "params": {
            "fmod0": 0.0005519149044712299,
            "kdeg": 0.004267527055467713,
            "kobs": 0.0014296958362703042,
            "log_fmod0": -7.502116682137444,
            "log_fmod0_err": 0.9533390147103181,
            "log_kdeg": -5.456720763428789,
            "log_kdeg_err": 4.479445771291947,
            "log_kobs": -6.550293559243459,
            "log_kobs_err": 2.3280790731020553,
            "metadata": {
              "base": "G",
              "fmod_run_ids": [
                615,
                616,
                617,
                618,
                619,
                620,
                621
              ],
              "site": 26,
              "valtype": "modrate"
            }
          },
          "valtype": "modrate"
        },
        {
          "diagnostics": {
            "chisq": 1.148246800598601e-06,
            "covariance": {
              "matrix": [
                [
                  0.0018849420583247865,
                  1.8568191852468207e-05,
                  -0.0337006798699538
                ],
                [
                  1.8568191852468207e-05,
                  0.011910258989332494,
                  -0.05885408686548435
                ],
                [
                  -0.0337006798699538,
                  -0.05885408686548435,
                  1.0706956594247194
                ]
              ],
              "params": [
                "log_kappa",
                "log_kdeg",
                "log_fmod_0"
              ]
            },
            "ndata": 7,
            "nfree": 4,
            "r2": 0.9926213358575956,
            "reduced_chisq": 2.8706170014965024e-07,
            "status": "completed",
            "success": true,
            "time_max": 300.0,
            "time_min": 0.0
          },
          "nt_id": 256,
          "params": {
            "fmod0": 0.00047650293245692863,
            "kdeg": 0.017665191017384303,
            "kobs": 0.01339448872562183,
            "log_fmod0": -7.6490366807296075,
            "log_fmod0_err": 1.0347442483168097,
            "log_kdeg": -4.036159184904595,
            "log_kdeg_err": 0.10913413301681786,
            "log_kobs": -4.312911945760544,
            "log_kobs_err": 0.043415919411257275,
            "metadata": {
              "base": "A",
              "fmod_run_ids": [
                615,
                616,
                617,
                618,
                619,
                620,
                621
              ],
              "site": 27,
              "valtype": "modrate"
            }
          },
          "valtype": "modrate"
        },
        {
          "diagnostics": {
            "chisq": 5.428059427736605e-07,
            "covariance": {
              "matrix": [
                [
                  0.2346807956964093,
                  -0.27215826293829914,
                  -0.10276455003690486
                ],
                [
                  -0.27215826293829914,
                  2.054711170440748,
                  -0.4303222287211424
                ],
                [
                  -0.10276455003690486,
                  -0.4303222287211424,
                  0.27036380539223365
                ]
              ],
              "params": [
                "log_kappa",
                "log_kdeg",
                "log_fmod_0"
              ]
            },
            "ndata": 7,
            "nfree": 4,
            "r2": 0.5574572918332427,
            "reduced_chisq": 1.3570148569341512e-07,
            "status": "completed",
            "success": true,
            "time_max": 300.0,
            "time_min": 0.0
          },
          "nt_id": 257,
          "params": {
            "fmod0": 0.0006120948319282653,
            "kdeg": 0.01051829289194065,
            "kobs": 0.0009115223919109171,
            "log_fmod0": -7.398623333324947,
            "log_fmod0_err": 0.519965196327825,
            "log_kdeg": -4.554639357469417,
            "log_kdeg_err": 1.4334263742657827,
            "log_kobs": -7.000394398145192,
            "log_kobs_err": 0.4844386397640152,
            "metadata": {
              "base": "G",
              "fmod_run_ids": [
                615,
                616,
                617,
                618,
                619,
                620,
                621
              ],
              "site": 28,
              "valtype": "modrate"
            }
          },
          "valtype": "modrate"
        },
        {
          "diagnostics": {
            "chisq": 1.3134128559371002e-06,
            "covariance": {
              "matrix": [
                [
                  0.0016348970802994346,
                  0.00015457113984240395,
                  -0.0074387321062761086
                ],
                [
                  0.00015457113984240395,
                  0.009702017287719359,
                  -0.01170689953846434
                ],
                [
                  -0.0074387321062761086,
                  -0.01170689953846434,
                  0.055473448743489695
                ]
              ],
              "params": [
                "log_kappa",
                "log_kdeg",
                "log_fmod_0"
              ]
            },
            "ndata": 7,
            "nfree": 4,
            "r2": 0.993617144714142,
            "reduced_chisq": 3.2835321398427506e-07,
            "status": "completed",
            "success": true,
            "time_max": 300.0,
            "time_min": 0.0
          },
          "nt_id": 258,
          "params": {
            "fmod0": 0.0022667384034170466,
            "kdeg": 0.01974687157089,
            "kobs": 0.015444220595876655,
            "log_fmod0": -6.089413307402647,
            "log_fmod0_err": 0.2355280211428986,
            "log_kdeg": -3.9247602016557686,
            "log_kdeg_err": 0.09849881871230415,
            "log_kobs": -4.17052041708486,
            "log_kobs_err": 0.04043386056635496,
            "metadata": {
              "base": "C",
              "fmod_run_ids": [
                615,
                616,
                617,
                618,
                619,
                620,
                621
              ],
              "site": 29,
              "valtype": "modrate"
            }
          },
          "valtype": "modrate"
        },
        {
          "diagnostics": {
            "chisq": 7.890788621500114e-07,
            "covariance": {
              "matrix": [
                [
                  0.01026047317736145,
                  -0.003952424589853474,
                  -0.03518130574817806
                ],
                [
                  -0.003952424589853474,
                  0.18364424549652697,
                  -0.015638179654924977
                ],
                [
                  -0.03518130574817806,
                  -0.015638179654924977,
                  0.14619495120305498
                ]
              ],
              "params": [
                "log_kappa",
                "log_kdeg",
                "log_fmod_0"
              ]
            },
            "ndata": 7,
            "nfree": 4,
            "r2": 0.9610685739153678,
            "reduced_chisq": 1.9726971553750285e-07,
            "status": "completed",
            "success": true,
            "time_max": 300.0,
            "time_min": 0.0
          },
          "nt_id": 259,
          "params": {
            "fmod0": 0.0011615519015403819,
            "kdeg": 0.11268454377904354,
            "kobs": 0.004842814250099914,
            "log_fmod0": -6.757998321827157,
            "log_fmod0_err": 0.3823544836968111,
            "log_kdeg": -2.1831630121593317,
            "log_kdeg_err": 0.42853733267537725,
            "log_kobs": -5.330259270601791,
            "log_kobs_err": 0.10129399378720068,
            "metadata": {
              "base": "U",
              "fmod_run_ids": [
                615,
                616,
                617,
                618,
                619,
                620,
                621
              ],
              "site": 31,
              "valtype": "modrate"
            }
          },
          "valtype": "modrate"
        },
        {
          "diagnostics": {
            "chisq": 5.914765170561631e-07,
            "covariance": {
              "matrix": [
                [
                  0.010107777957985176,
                  -0.0016038052590183819,
                  -0.029400882546018026
                ],
                [
                  -0.0016038052590183819,
                  0.10814919593772679,
                  -0.016773510030857558
                ],
                [
                  -0.029400882546018026,
                  -0.016773510030857558,
                  0.10475091167131474
                ]
              ],
              "params": [
                "log_kappa",
                "log_kdeg",
                "log_fmod_0"
              ]
            },
            "ndata": 7,
            "nfree": 4,
            "r2": 0.9613826608454987,
            "reduced_chisq": 1.4786912926404077e-07,
            "status": "completed",
            "success": true,
            "time_max": 300.0,
            "time_min": 0.0
          },
          "nt_id": 260,
          "params": {
            "fmod0": 0.0011877905918885494,
            "kdeg": 0.08717656515851029,
            "kobs": 0.0042295653930428615,
            "log_fmod0": -6.735660343033053,
            "log_fmod0_err": 0.32365245506764617,
            "log_kdeg": -2.4398197323686888,
            "log_kdeg_err": 0.32886045055270297,
            "log_kobs": -5.465656035163971,
            "log_kobs_err": 0.1005374455513227,
            "metadata": {
              "base": "U",
              "fmod_run_ids": [
                615,
                616,
                617,
                618,
                619,
                620,
                621
              ],
              "site": 32,
              "valtype": "modrate"
            }
          },
          "valtype": "modrate"
        },
        {
          "diagnostics": {
            "chisq": 7.252533303663478e-07,
            "covariance": {
              "matrix": [
                [
                  0.0003658818192758831,
                  4.922885522743361e-05,
                  -0.004588072006337736
                ],
                [
                  4.922885522743361e-05,
                  0.0020723560195624836,
                  -0.0066655710287086885
                ],
                [
                  -0.004588072006337736,
                  -0.0066655710287086885,
                  0.08971579663482426
                ]
              ],
              "params": [
                "log_kappa",
                "log_kdeg",
                "log_fmod_0"
              ]
            },
            "ndata": 7,
            "nfree": 4,
            "r2": 0.998580689616849,
            "reduced_chisq": 1.8131333259158694e-07,
            "status": "completed",
            "success": true,
            "time_max": 300.0,
            "time_min": 0.0
          },
          "nt_id": 261,
          "params": {
            "fmod0": 0.001337695061441002,
            "kdeg": 0.021614263806855268,
            "kobs": 0.024563010564625117,
            "log_fmod0": -6.616807249498058,
            "log_fmod0_err": 0.2995259531907448,
            "log_kdeg": -3.834401820806199,
            "log_kdeg_err": 0.04552313718937309,
            "log_kobs": -3.7065136032226293,
            "log_kobs_err": 0.01912803751763058,
            "metadata": {
              "base": "C",
              "fmod_run_ids": [
                615,
                616,
                617,
                618,
                619,
                620,
                621
              ],
              "site": 33,
              "valtype": "modrate"
            }
          },
          "valtype": "modrate"
        },
        {
          "diagnostics": {
            "chisq": 6.77159891843042e-07,
            "covariance": {
              "matrix": [
                [
                  17.31344970740511,
                  -29.264898805607373,
                  0.8744226845061384
                ],
                [
                  -29.264898805607373,
                  52.07946397447199,
                  -2.01961032291036
                ],
                [
                  0.8744226845061384,
                  -2.01961032291036,
                  0.20440087178476207
                ]
              ],
              "params": [
                "log_kappa",
                "log_kdeg",
                "log_fmod_0"
              ]
            },
            "ndata": 7,
            "nfree": 4,
            "r2": 0.2235592976269205,
            "reduced_chisq": 1.692899729607605e-07,
            "status": "completed",
            "success": true,
            "time_max": 300.0,
            "time_min": 0.0
          },
          "nt_id": 262,
          "params": {
            "fmod0": 0.000709848927331787,
            "kdeg": 0.003576352729659052,
            "kobs": 0.0007089150729717284,
            "log_fmod0": -7.2504583889753835,
            "log_fmod0_err": 0.45210714635444776,
            "log_kdeg": -5.633411788487448,
            "log_kdeg_err": 7.21661028284554,
            "log_kobs": -7.25177482284983,
            "log_kobs_err": 4.1609433674835214,
            "metadata": {
              "base": "G",
              "fmod_run_ids": [
                615,
                616,
                617,
                618,
                619,
                620,
                621
              ],
              "site": 34,
              "valtype": "modrate"
            }
          },
          "valtype": "modrate"
        },
        {
          "diagnostics": {
            "chisq": 2.0216640421677264e-06,
            "covariance": {
              "matrix": [
                [
                  5.267482086691959,
                  -10.36046183805194,
                  0.5708200182912555
                ],
                [
                  -10.36046183805194,
                  23.5383891902651,
                  -2.187321870660488
                ],
                [
                  0.5708200182912555,
                  -2.187321870660488,
                  0.541762948294689
                ]
              ],
              "params": [
                "log_kappa",
                "log_kdeg",
                "log_fmod_0"
              ]
            },
            "ndata": 7,
            "nfree": 4,
            "r2": 0.26130369695712996,
            "reduced_chisq": 5.054160105419316e-07,
            "status": "completed",
            "success": true,
            "time_max": 300.0,
            "time_min": 0.0
          },
          "nt_id": 263,
          "params": {
            "fmod0": 0.0007714053746860486,
            "kdeg": 0.004932743197764506,
            "kobs": 0.001155461183661487,
            "log_fmod0": -7.167296544770747,
            "log_fmod0_err": 0.7360454797732875,
            "log_kdeg": -5.311860016110231,
            "log_kdeg_err": 4.851637784322435,
            "log_kobs": -6.7632557214912925,
            "log_kobs_err": 2.295099580996859,
            "metadata": {
              "base": "G",
              "fmod_run_ids": [
                615,
                616,
                617,
                618,
                619,
                620,
                621
              ],
              "site": 36,
              "valtype": "modrate"
            }
          },
          "valtype": "modrate"
        },
        {
          "diagnostics": {
            "chisq": 1.2793529291677983e-06,
            "covariance": {
              "matrix": [
                [
                  0.0033401518004445726,
                  -0.0003979401701210852,
                  -0.02061698283973872
                ],
                [
                  -0.0003979401701210852,
                  0.022735167307115056,
                  -0.04063166082929624
                ],
                [
                  -0.02061698283973872,
                  -0.04063166082929624,
                  0.2528447443821093
                ]
              ],
              "params": [
                "log_kappa",
                "log_kdeg",
                "log_fmod_0"
              ]
            },
            "ndata": 7,
            "nfree": 4,
            "r2": 0.9869864487758786,
            "reduced_chisq": 3.198382322919496e-07,
            "status": "completed",
            "success": true,
            "time_max": 300.0,
            "time_min": 0.0
          },
          "nt_id": 264,
          "params": {
            "fmod0": 0.001021862454617472,
            "kdeg": 0.015836239261435594,
            "kobs": 0.010608515810160639,
            "log_fmod0": -6.8861283807809555,
            "log_fmod0_err": 0.5028366975292369,
            "log_kdeg": -4.145454341148448,
            "log_kdeg_err": 0.15078185337471833,
            "log_kobs": -4.5460982220827,
            "log_kobs_err": 0.05779404641002889,
            "metadata": {
              "base": "C",
              "fmod_run_ids": [
                615,
                616,
                617,
                618,
                619,
                620,
                621
              ],
              "site": 37,
              "valtype": "modrate"
            }
          },
          "valtype": "modrate"
        },
        {
          "diagnostics": {
            "chisq": 8.849133404355518e-08,
            "covariance": {
              "matrix": [
                [
                  0.0036115285315976194,
                  -0.0012377940040504453,
                  -0.010504822838317775
                ],
                [
                  -0.0012377940040504453,
                  0.05890754849256022,
                  -0.004861509928480443
                ],
                [
                  -0.010504822838317775,
                  -0.004861509928480443,
                  0.03707667726334273
                ]
              ],
              "params": [
                "log_kappa",
                "log_kdeg",
                "log_fmod_0"
              ]
            },
            "ndata": 7,
            "nfree": 4,
            "r2": 0.9858976104432267,
            "reduced_chisq": 2.2122833510888794e-08,
            "status": "completed",
            "success": true,
            "time_max": 300.0,
            "time_min": 0.0
          },
          "nt_id": 265,
          "params": {
            "fmod0": 0.0007723919607556032,
            "kdeg": 0.10843466967791307,
            "kobs": 0.002728532512225812,
            "log_fmod0": -7.166018415600274,
            "log_fmod0_err": 0.19255305051684518,
            "log_kdeg": -2.2216074101345575,
            "log_kdeg_err": 0.24270877300287316,
            "log_kobs": -5.90399135562162,
            "log_kobs_err": 0.06009599430575734,
            "metadata": {
              "base": "U",
              "fmod_run_ids": [
                615,
                616,
                617,
                618,
                619,
                620,
                621
              ],
              "site": 38,
              "valtype": "modrate"
            }
          },
          "valtype": "modrate"
        },
        {
          "diagnostics": {
            "chisq": 3.4411263697258934e-07,
            "covariance": {
              "matrix": [
                [
                  0.00047120080878338414,
                  5.672416066095725e-06,
                  -0.008302166240866986
                ],
                [
                  5.672416066095725e-06,
                  0.0029688470612511376,
                  -0.014445015671889038
                ],
                [
                  -0.008302166240866986,
                  -0.014445015671889038,
                  0.2592972973633426
                ]
              ],
              "params": [
                "log_kappa",
                "log_kdeg",
                "log_fmod_0"
              ]
            },
            "ndata": 7,
            "nfree": 4,
            "r2": 0.9981477620472942,
            "reduced_chisq": 8.602815924314733e-08,
            "status": "completed",
            "success": true,
            "time_max": 300.0,
            "time_min": 0.0
          },
          "nt_id": 266,
          "params": {
            "fmod0": 0.0005302411393817572,
            "kdeg": 0.017711937317860173,
            "kobs": 0.014686001081225121,
            "log_fmod0": -7.542178674924528,
            "log_fmod0_err": 0.5092124285240323,
            "log_kdeg": -4.033516441986652,
            "log_kdeg_err": 0.054487127482104776,
            "log_kobs": -4.220860546329875,
            "log_kobs_err": 0.021707160311366942,
            "metadata": {
              "base": "C",
              "fmod_run_ids": [
                615,
                616,
                617,
                618,
                619,
                620,
                621
              ],
              "site": 39,
              "valtype": "modrate"
            }
          },
          "valtype": "modrate"
        },
        {
          "diagnostics": {
            "chisq": 3.1925839836266544e-07,
            "covariance": {
              "matrix": [
                [
                  0.0059752547573658395,
                  -0.0015570572541142918,
                  -0.01719841886619784
                ],
                [
                  -0.0015570572541142918,
                  0.08071986538834093,
