{
  "artifacts": {},
  "engine": "python_baseline",
  "engine_version": "0.1.0",
  "metadata": {
    "buffer_pH": 6.4,
    "done_by": [
      "EKC"
    ],
    "experiment_id": "ekc.01.0xx",
    "fmod_run_id": 882,
    "initial_kdeg": 0.046628528165773286,
    "initial_kdeg_source": "arrhenius:nmr:deg:dms:Schwalbe_bistris",
    "initial_log_kdeg": -3.065542732765291,
    "notes": "Baseline python engine demo using examples/nerd.sqlite",
    "rg_id": 97,
    "rg_label": "80_1_14",
    "rounds_requested": [
      "round1_free",
      "round2_global",
      "round3_constrained"
    ],
    "rt_protocol": [
      "MRT"
    ],
    "selected_site_bases": [
      "17_G",
      "18_G",
      "19_C",
      "1_U",
      "20_A",
      "21_G",
      "22_A",
      "23_U",
      "24_C",
      "25_U",
      "26_G",
      "27_A",
      "28_G",
      "29_C",
      "2_A",
      "31_U",
      "32_U",
      "33_C",
      "34_G",
      "36_G",
      "37_C",
      "38_U",
      "39_C",
      "3_A",
      "40_U",
      "41_C",
      "42_U",
      "43_G",
      "44_C",
      "45_C",
      "61_A",
      "62_A",
      "63_U",
      "64_C",
      "65_C"
    ],
    "temperature_c": 80.0,
    "valtypes": [
      "modrate",
      "GAmodrate"
    ]
  },
  "rounds": [
    {
      "global_params": {},
      "notes": null,
      "per_nt": [
        {
          "diagnostics": {
            "reason": "Non-zero fmod values are required for a fit.",
            "status": "failed"
          },
          "nt_id": 243,
          "params": {},
          "valtype": "modrate"
        },
        {
          "diagnostics": {
            "reason": "Non-zero fmod values are required for a fit.",
            "status": "failed"
          },
          "nt_id": 244,
          "params": {},
          "valtype": "modrate"
        },
        {
          "diagnostics": {
            "reason": "Non-zero fmod values are required for a fit.",
            "status": "failed"
          },
          "nt_id": 245,
          "params": {},
          "valtype": "modrate"
        },
        {
          "diagnostics": {
            "reason": "Non-zero fmod values are required for a fit.",
            "status": "failed"
          },
          "nt_id": 246,
          "params": {},
          "valtype": "modrate"
        },
        {
          "diagnostics": {
            "chisq": 1.7762061421793026e-08,
            "covariance": {
              "matrix": [
                [
                  0.027001313196453693,
                  0.005986776101486664,
                  -0.015532283951374425
                ],
                [
                  0.005986776101486664,
                  0.17073440765147932,
                  -0.023544672849858873
                ],
                [
                  -0.015532283951374425,
                  -0.023544672849858873,
                  0.013409603933987102
                ]
              ],
              "params": [
                "log_kappa",
                "log_kdeg",
                "log_fmod_0"
              ]
            },
            "ndata": 7,
            "nfree": 4,
            "r2": 0.90324078516488,
            "reduced_chisq": 4.440515355448257e-09,
            "status": "completed",
            "success": true,
            "time_max": 135.0,
            "time_min": 0.0
          },
          "nt_id": 247,
          "params": {
            "fmod0": 0.0005509386660765371,
            "kdeg": 0.04927705858367475,
            "kobs": 0.00043492090632364953,
            "log_fmod0": -7.50388706884289,
            "log_fmod0_err": 0.115799844274451,
            "log_kdeg": -3.0102966493695376,
            "log_kdeg_err": 0.41320020286960085,
            "log_kobs": -7.740346367951011,
            "log_kobs_err": 0.16432076313251984,
            "metadata": {
              "base": "G",
              "fmod_run_ids": [
                877,
                878,
                879,
                880,
                881,
                882,
                883
              ],
              "site": 18,
              "valtype": "modrate"
            }
          },
          "valtype": "modrate"
        },
        {
          "diagnostics": {
            "chisq": 1.165334895342476e-05,
            "covariance": {
              "matrix": [
                [
                  0.005197094603204316,
                  0.0012565072269955435,
                  -0.13921772921373599
                ],
                [
                  0.0012565072269955435,
                  0.03091937753527654,
                  -0.19399856224988085
                ],
                [
                  -0.13921772921373599,
                  -0.19399856224988085,
                  5.396078800213429
                ]
              ],
              "params": [
                "log_kappa",
                "log_kdeg",
                "log_fmod_0"
              ]
            },
            "ndata": 7,
            "nfree": 4,
            "r2": 0.9803780458959153,
            "reduced_chisq": 2.91333723835619e-06,
            "status": "completed",
            "success": true,
            "time_max": 135.0,
            "time_min": 0.0
          },
          "nt_id": 248,
          "params": {
            "fmod0": 0.0007093419503662845,
            "kdeg": 0.05323314246120387,
            "kobs": 0.026205909194788976,
            "log_fmod0": -7.2511728481718665,
            "log_fmod0_err": 2.322946146645124,
            "log_kdeg": -2.9330740980110894,
            "log_kdeg_err": 0.17583906714742473,
            "log_kobs": -3.641770351859972,
            "log_kobs_err": 0.07209087739238798,
            "metadata": {
              "base": "C",
              "fmod_run_ids": [
                877,
                878,
                879,
                880,
                881,
                882,
                883
              ],
              "site": 19,
              "valtype": "modrate"
            }
          },
          "valtype": "modrate"
        },
        {
          "diagnostics": {
            "chisq": 2.6714150825849786e-06,
            "covariance": {
              "matrix": [
                [
                  0.006708663239503506,
                  0.0017123874353785473,
                  -0.10564170414279841
                ],
                [
                  0.0017123874353785473,
                  0.04017987828083184,
                  -0.14694433373066287
                ],
                [
                  -0.10564170414279841,
                  -0.14694433373066287,
                  2.3915381107962577
                ]
              ],
              "params": [
                "log_kappa",
                "log_kdeg",
                "log_fmod_0"
              ]
            },
            "ndata": 7,
            "nfree": 4,
            "r2": 0.9744343171347225,
            "reduced_chisq": 6.678537706462446e-07,
            "status": "completed",
            "success": true,
            "time_max": 135.0,
            "time_min": 0.0
          },
          "nt_id": 249,
          "params": {
            "fmod0": 0.0005106766856162554,
            "kdeg": 0.05429485961154045,
            "kobs": 0.010879124099303368,
            "log_fmod0": -7.5797738771713234,
            "log_fmod0_err": 1.5464598639461218,
            "log_kdeg": -2.9133257229775342,
            "log_kdeg_err": 0.20044919127008679,
            "log_kobs": -4.520909546373823,
            "log_kobs_err": 0.08190642978120524,
            "metadata": {
              "base": "A",
              "fmod_run_ids": [
                877,
                878,
                879,
                880,
                881,
                882,
                883
              ],
              "site": 20,
              "valtype": "modrate"
            }
          },
          "valtype": "modrate"
        },
        {
          "diagnostics": {
            "chisq": 1.7683519566825187e-08,
            "covariance": {
              "matrix": [
                [
                  0.040300473354611746,
                  -0.009077013032121243,
                  -0.021037470361645508
                ],
                [
                  -0.009077013032121243,
                  0.3129433593139074,
                  -0.04525608387592458
                ],
                [
                  -0.021037470361645508,
                  -0.04525608387592458,
                  0.022941709484827353
                ]
              ],
              "params": [
                "log_kappa",
                "log_kdeg",
                "log_fmod_0"
              ]
            },
            "ndata": 7,
            "nfree": 4,
            "r2": 0.8619938268936103,
            "reduced_chisq": 4.420879891706297e-09,
            "status": "completed",
            "success": true,
            "time_max": 135.0,
            "time_min": 0.0
          },
          "nt_id": 250,
          "params": {
            "fmod0": 0.00040134427477179097,
            "kdeg": 0.033828840486645376,
            "kobs": 0.00035396115375871965,
            "log_fmod0": -7.820690958414829,
            "log_fmod0_err": 0.1514652088264079,
            "log_kdeg": -3.3864415714844083,
            "log_kdeg_err": 0.559413406448136,
            "log_kobs": -7.946323385996701,
            "log_kobs_err": 0.2007497779690223,
            "metadata": {
              "base": "G",
              "fmod_run_ids": [
                877,
                878,
                879,
                880,
                881,
                882,
                883
              ],
              "site": 21,
              "valtype": "modrate"
            }
          },
          "valtype": "modrate"
        },
        {
          "diagnostics": {
            "chisq": 2.0437953352459914e-06,
            "covariance": {
              "matrix": [
                [
                  0.005076056825360265,
                  0.001361430542361017,
                  -0.10879411594701208
                ],
                [
                  0.001361430542361017,
                  0.02966296555479076,
                  -0.14416526108003222
                ],
                [
                  -0.10879411594701208,
                  -0.14416526108003222,
                  3.2798040574848057
                ]
              ],
              "params": [
                "log_kappa",
                "log_kdeg",
                "log_fmod_0"
              ]
            },
            "ndata": 7,
            "nfree": 4,
            "r2": 0.9805643503732763,
            "reduced_chisq": 5.109488338114979e-07,
            "status": "completed",
            "success": true,
            "time_max": 135.0,
            "time_min": 0.0
          },
          "nt_id": 251,
          "params": {
            "fmod0": 0.00038327099022680654,
            "kdeg": 0.05776775828638619,
            "kobs": 0.01097885556184783,
            "log_fmod0": -7.8667682726924015,
            "log_fmod0_err": 1.8110229312421215,
            "log_kdeg": -2.8513244740549624,
            "log_kdeg_err": 0.1722293980561703,
            "log_kobs": -4.511784077672914,
            "log_kobs_err": 0.071246451317664,
            "metadata": {
              "base": "A",
              "fmod_run_ids": [
                877,
                878,
                879,
                880,
                881,
                882,
                883
              ],
              "site": 22,
              "valtype": "modrate"
            }
          },
          "valtype": "modrate"
        },
        {
          "diagnostics": {
            "chisq": 6.084052106942879e-07,
            "covariance": {
              "matrix": [
                [
                  0.029036490331660572,
                  -0.003555868745731368,
                  -0.04013769331182117
                ],
                [
                  -0.003555868745731368,
                  0.26158233095857136,
                  -0.02411244512901304
                ],
                [
                  -0.04013769331182117,
                  -0.02411244512901304,
                  0.06850919663033037
                ]
              ],
              "params": [
                "log_kappa",
                "log_kdeg",
                "log_fmod_0"
              ]
            },
            "ndata": 7,
            "nfree": 4,
            "r2": 0.89632429402118,
            "reduced_chisq": 1.5210130267357199e-07,
            "status": "completed",
            "success": true,
            "time_max": 135.0,
            "time_min": 0.0
          },
          "nt_id": 252,
          "params": {
            "fmod0": 0.0014890061450656981,
            "kdeg": 0.1602320343208894,
            "kobs": 0.0025334640986467037,
            "log_fmod0": -6.509646398313833,
            "log_fmod0_err": 0.2617426152355217,
            "log_kdeg": -1.8311322997882526,
            "log_kdeg_err": 0.5114512009552538,
            "log_kobs": -5.978167703803262,
            "log_kobs_err": 0.17040096928028484,
            "metadata": {
              "base": "U",
              "fmod_run_ids": [
                877,
                878,
                879,
                880,
                881,
                882,
                883
              ],
              "site": 23,
              "valtype": "modrate"
            }
          },
          "valtype": "modrate"
        },
        {
          "diagnostics": {
            "chisq": 3.720763001314545e-06,
            "covariance": {
              "matrix": [
                [
                  0.0033303803258301124,
                  0.000824344462917197,
                  -0.035412610753624965
                ],
                [
                  0.000824344462917197,
                  0.019916096654577154,
                  -0.04946062848713694
                ],
                [
                  -0.035412610753624965,
                  -0.04946062848713694,
                  0.543894519176271
                ]
              ],
              "params": [
                "log_kappa",
                "log_kdeg",
                "log_fmod_0"
              ]
            },
            "ndata": 7,
            "nfree": 4,
            "r2": 0.9872366064253933,
            "reduced_chisq": 9.301907503286362e-07,
            "status": "completed",
            "success": true,
            "time_max": 135.0,
            "time_min": 0.0
          },
          "nt_id": 253,
          "params": {
            "fmod0": 0.0012627067083124913,
            "kdeg": 0.05355506842683748,
            "kobs": 0.018352005047469002,
            "log_fmod0": -6.674497680860519,
            "log_fmod0_err": 0.7374920468562837,
            "log_kdeg": -2.9270448380735683,
            "log_kdeg_err": 0.1411244013435563,
            "log_kobs": -3.998016443558706,
            "log_kobs_err": 0.057709447457328096,
            "metadata": {
              "base": "C",
              "fmod_run_ids": [
                877,
                878,
                879,
                880,
                881,
                882,
                883
              ],
              "site": 24,
              "valtype": "modrate"
            }
          },
          "valtype": "modrate"
        },
        {
          "diagnostics": {
            "chisq": 3.0490154907360223e-07,
            "covariance": {
              "matrix": [
                [
                  0.03875751556086451,
                  -0.0002898120159457663,
                  -0.03623013511795421
                ],
                [
                  -0.0002898120159457663,
                  0.28107610555167145,
                  -0.025039921126221058
                ],
                [
                  -0.03623013511795421,
                  -0.025039921126221058,
                  0.04219431641769917
                ]
              ],
              "params": [
                "log_kappa",
                "log_kdeg",
                "log_fmod_0"
              ]
            },
            "ndata": 7,
            "nfree": 4,
            "r2": 0.8659520045223483,
            "reduced_chisq": 7.622538726840056e-08,
            "status": "completed",
            "success": true,
            "time_max": 135.0,
            "time_min": 0.0
          },
          "nt_id": 254,
          "params": {
            "fmod0": 0.0013418271431443836,
            "kdeg": 0.13508465126458347,
            "kobs": 0.0015515642489500228,
            "log_fmod0": -6.613723054135345,
            "log_fmod0_err": 0.20541255175304934,
            "log_kdeg": -2.0018536506508386,
            "log_kdeg_err": 0.5301661112818052,
            "log_kobs": -6.468491664072773,
            "log_kobs_err": 0.19686928546846638,
            "metadata": {
              "base": "U",
              "fmod_run_ids": [
                877,
                878,
                879,
                880,
                881,
                882,
                883
              ],
              "site": 25,
              "valtype": "modrate"
            }
          },
          "valtype": "modrate"
        },
        {
          "diagnostics": {
            "chisq": 2.795354058891127e-08,
            "covariance": {
              "matrix": [
                [
                  0.0357448549871877,
                  0.0025692003434156893,
                  -0.02799221953826204
                ],
                [
                  0.0025692003434156893,
                  0.24893187276448142,
                  -0.049557953048509865
                ],
                [
                  -0.02799221953826204,
                  -0.049557953048509865,
                  0.037022040714276956
                ]
              ],
              "params": [
                "log_kappa",
                "log_kdeg",
                "log_fmod_0"
              ]
            },
            "ndata": 7,
            "nfree": 4,
            "r2": 0.8750344647104865,
            "reduced_chisq": 6.988385147227817e-09,
            "status": "completed",
            "success": true,
            "time_max": 135.0,
            "time_min": 0.0
          },
          "nt_id": 255,
          "params": {
            "fmod0": 0.0004074572492474835,
            "kdeg": 0.040986675918183356,
            "kobs": 0.00047048892883234895,
            "log_fmod0": -7.805574540608903,
            "log_fmod0_err": 0.192411124195762,
            "log_kdeg": -3.1945082426997784,
            "log_kdeg_err": 0.4989307294249187,
            "log_kobs": -7.661738129858944,
            "log_kobs_err": 0.18906309789905512,
            "metadata": {
              "base": "G",
              "fmod_run_ids": [
                877,
                878,
                879,
                880,
                881,
                882,
                883
              ],
              "site": 26,
              "valtype": "modrate"
            }
          },
          "valtype": "modrate"
        },
        {
          "diagnostics": {
            "chisq": 3.844647745247388e-06,
            "covariance": {
              "matrix": [
                [
                  0.003787407326713902,
                  0.00047006733886936736,
                  -1.2399132199570913
                ],
                [
                  0.00047006733886936736,
                  0.025148442854304762,
                  -2.059994898900201
                ],
                [
                  -1.2399132199570913,
                  -2.059994898900201,
                  655.5654673362375
                ]
              ],
              "params": [
                "log_kappa",
                "log_kdeg",
                "log_fmod_0"
              ]
            },
            "ndata": 7,
            "nfree": 4,
            "r2": 0.9853796082331204,
            "reduced_chisq": 9.61161936311847e-07,
            "status": "completed",
            "success": true,
            "time_max": 135.0,
            "time_min": 0.0
          },
          "nt_id": 256,
          "params": {
            "fmod0": 3.6164901854361015e-05,
            "kdeg": 0.04333393413667895,
            "kobs": 0.01728596717318936,
            "log_fmod0": -10.227421471496077,
            "log_fmod0_err": 25.604012719420318,
            "log_kdeg": -3.138819252598187,
            "log_kdeg_err": 0.1585826057747342,
            "log_kobs": -4.057860252693795,
            "log_kobs_err": 0.06154191520186792,
            "metadata": {
              "base": "A",
              "fmod_run_ids": [
                877,
                878,
                879,
                880,
                881,
                882,
                883
              ],
              "site": 27,
              "valtype": "modrate"
            }
          },
          "valtype": "modrate"
        },
        {
          "diagnostics": {
            "chisq": 1.772886575413283e-08,
            "covariance": {
              "matrix": [
                [
                  0.08607274036847028,
                  -0.17852316404994525,
                  0.0029244319211196184
                ],
                [
                  -0.17852316404994525,
                  0.5533386852371492,
                  -0.05079606533961628
                ],
                [
                  0.0029244319211196184,
                  -0.05079606533961628,
                  0.013974528914910973
                ]
              ],
              "params": [
                "log_kappa",
                "log_kdeg",
                "log_fmod_0"
              ]
            },
            "ndata": 7,
            "nfree": 4,
            "r2": 0.8977755974559398,
            "reduced_chisq": 4.432216438533208e-09,
            "status": "completed",
            "success": true,
            "time_max": 135.0,
            "time_min": 0.0
          },
          "nt_id": 257,
          "params": {
            "fmod0": 0.0004636170174077434,
            "kdeg": 0.014768426018793369,
            "kobs": 0.00048121323838231126,
            "log_fmod0": -7.676451740080599,
            "log_fmod0_err": 0.118213911680948,
            "log_kdeg": -4.2152637542113,
            "log_kdeg_err": 0.7438673841735159,
            "log_kobs": -7.6392000630569905,
            "log_kobs_err": 0.29338156105738866,
            "metadata": {
              "base": "G",
              "fmod_run_ids": [
                877,
                878,
                879,
                880,
                881,
                882,
                883
              ],
              "site": 28,
              "valtype": "modrate"
            }
          },
          "valtype": "modrate"
        },
        {
          "diagnostics": {
            "chisq": 3.798852248779947e-06,
            "covariance": {
              "matrix": [
                [
                  0.002571662896633519,
                  0.0005697028034056434,
                  -0.02570244037744925
                ],
                [
                  0.0005697028034056434,
                  0.01579051135291023,
                  -0.03770330283973592
                ],
                [
                  -0.02570244037744925,
                  -0.03770330283973592,
                  0.3814005038209863
                ]
              ],
              "params": [
                "log_kappa",
                "log_kdeg",
                "log_fmod_0"
              ]
            },
            "ndata": 7,
            "nfree": 4,
            "r2": 0.9901223004746905,
            "reduced_chisq": 9.497130621949867e-07,
            "status": "completed",
            "success": true,
            "time_max": 135.0,
            "time_min": 0.0
          },
          "nt_id": 258,
          "params": {
            "fmod0": 0.0015150260750108199,
            "kdeg": 0.05018329705647753,
            "kobs": 0.021086069643364205,
            "log_fmod0": -6.492322628940652,
            "log_fmod0_err": 0.6175763141677199,
            "log_kdeg": -2.9920730356092973,
            "log_kdeg_err": 0.12566030141978105,
            "log_kobs": -3.859142663008011,
            "log_kobs_err": 0.05071156570875641,
            "metadata": {
              "base": "C",
              "fmod_run_ids": [
                877,
                878,
                879,
                880,
                881,
                882,
                883
              ],
              "site": 29,
              "valtype": "modrate"
            }
          },
          "valtype": "modrate"
        },
        {
          "diagnostics": {
            "chisq": 4.0369420074653754e-07,
            "covariance": {
              "matrix": [
                [
                  0.017000960002825822,
                  -0.00664760078061649,
                  -0.024230335966655383
                ],
                [
                  -0.00664760078061649,
                  0.27471616592115733,
                  -0.011119359981820294
                ],
                [
                  -0.024230335966655383,
                  -0.011119359981820294,
                  0.04210880312223562
                ]
              ],
              "params": [
                "log_kappa",
                "log_kdeg",
                "log_fmod_0"
              ]
            },
            "ndata": 7,
            "nfree": 4,
            "r2": 0.9370447372813513,
            "reduced_chisq": 1.0092355018663439e-07,
            "status": "completed",
            "success": true,
            "time_max": 135.0,
            "time_min": 0.0
          },
          "nt_id": 259,
          "params": {
            "fmod0": 0.001547977367806692,
            "kdeg": 0.2167732283083276,
            "kobs": 0.002691569530407688,
            "log_fmod0": -6.470806124201394,
            "log_fmod0_err": 0.20520429606184082,
            "log_kdeg": -1.5289035027043236,
            "log_kdeg_err": 0.5241337290436071,
            "log_kobs": -5.91763078696694,
            "log_kobs_err": 0.130387729494864,
            "metadata": {
              "base": "U",
              "fmod_run_ids": [
                877,
                878,
                879,
                880,
                881,
                882,
                883
              ],
              "site": 31,
              "valtype": "modrate"
            }
          },
          "valtype": "modrate"
        },
        {
          "diagnostics": {
            "chisq": 1.9677929499004623e-07,
            "covariance": {
              "matrix": [
                [
                  0.012608538734554947,
                  -0.001852183104256631,
                  -0.01692604700103772
                ],
                [
                  -0.001852183104256631,
                  0.11950717502272515,
                  -0.009890971999415578
                ],
                [
                  -0.01692604700103772,
                  -0.009890971999415578,
                  0.028012835843438597
                ]
              ],
              "params": [
                "log_kappa",
                "log_kdeg",
                "log_fmod_0"
              ]
            },
            "ndata": 7,
            "nfree": 4,
            "r2": 0.9521877361645252,
            "reduced_chisq": 4.919482374751156e-08,
            "status": "completed",
            "success": true,
            "time_max": 135.0,
            "time_min": 0.0
          },
          "nt_id": 260,
          "params": {
            "fmod0": 0.00132446613341407,
            "kdeg": 0.1656104107370931,
            "kobs": 0.002185351940505415,
            "log_fmod0": -6.626745818915351,
            "log_fmod0_err": 0.16737035533044253,
            "log_kdeg": -1.7981171722371245,
            "log_kdeg_err": 0.3456980980895399,
            "log_kobs": -6.125978392235625,
            "log_kobs_err": 0.11228774970830499,
            "metadata": {
              "base": "U",
              "fmod_run_ids": [
                877,
                878,
                879,
                880,
                881,
                882,
                883
              ],
              "site": 32,
              "valtype": "modrate"
            }
          },
          "valtype": "modrate"
        },
        {
          "diagnostics": {
            "chisq": 3.789690977695734e-06,
            "covariance": {
              "matrix": [
                [
                  0.002159142473823072,
                  0.0003058414169496956,
                  -0.03214238783263504
                ],
                [
                  0.0003058414169496956,
                  0.014086130873143565,
                  -0.052137768047251586
                ],
                [
                  -0.03214238783263504,
                  -0.052137768047251586,
                  0.760686385503654
                ]
              ],
              "params": [
                "log_kappa",
                "log_kdeg",
                "log_fmod_0"
              ]
            },
            "ndata": 7,
            "nfree": 4,
            "r2": 0.9916679563613798,
            "reduced_chisq": 9.474227444239335e-07,
            "status": "completed",
            "success": true,
            "time_max": 135.0,
            "time_min": 0.0
          },
          "nt_id": 261,
          "params": {
            "fmod0": 0.0010578021533345443,
            "kdeg": 0.044310569030563234,
            "kobs": 0.02288562474191135,
            "log_fmod0": -6.851561963661802,
            "log_fmod0_err": 0.8721733689488885,
            "log_kdeg": -3.116532051818369,
            "log_kdeg_err": 0.11868500694335223,
            "log_kobs": -3.777246306061411,
            "log_kobs_err": 0.046466573725884634,
            "metadata": {
              "base": "C",
              "fmod_run_ids": [
                877,
                878,
                879,
                880,
                881,
                882,
                883
              ],
              "site": 33,
              "valtype": "modrate"
            }
          },
          "valtype": "modrate"
        },
        {
          "diagnostics": {
            "chisq": 3.338414747266837e-08,
            "covariance": {
              "matrix": [
                [
                  1033546653790.9319,
                  -1033478375783.3893,
                  -12985.634316119082
                ],
                [
                  -1033478375783.3893,
                  1033410102286.6132,
                  12984.751899696414
                ],
                [
                  -12985.634316119082,
                  12984.751899696414,
                  0.005540994796925473
                ]
              ],
              "params": [
                "log_kappa",
                "log_kdeg",
                "log_fmod_0"
              ]
            },
            "ndata": 7,
            "nfree": 4,
            "r2": 0.561973232986672,
            "reduced_chisq": 8.346036868167093e-09,
            "status": "completed",
            "success": true,
            "time_max": 135.0,
            "time_min": 0.0
          },
          "nt_id": 262,
          "params": {
            "fmod0": 0.000722760022576955,
            "kdeg": 1.0067400026989957e-08,
            "kobs": 162.4227994173614,
            "log_fmod0": -7.232433309883505,
            "log_fmod0_err": 0.07443785862667916,
            "log_kdeg": -18.413963353523915,
            "log_kdeg_err": 1016567.8050610364,
            "log_kobs": 5.090202808374747,
            "log_kobs_err": 1016634.9658510335,
            "metadata": {
              "base": "G",
              "fmod_run_ids": [
                877,
                878,
                879,
                880,
                881,
                882,
                883
              ],
              "site": 34,
              "valtype": "modrate"
            }
          },
          "valtype": "modrate"
        },
        {
          "diagnostics": {
            "chisq": 6.967719450171101e-09,
            "covariance": {
              "matrix": [
                [
                  4.066747256129607,
                  -5.359708809785455,
                  0.05606469215040345
                ],
                [
                  -5.359708809785455,
                  7.127356014080464,
                  -0.08258216352257221
                ],
                [
                  0.05606469215040345,
                  -0.08258216352257221,
                  0.0026015141396782742
                ]
              ],
              "params": [
                "log_kappa",
                "log_kdeg",
                "log_fmod_0"
              ]
            },
            "ndata": 7,
            "nfree": 4,
            "r2": 0.8732470292019727,
            "reduced_chisq": 1.7419298625427753e-09,
            "status": "completed",
            "success": true,
            "time_max": 135.0,
            "time_min": 0.0
          },
          "nt_id": 263,
          "params": {
            "fmod0": 0.0006231961329301832,
            "kdeg": 0.004111776053340143,
            "kobs": 0.0005464238596259729,
            "log_fmod0": -7.380649268609621,
            "log_fmod0_err": 0.05100504033601262,
            "log_kdeg": -5.493900214048714,
            "log_kdeg_err": 2.669710848402962,
            "log_kobs": -7.512115583702845,
            "log_kobs_err": 2.016617776409205,
            "metadata": {
              "base": "G",
              "fmod_run_ids": [
                877,
                878,
                879,
                880,
                881,
                882,
                883
              ],
              "site": 36,
              "valtype": "modrate"
            }
          },
          "valtype": "modrate"
        },
        {
          "diagnostics": {
            "chisq": 4.283365685030133e-06,
            "covariance": {
              "matrix": [
                [
                  0.0037291507670149954,
                  0.0005069062995184441,
                  -0.09775635530685939
                ],
                [
                  0.0005069062995184441,
                  0.024550802101668774,
                  -0.16034829523518296
                ],
                [
                  -0.09775635530685939,
                  -0.16034829523518296,
                  4.099383520868956
                ]
              ],
              "params": [
                "log_kappa",
                "log_kdeg",
                "log_fmod_0"
              ]
            },
            "ndata": 7,
            "nfree": 4,
            "r2": 0.9856252362102821,
            "reduced_chisq": 1.0708414212575332e-06,
            "status": "completed",
            "success": true,
            "time_max": 135.0,
            "time_min": 0.0
          },
          "nt_id": 264,
          "params": {
            "fmod0": 0.0004838415622555252,
            "kdeg": 0.04393434249440677,
            "kobs": 0.01841952558674154,
            "log_fmod0": -7.633753055550307,
            "log_fmod0_err": 2.0246934387380615,
            "log_kdeg": -3.125058975563253,
            "log_kdeg_err": 0.15668695574829697,
            "log_kobs": -3.994344003820986,
            "log_kobs_err": 0.06106677301949887,
            "metadata": {
              "base": "C",
              "fmod_run_ids": [
                877,
                878,
                879,
                880,
                881,
                882,
                883
              ],
              "site": 37,
              "valtype": "modrate"
            }
          },
          "valtype": "modrate"
        },
        {
          "diagnostics": {
            "chisq": 6.586764521953842e-08,
            "covariance": {
              "matrix": [
                [
                  0.010917277819321593,
                  -0.029630133709624005,
                  -0.012070935208345575
                ],
                [
                  -0.029630133709624005,
                  3.193346909417824,
                  -0.0028137582043119384
                ],
                [
                  -0.012070935208345575,
                  -0.0028137582043119384,
                  0.016045234982392794
                ]
              ],
              "params": [
                "log_kappa",
                "log_kdeg",
                "log_fmod_0"
              ]
            },
            "ndata": 7,
            "nfree": 4,
            "r2": 0.9592188536525705,
            "reduced_chisq": 1.6466911304884605e-08,
            "status": "completed",
            "success": true,
            "time_max": 135.0,
            "time_min": 0.0
          },
          "nt_id": 265,
          "params": {
            "fmod0": 0.0010130199184646407,
            "kdeg": 0.4295371420225121,
            "kobs": 0.0013483195425320618,
            "log_fmod0": -6.89481939106128,
            "log_fmod0_err": 0.1266697871727619,
            "log_kdeg": -0.8450470639451778,
            "log_kdeg_err": 1.7869938190765586,
            "log_kobs": -6.608896245227652,
            "log_kobs_err": 0.10448577807204956,
            "metadata": {
              "base": "U",
              "fmod_run_ids": [
                877,
                878,
                879,
                880,
                881,
                882,
                883
              ],
              "site": 38,
              "valtype": "modrate"
            }
          },
          "valtype": "modrate"
        },
        {
          "diagnostics": {
            "chisq": 2.963949542192529e-06,
            "covariance": {
              "matrix": [
                [
                  0.002190912227676056,
                  0.00035073160387122306,
                  -0.09412943227056556
                ],
                [
                  0.00035073160387122306,
                  0.01416926738941821,
                  -0.15024963120374737
                ],
                [
                  -0.09412943227056556,
                  -0.15024963120374737,
                  6.3428871374710285
                ]
              ],
              "params": [
                "log_kappa",
                "log_kdeg",
                "log_fmod_0"
              ]
            },
            "ndata": 7,
            "nfree": 4,
            "r2": 0.9915286309447707,
            "reduced_chisq": 7.409873855481322e-07,
            "status": "completed",
            "success": true,
            "time_max": 135.0,
            "time_min": 0.0
          },
          "nt_id": 266,
          "params": {
            "fmod0": 0.00032463071747323557,
            "kdeg": 0.0452977139825793,
            "kobs": 0.02005100364679344,
            "log_fmod0": -8.03282227558895,
            "log_fmod0_err": 2.5185089115329786,
            "log_kdeg": -3.094498711727219,
            "log_kdeg_err": 0.11903473186183186,
            "log_kobs": -3.9094760692856982,
            "log_kobs_err": 0.04680718136863249,
            "metadata": {
              "base": "C",
              "fmod_run_ids": [
                877,
                878,
                879,
                880,
                881,
                882,
                883
              ],
              "site": 39,
              "valtype": "modrate"
            }
          },
          "valtype": "modrate"
        },
        {
          "diagnostics": {
            "chisq": 2.493894999999998e-07,
            "ndata": 7,
            "nfree": 4,
            "r2": 0.9279301083347976,
            "reduced_chisq": 6.234737499999995e-08,
            "status": "completed",
            "success": true,
            "time_max": 135.0,
            "time_min": 0.0
          },
          "nt_id": 267,
