{
  "artifacts": {},
  "engine": "python_baseline",
  "engine_version": "0.1.0",
  "metadata": {
    "buffer_pH": 6.4,
    "done_by": [
      "EKC"
    ],
    "experiment_id": "ekc.01.0xx",
    "fmod_run_id": 684,
    "initial_kdeg": 0.019705462789320123,
    "initial_kdeg_source": "arrhenius:nmr:deg:dms:Schwalbe_bistris",
    "initial_log_kdeg": -3.926859382728182,
    "notes": "Baseline python engine demo using examples/nerd.sqlite",
    "rg_id": 102,
    "rg_label": "70_2_13",
    "rounds_requested": [
      "round1_free",
      "round2_global",
      "round3_constrained"
    ],
    "rt_protocol": [
      "MRT"
    ],
    "selected_site_bases": [
      "17_G",
      "18_G",
      "19_C",
      "1_U",
      "20_A",
      "21_G",
      "22_A",
      "23_U",
      "24_C",
      "25_U",
      "26_G",
      "27_A",
      "28_G",
      "29_C",
      "2_A",
      "30_C",
      "33_G",
      "34_G",
      "35_A",
      "36_G",
      "37_C",
      "38_U",
      "39_C",
      "3_A",
      "40_U",
      "41_C",
      "42_U",
      "43_G",
      "44_C",
      "45_C",
      "51_U",
      "52_U",
      "53_C",
      "54_G",
      "61_A",
      "62_A"
    ],
    "temperature_c": 70.0,
    "valtypes": [
      "modrate",
      "GAmodrate"
    ]
  },
  "rounds": [
    {
      "global_params": {},
      "notes": null,
      "per_nt": [
        {
          "diagnostics": {
            "reason": "Non-zero fmod values are required for a fit.",
            "status": "failed"
          },
          "nt_id": 167,
          "params": {},
          "valtype": "modrate"
        },
        {
          "diagnostics": {
            "reason": "Non-zero fmod values are required for a fit.",
            "status": "failed"
          },
          "nt_id": 168,
          "params": {},
          "valtype": "modrate"
        },
        {
          "diagnostics": {
            "reason": "Non-zero fmod values are required for a fit.",
            "status": "failed"
          },
          "nt_id": 169,
          "params": {},
          "valtype": "modrate"
        },
        {
          "diagnostics": {
            "reason": "Non-zero fmod values are required for a fit.",
            "status": "failed"
          },
          "nt_id": 170,
          "params": {},
          "valtype": "modrate"
        },
        {
          "diagnostics": {
            "chisq": 8.170046662443874e-09,
            "covariance": {
              "matrix": [
                [
                  0.007249760532915737,
                  0.0013145756319966474,
                  -0.007129181166666347
                ],
                [
                  0.0013145756319966474,
                  0.040389614661600584,
                  -0.008018060816765128
                ],
                [
                  -0.007129181166666347,
                  -0.008018060816765128,
                  0.009572654833683662
                ]
              ],
              "params": [
                "log_kappa",
                "log_kdeg",
                "log_fmod_0"
              ]
            },
            "ndata": 7,
            "nfree": 4,
            "r2": 0.9719942732131297,
            "reduced_chisq": 2.0425116656109685e-09,
            "status": "completed",
            "success": true,
            "time_max": 300.0,
            "time_min": 0.0
          },
          "nt_id": 171,
          "params": {
            "fmod0": 0.0004508231437142539,
            "kdeg": 0.033809128976930745,
            "kobs": 0.0005800843917650231,
            "log_fmod0": -7.704435437910045,
            "log_fmod0_err": 0.09783994497997053,
            "log_kdeg": -3.387024424885508,
            "log_kdeg_err": 0.20097167626708143,
            "log_kobs": -7.452336961965207,
            "log_kobs_err": 0.08514552561888226,
            "metadata": {
              "base": "G",
              "fmod_run_ids": [
                678,
                679,
                680,
                681,
                682,
                683,
                684
              ],
              "site": 18,
              "valtype": "modrate"
            }
          },
          "valtype": "modrate"
        },
        {
          "diagnostics": {
            "chisq": 2.235756327953546e-06,
            "covariance": {
              "matrix": [
                [
                  0.0010640200248249608,
                  0.0001866016270103236,
                  -0.0187267801604236
                ],
                [
                  0.0001866016270103236,
                  0.0057542161529375024,
                  -0.021404147226136514
                ],
                [
                  -0.0187267801604236,
                  -0.021404147226136514,
                  0.4558662831994426
                ]
              ],
              "params": [
                "log_kappa",
                "log_kdeg",
                "log_fmod_0"
              ]
            },
            "ndata": 7,
            "nfree": 4,
            "r2": 0.9958976296377097,
            "reduced_chisq": 5.589390819883865e-07,
            "status": "completed",
            "success": true,
            "time_max": 300.0,
            "time_min": 0.0
          },
          "nt_id": 172,
          "params": {
            "fmod0": 0.0010765759599642435,
            "kdeg": 0.03155860120426875,
            "kobs": 0.025656037170043198,
            "log_fmod0": -6.833969681675948,
            "log_fmod0_err": 0.6751787046400698,
            "log_kdeg": -3.455909105777934,
            "log_kdeg_err": 0.075856549835446,
            "log_kobs": -3.662976367806739,
            "log_kobs_err": 0.032619319809354716,
            "metadata": {
              "base": "C",
              "fmod_run_ids": [
                678,
                679,
                680,
                681,
                682,
                683,
                684
              ],
              "site": 19,
              "valtype": "modrate"
            }
          },
          "valtype": "modrate"
        },
        {
          "diagnostics": {
            "chisq": 5.012811972205606e-07,
            "covariance": {
              "matrix": [
                [
                  0.0004562079731139508,
                  8.320172788984178e-05,
                  -0.013066610330458216
                ],
                [
                  8.320172788984178e-05,
                  0.002470351604059216,
                  -0.01596008180715938
                ],
                [
                  -0.013066610330458216,
                  -0.01596008180715938,
                  0.5309053211699865
                ]
              ],
              "params": [
                "log_kappa",
                "log_kdeg",
                "log_fmod_0"
              ]
            },
            "ndata": 7,
            "nfree": 4,
            "r2": 0.9982243494478742,
            "reduced_chisq": 1.2532029930514014e-07,
            "status": "completed",
            "success": true,
            "time_max": 300.0,
            "time_min": 0.0
          },
          "nt_id": 173,
          "params": {
            "fmod0": 0.0004684569347407068,
            "kdeg": 0.028371717249971572,
            "kobs": 0.018349088841576006,
            "log_fmod0": -7.666066382088845,
            "log_fmod0_err": 0.7286325007642649,
            "log_kdeg": -3.562362501504321,
            "log_kdeg_err": 0.049702631761901865,
            "log_kobs": -3.9981753601244057,
            "log_kobs_err": 0.021359025565646735,
            "metadata": {
              "base": "A",
              "fmod_run_ids": [
                678,
                679,
                680,
                681,
                682,
                683,
                684
              ],
              "site": 20,
              "valtype": "modrate"
            }
          },
          "valtype": "modrate"
        },
        {
          "diagnostics": {
            "chisq": 1.5104320356054115e-08,
            "covariance": {
              "matrix": [
                [
                  0.014946506181238417,
                  0.0024486019276241306,
                  -0.015620485420991063
                ],
                [
                  0.0024486019276241306,
                  0.08486057953698722,
                  -0.022150390671001188
                ],
                [
                  -0.015620485420991063,
                  -0.022150390671001188,
                  0.02483985880464651
                ]
              ],
              "params": [
                "log_kappa",
                "log_kdeg",
                "log_fmod_0"
              ]
            },
            "ndata": 7,
            "nfree": 4,
            "r2": 0.9438648967173922,
            "reduced_chisq": 3.776080089013529e-09,
            "status": "completed",
            "success": true,
            "time_max": 300.0,
            "time_min": 0.0
          },
          "nt_id": 174,
          "params": {
            "fmod0": 0.0003685766575484928,
            "kdeg": 0.022963519606701198,
            "kobs": 0.0005419384912285543,
            "log_fmod0": -7.9058618420574875,
            "log_fmod0_err": 0.15760665850352423,
            "log_kdeg": -3.773848426304148,
            "log_kdeg_err": 0.29130839249322565,
            "log_kobs": -7.520358047782683,
            "log_kobs_err": 0.12225590448415331,
            "metadata": {
              "base": "G",
              "fmod_run_ids": [
                678,
                679,
                680,
                681,
                682,
                683,
                684
              ],
              "site": 21,
              "valtype": "modrate"
            }
          },
          "valtype": "modrate"
        },
        {
          "diagnostics": {
            "chisq": 3.1800614305360756e-07,
            "covariance": {
              "matrix": [
                [
                  0.0003532452028290856,
                  6.471286658771536e-05,
                  -0.009648460862713511
                ],
                [
                  6.471286658771536e-05,
                  0.0019154999589461132,
                  -0.01165613182642544
                ],
                [
                  -0.009648460862713511,
                  -0.01165613182642544,
                  0.3718501448863707
                ]
              ],
              "params": [
                "log_kappa",
                "log_kdeg",
                "log_fmod_0"
              ]
            },
            "ndata": 7,
            "nfree": 4,
            "r2": 0.998622033121527,
            "reduced_chisq": 7.950153576340189e-08,
            "status": "completed",
            "success": true,
            "time_max": 300.0,
            "time_min": 0.0
          },
          "nt_id": 175,
          "params": {
            "fmod0": 0.0004465649308675155,
            "kdeg": 0.02899154818827116,
            "kobs": 0.01659048111270534,
            "log_fmod0": -7.713925746344722,
            "log_fmod0_err": 0.6097951663356891,
            "log_kdeg": -3.540750933256826,
            "log_kdeg_err": 0.04376642501902701,
            "log_kobs": -4.09892617503721,
            "log_kobs_err": 0.018794818510139585,
            "metadata": {
              "base": "A",
              "fmod_run_ids": [
                678,
                679,
                680,
                681,
                682,
                683,
                684
              ],
              "site": 22,
              "valtype": "modrate"
            }
          },
          "valtype": "modrate"
        },
        {
          "diagnostics": {
            "chisq": 5.5785716364479e-07,
            "covariance": {
              "matrix": [
                [
                  0.007107913645354847,
                  -0.0004812982734894944,
                  -0.02104858518358549
                ],
                [
                  -0.0004812982734894944,
                  0.06221380731807529,
                  -0.013733218318747742
                ],
                [
                  -0.02104858518358549,
                  -0.013733218318747742,
                  0.07704859550738699
                ]
              ],
              "params": [
                "log_kappa",
                "log_kdeg",
                "log_fmod_0"
              ]
            },
            "ndata": 7,
            "nfree": 4,
            "r2": 0.9724983818026375,
            "reduced_chisq": 1.394642909111975e-07,
            "status": "completed",
            "success": true,
            "time_max": 300.0,
            "time_min": 0.0
          },
          "nt_id": 176,
          "params": {
            "fmod0": 0.0013444015983012818,
            "kdeg": 0.07514100844420665,
            "kobs": 0.00490540766045839,
            "log_fmod0": -6.611806273255594,
            "log_fmod0_err": 0.27757628772535126,
            "log_kdeg": -2.5883888180559094,
            "log_kdeg_err": 0.24942695788161168,
            "log_kobs": -5.317417078213791,
            "log_kobs_err": 0.08430844349977555,
            "metadata": {
              "base": "U",
              "fmod_run_ids": [
                678,
                679,
                680,
                681,
                682,
                683,
                684
              ],
              "site": 23,
              "valtype": "modrate"
            }
          },
          "valtype": "modrate"
        },
        {
          "diagnostics": {
            "chisq": 1.96588599390274e-06,
            "covariance": {
              "matrix": [
                [
                  0.0010198411113303749,
                  0.00017107741839094282,
                  -0.01717217787881674
                ],
                [
                  0.00017107741839094282,
                  0.005589426798642507,
                  -0.01875389044775712
                ],
                [
                  -0.01717217787881674,
                  -0.01875389044775712,
                  0.39321796069994247
                ]
              ],
              "params": [
                "log_kappa",
                "log_kdeg",
                "log_fmod_0"
              ]
            },
            "ndata": 7,
            "nfree": 4,
            "r2": 0.9960603679712902,
            "reduced_chisq": 4.91471498475685e-07,
            "status": "completed",
            "success": true,
            "time_max": 300.0,
            "time_min": 0.0
          },
          "nt_id": 177,
          "params": {
            "fmod0": 0.0010930564088778715,
            "kdeg": 0.034349113399574895,
            "kobs": 0.024606056701439862,
            "log_fmod0": -6.818777461899069,
            "log_fmod0_err": 0.6270709375341378,
            "log_kdeg": -3.3711790714307286,
            "log_kdeg_err": 0.07476246918502964,
            "log_kobs": -3.7047626589722777,
            "log_kobs_err": 0.03193495124985123,
            "metadata": {
              "base": "C",
              "fmod_run_ids": [
                678,
                679,
                680,
                681,
                682,
                683,
                684
              ],
              "site": 24,
              "valtype": "modrate"
            }
          },
          "valtype": "modrate"
        },
        {
          "diagnostics": {
            "chisq": 3.9432354985715103e-07,
            "covariance": {
              "matrix": [
                [
                  0.015463465120704354,
                  0.0010888681489438085,
                  -0.021941131228659646
                ],
                [
                  0.0010888681489438085,
                  0.10358237618199928,
                  -0.018411833492071754
                ],
                [
                  -0.021941131228659646,
                  -0.018411833492071754,
                  0.03958226695981874
                ]
              ],
              "params": [
                "log_kappa",
                "log_kdeg",
                "log_fmod_0"
              ]
            },
            "ndata": 7,
            "nfree": 4,
            "r2": 0.9419410743093027,
            "reduced_chisq": 9.858088746428776e-08,
            "status": "completed",
            "success": true,
            "time_max": 300.0,
            "time_min": 0.0
          },
          "nt_id": 178,
          "params": {
            "fmod0": 0.001571583802951607,
            "kdeg": 0.05492364713861734,
            "kobs": 0.0027893115241787027,
            "log_fmod0": -6.455671376421391,
            "log_fmod0_err": 0.19895292649222013,
            "log_kdeg": -2.901811292082317,
            "log_kdeg_err": 0.32184216035504,
            "log_kobs": -5.881960479127832,
            "log_kobs_err": 0.124352181809184,
            "metadata": {
              "base": "U",
              "fmod_run_ids": [
                678,
                679,
                680,
                681,
                682,
                683,
                684
              ],
              "site": 25,
              "valtype": "modrate"
            }
          },
          "valtype": "modrate"
        },
        {
          "diagnostics": {
            "chisq": 4.734612874264453e-09,
            "covariance": {
              "matrix": [
                [
                  0.0040366140074093925,
                  0.0007215438830174062,
                  -0.004428488791939959
                ],
                [
                  0.0007215438830174062,
                  0.022538230540069624,
                  -0.005994285310113585
                ],
                [
                  -0.004428488791939959,
                  -0.005994285310113585,
                  0.007202697665539862
                ]
              ],
              "params": [
                "log_kappa",
                "log_kdeg",
                "log_fmod_0"
              ]
            },
            "ndata": 7,
            "nfree": 4,
            "r2": 0.9842081661487974,
            "reduced_chisq": 1.1836532185661132e-09,
            "status": "completed",
            "success": true,
            "time_max": 300.0,
            "time_min": 0.0
          },
          "nt_id": 179,
          "params": {
            "fmod0": 0.000385726738945671,
            "kdeg": 0.024591028445024067,
            "kobs": 0.0005853953355711281,
            "log_fmod0": -7.86038136939291,
            "log_fmod0_err": 0.08486870840032774,
            "log_kdeg": -3.7053735999188193,
            "log_kdeg_err": 0.1501273810471282,
            "log_kobs": -7.443223151672759,
            "log_kobs_err": 0.06353435297073066,
            "metadata": {
              "base": "G",
              "fmod_run_ids": [
                678,
                679,
                680,
                681,
                682,
                683,
                684
              ],
              "site": 26,
              "valtype": "modrate"
            }
          },
          "valtype": "modrate"
        },
        {
          "diagnostics": {
            "chisq": 1.1511520721129437e-06,
            "covariance": {
              "matrix": [
                [
                  0.0007353563216930589,
                  0.00013269547413122083,
                  -0.038134142019792795
                ],
                [
                  0.00013269547413122083,
                  0.0039701923022343235,
                  -0.04553000756413337
                ],
                [
                  -0.038134142019792795,
                  -0.04553000756413337,
                  2.780949183467786
                ]
              ],
              "params": [
                "log_kappa",
                "log_kdeg",
                "log_fmod_0"
              ]
            },
            "ndata": 7,
            "nfree": 4,
            "r2": 0.9971516255809948,
            "reduced_chisq": 2.877880180282359e-07,
            "status": "completed",
            "success": true,
            "time_max": 300.0,
            "time_min": 0.0
          },
          "nt_id": 180,
          "params": {
            "fmod0": 0.0003110581287025057,
            "kdeg": 0.029358247374536874,
            "kobs": 0.02201049734695379,
            "log_fmod0": -8.07553075423908,
            "log_fmod0_err": 1.6676178169676006,
            "log_kdeg": -3.5281817713453627,
            "log_kdeg_err": 0.06300946200559344,
            "log_kobs": -3.816235787290439,
            "log_kobs_err": 0.027117454189010053,
            "metadata": {
              "base": "A",
              "fmod_run_ids": [
                678,
                679,
                680,
                681,
                682,
                683,
                684
              ],
              "site": 27,
              "valtype": "modrate"
            }
          },
          "valtype": "modrate"
        },
        {
          "diagnostics": {
            "chisq": 1.590351794996036e-08,
            "covariance": {
              "matrix": [
                [
                  0.015789909471048157,
                  -0.0014149624829772629,
                  -0.014797825225483575
                ],
                [
                  -0.0014149624829772629,
                  0.14571018707238773,
                  -0.009340478278427487
                ],
                [
                  -0.014797825225483575,
                  -0.009340478278427487,
                  0.017094197805004964
                ]
              ],
              "params": [
                "log_kappa",
                "log_kdeg",
                "log_fmod_0"
              ]
            },
            "ndata": 7,
            "nfree": 4,
            "r2": 0.9406678134398327,
            "reduced_chisq": 3.97587948749009e-09,
            "status": "completed",
            "success": true,
            "time_max": 300.0,
            "time_min": 0.0
          },
          "nt_id": 181,
          "params": {
            "fmod0": 0.00048199607226095156,
            "kdeg": 0.07838782265316983,
            "kobs": 0.0005531708685781999,
            "log_fmod0": -7.637574592783076,
            "log_fmod0_err": 0.13074478117693633,
            "log_kdeg": -2.546086686991093,
            "log_kdeg_err": 0.38172003755683004,
            "log_kobs": -7.499843619397198,
            "log_kobs_err": 0.12565790652023515,
            "metadata": {
              "base": "G",
              "fmod_run_ids": [
                678,
                679,
                680,
                681,
                682,
                683,
                684
              ],
              "site": 28,
              "valtype": "modrate"
            }
          },
          "valtype": "modrate"
        },
        {
          "diagnostics": {
            "chisq": 1.6998586123347193e-06,
            "covariance": {
              "matrix": [
                [
                  0.0007787084217724874,
                  0.00013738007624292407,
                  -0.013944691097058771
                ],
                [
                  0.00013738007624292407,
                  0.004203565687248405,
                  -0.017584920687141334
                ],
                [
                  -0.013944691097058771,
                  -0.017584920687141334,
                  0.3603774199328585
                ]
              ],
              "params": [
                "log_kappa",
                "log_kdeg",
                "log_fmod_0"
              ]
            },
            "ndata": 7,
            "nfree": 4,
            "r2": 0.9969962448811268,
            "reduced_chisq": 4.249646530836798e-07,
            "status": "completed",
            "success": true,
            "time_max": 300.0,
            "time_min": 0.0
          },
          "nt_id": 182,
          "params": {
            "fmod0": 0.0010418170972495348,
            "kdeg": 0.02660115024233865,
            "kobs": 0.026011377707733027,
            "log_fmod0": -6.866788881528934,
            "log_fmod0_err": 0.6003144342199832,
            "log_kdeg": -3.626800821936218,
            "log_kdeg_err": 0.06483491102213687,
            "log_kobs": -3.649221232537846,
            "log_kobs_err": 0.0279053475479609,
            "metadata": {
              "base": "C",
              "fmod_run_ids": [
                678,
                679,
                680,
                681,
                682,
                683,
                684
              ],
              "site": 29,
              "valtype": "modrate"
            }
          },
          "valtype": "modrate"
        },
        {
          "diagnostics": {
            "chisq": 1.1922873475400912e-07,
            "covariance": {
              "matrix": [
                [
                  6.244344776876635e-05,
                  1.121471925705012e-05,
                  -0.0006609074376336441
                ],
                [
                  1.121471925705012e-05,
                  0.00033638537059451555,
                  -0.0007997847394438144
                ],
                [
                  -0.0006609074376336441,
                  -0.0007997847394438144,
                  0.00990120406324578
                ]
              ],
              "params": [
                "log_kappa",
                "log_kdeg",
                "log_fmod_0"
              ]
            },
            "ndata": 7,
            "nfree": 4,
            "r2": 0.9997580788225127,
            "reduced_chisq": 2.980718368850228e-08,
            "status": "completed",
            "success": true,
            "time_max": 300.0,
            "time_min": 0.0
          },
          "nt_id": 183,
          "params": {
            "fmod0": 0.0016743557739535662,
            "kdeg": 0.028579521385302044,
            "kobs": 0.024345820338642084,
            "log_fmod0": -6.392326800252525,
            "log_fmod0_err": 0.09950479417216931,
            "log_kdeg": -3.555064853111121,
            "log_kdeg_err": 0.01834081161220832,
            "log_kobs": -3.7153950935240525,
            "log_kobs_err": 0.00790211666382915,
            "metadata": {
              "base": "C",
              "fmod_run_ids": [
                678,
                679,
                680,
                681,
                682,
                683,
                684
              ],
              "site": 30,
              "valtype": "modrate"
            }
          },
          "valtype": "modrate"
        },
        {
          "diagnostics": {
            "chisq": 2.0375814846986132e-07,
            "covariance": {
              "matrix": [
                [
                  0.005124864354026303,
                  -0.0008269705032303236,
                  -0.011348361325674308
                ],
                [
                  -0.0008269705032303236,
                  0.05522128493857876,
                  -0.006452935369939041
                ],
                [
                  -0.011348361325674308,
                  -0.006452935369939041,
                  0.03077355351942773
                ]
              ],
              "params": [
                "log_kappa",
                "log_kdeg",
                "log_fmod_0"
              ]
            },
            "ndata": 7,
            "nfree": 4,
            "r2": 0.9800267494419962,
            "reduced_chisq": 5.093953711746533e-08,
            "status": "completed",
            "success": true,
            "time_max": 300.0,
            "time_min": 0.0
          },
          "nt_id": 184,
          "params": {
            "fmod0": 0.0012862388915228398,
            "kdeg": 0.08755666985922857,
            "kobs": 0.0034836426371419593,
            "log_fmod0": -6.656032907181518,
            "log_fmod0_err": 0.17542392516252658,
            "log_kdeg": -2.435469039722862,
            "log_kdeg_err": 0.23499209548105818,
            "log_kobs": -5.659676797829742,
            "log_kobs_err": 0.07158815791753761,
            "metadata": {
              "base": "U",
              "fmod_run_ids": [
                678,
                679,
                680,
                681,
                682,
                683,
                684
              ],
              "site": 51,
              "valtype": "modrate"
            }
          },
          "valtype": "modrate"
        },
        {
          "diagnostics": {
            "chisq": 6.887290967448211e-07,
            "covariance": {
              "matrix": [
                [
                  0.007960213755974582,
                  -0.0014968227411428037,
                  -0.02325085176703321
                ],
                [
                  -0.0014968227411428037,
                  0.09093890783308009,
                  -0.012755384753468728
                ],
                [
                  -0.02325085176703321,
                  -0.012755384753468728,
                  0.08301175891653301
                ]
              ],
              "params": [
                "log_kappa",
                "log_kdeg",
                "log_fmod_0"
              ]
            },
            "ndata": 7,
            "nfree": 4,
            "r2": 0.969384823858291,
            "reduced_chisq": 1.7218227418620528e-07,
            "status": "completed",
            "success": true,
            "time_max": 300.0,
            "time_min": 0.0
          },
          "nt_id": 185,
          "params": {
            "fmod0": 0.0014398980194267768,
            "kdeg": 0.0907905384381062,
            "kobs": 0.00514636182732432,
            "log_fmod0": -6.543182987744587,
            "log_fmod0_err": 0.2881176129925642,
            "log_kdeg": -2.3992002010278184,
            "log_kdeg_err": 0.3015607862986832,
            "log_kobs": -5.269465255249974,
            "log_kobs_err": 0.08922003001554406,
            "metadata": {
              "base": "U",
              "fmod_run_ids": [
                678,
                679,
                680,
                681,
                682,
                683,
                684
              ],
              "site": 52,
              "valtype": "modrate"
            }
          },
          "valtype": "modrate"
        },
        {
          "diagnostics": {
            "chisq": 5.797558832220371e-07,
            "covariance": {
              "matrix": [
                [
                  0.00020841945374462133,
                  3.657392074631736e-05,
                  -0.003471118004686211
                ],
                [
                  3.657392074631736e-05,
                  0.001120187289272707,
                  -0.004028202226458766
                ],
                [
                  -0.003471118004686211,
                  -0.004028202226458766,
                  0.08053004877435263
                ]
              ],
              "params": [
                "log_kappa",
                "log_kdeg",
                "log_fmod_0"
              ]
            },
            "ndata": 7,
            "nfree": 4,
            "r2": 0.9991971849205913,
            "reduced_chisq": 1.4493897080550927e-07,
            "status": "completed",
            "success": true,
            "time_max": 300.0,
            "time_min": 0.0
          },
          "nt_id": 186,
          "params": {
            "fmod0": 0.0013014150358107031,
            "kdeg": 0.030520717119697536,
            "kobs": 0.02961019750226801,
            "log_fmod0": -6.644303117404201,
            "log_fmod0_err": 0.2837781682482862,
            "log_kdeg": -3.4893495761283746,
            "log_kdeg_err": 0.03346919911310558,
            "log_kobs": -3.519636466770382,
            "log_kobs_err": 0.014436739720055264,
            "metadata": {
              "base": "C",
              "fmod_run_ids": [
                678,
                679,
                680,
                681,
                682,
                683,
                684
              ],
              "site": 53,
              "valtype": "modrate"
            }
          },
          "valtype": "modrate"
        },
        {
          "diagnostics": {
            "chisq": 5.913736964292419e-09,
            "covariance": {
              "matrix": [
                [
                  0.009519706810878803,
                  -0.003108686347716781,
                  -0.0047105650784974185
                ],
                [
                  -0.003108686347716781,
                  0.07122751871619444,
                  -0.010938423288374154
                ],
                [
                  -0.0047105650784974185,
                  -0.010938423288374154,
                  0.005534755923699295
                ]
              ],
              "params": [
                "log_kappa",
                "log_kdeg",
                "log_fmod_0"
              ]
            },
            "ndata": 7,
            "nfree": 4,
            "r2": 0.9638347156480503,
            "reduced_chisq": 1.4784342410731048e-09,
            "status": "completed",
            "success": true,
            "time_max": 300.0,
            "time_min": 0.0
          },
          "nt_id": 187,
          "params": {
            "fmod0": 0.0004626244779493751,
            "kdeg": 0.014072844280604905,
            "kobs": 0.00042676847613078297,
            "log_fmod0": -7.678594895711711,
            "log_fmod0_err": 0.07439594023667753,
            "log_kdeg": -4.263508276146178,
            "log_kdeg_err": 0.2668848416755707,
            "log_kobs": -7.759268902251452,
            "log_kobs_err": 0.09756898488187116,
            "metadata": {
              "base": "G",
              "fmod_run_ids": [
                678,
                679,
                680,
                681,
                682,
                683,
                684
              ],
              "site": 54,
              "valtype": "modrate"
            }
          },
          "valtype": "modrate"
        },
        {
          "diagnostics": {
            "chisq": 1.1050639669597916e-08,
            "covariance": {
              "matrix": [
                [
                  0.06869786802631513,
                  0.012767083587050417,
                  -0.01894537074989225
                ],
                [
                  0.012767083587050417,
                  0.3804319596796081,
                  -0.024821276832817596
                ],
                [
                  -0.01894537074989225,
                  -0.024821276832817596,
                  0.0076151269440150856
                ]
              ],
              "params": [
                "log_kappa",
                "log_kdeg",
                "log_fmod_0"
              ]
            },
            "ndata": 7,
            "nfree": 4,
            "r2": 0.7855232328880866,
            "reduced_chisq": 2.762659917399479e-09,
            "status": "completed",
            "success": true,
            "time_max": 300.0,
            "time_min": 0.0
          },
          "nt_id": 188,
          "params": {
            "fmod0": 0.0005757899305857749,
            "kdeg": 0.025894848372261192,
            "kobs": 0.00021712789213375037,
            "log_fmod0": -7.459767667633145,
            "log_fmod0_err": 0.08726469471679303,
            "log_kdeg": -3.6537112346066776,
            "log_kdeg_err": 0.6167916663506472,
            "log_kobs": -8.435024013359303,
            "log_kobs_err": 0.26210278141659454,
            "metadata": {
              "base": "G",
              "fmod_run_ids": [
                678,
                679,
                680,
                681,
                682,
                683,
                684
              ],
              "site": 33,
              "valtype": "modrate"
            }
          },
          "valtype": "modrate"
        },
        {
          "diagnostics": {
            "chisq": 1.0390836806334841e-08,
            "covariance": {
              "matrix": [
                [
                  0.016143368138278404,
                  0.0027437014694924916,
                  -0.0118460292915699
                ],
                [
                  0.0027437014694924916,
                  0.09106457057311051,
                  -0.01652049742861017
                ],
                [
                  -0.0118460292915699,
                  -0.01652049742861017,
                  0.013099844877708662
                ]
              ],
              "params": [
                "log_kappa",
                "log_kdeg",
                "log_fmod_0"
              ]
            },
            "ndata": 7,
            "nfree": 4,
            "r2": 0.9396565206490787,
            "reduced_chisq": 2.5977092015837104e-09,
            "status": "completed",
            "success": true,
            "time_max": 300.0,
            "time_min": 0.0
          },
          "nt_id": 189,
          "params": {
            "fmod0": 0.0004219418717954093,
            "kdeg": 0.023524506930626687,
            "kobs": 0.00043285458780124755,
            "log_fmod0": -7.770642997976557,
            "log_fmod0_err": 0.11445455376571376,
            "log_kdeg": -3.7497125531085937,
            "log_kdeg_err": 0.301769068284194,
            "log_kobs": -7.745108711302989,
            "log_kobs_err": 0.12705655488119613,
            "metadata": {
              "base": "G",
              "fmod_run_ids": [
                678,
                679,
                680,
                681,
                682,
                683,
                684
              ],
              "site": 34,
              "valtype": "modrate"
            }
          },
          "valtype": "modrate"
        },
        {
          "diagnostics": {
            "chisq": 1.7966772955559054e-06,
            "covariance": {
              "matrix": [
                [
                  0.001413723472906896,
                  0.00025586978391878236,
                  -0.02524207935580104
                ],
                [
                  0.00025586978391878236,
                  0.007651914015656178,
                  -0.02987004449639044
                ],
                [
                  -0.02524207935580104,
                  -0.02987004449639044,
                  0.6310105209669078
                ]
              ],
              "params": [
                "log_kappa",
                "log_kdeg",
                "log_fmod_0"
              ]
            },
            "ndata": 7,
            "nfree": 4,
            "r2": 0.9945250577056993,
            "reduced_chisq": 4.4916932388897635e-07,
            "status": "completed",
            "success": true,
            "time_max": 300.0,
            "time_min": 0.0
          },
          "nt_id": 190,
          "params": {
            "fmod0": 0.0008168633756608666,
            "kdeg": 0.029922994436881487,
            "kobs": 0.01979873326330663,
            "log_fmod0": -7.110038703941525,
            "log_fmod0_err": 0.7943617066342686,
            "log_kdeg": -3.5091280494371007,
            "log_kdeg_err": 0.08747521943759946,
            "log_kobs": -3.922137319928913,
            "log_kobs_err": 0.03759951426424145,
            "metadata": {
              "base": "A",
              "fmod_run_ids": [
                678,
                679,
                680,
                681,
                682,
                683,
                684
              ],
              "site": 35,
              "valtype": "modrate"
            }
          },
          "valtype": "modrate"
        },
        {
          "diagnostics": {
            "chisq": 2.066436815479997e-09,
            "covariance": {
              "matrix": [
                [
                  0.0013466880347900174,
