{
  "artifacts": {},
  "engine": "python_baseline",
  "engine_version": "0.1.0",
  "metadata": {
    "buffer_pH": 6.5,
    "done_by": [
      "EKC"
    ],
    "experiment_id": "ekc.01.0xx",
    "fmod_run_id": 847,
    "initial_kdeg": 0.030500380987197977,
    "initial_kdeg_source": "arrhenius:nmr:deg:dms:Schwalbe_bistris",
    "initial_log_kdeg": -3.4900161040632476,
    "notes": "Baseline python engine demo using examples/nerd.sqlite",
    "rg_id": 29,
    "rg_label": "75_2_A8C",
    "rounds_requested": [
      "round1_free",
      "round2_global",
      "round3_constrained"
    ],
    "rt_protocol": [
      "MRT"
    ],
    "selected_site_bases": [
      "10_U",
      "11_U",
      "12_U",
      "13_U",
      "14_G",
      "15_A",
      "16_A",
      "17_U",
      "18_A",
      "19_G",
      "1_A",
      "20_U",
      "21_G",
      "22_A",
      "23_U",
      "24_U",
      "25_C",
      "26_A",
      "27_G",
      "28_G",
      "29_A",
      "2_G",
      "30_G",
      "31_G",
      "32_U",
      "33_U",
      "34_A",
      "35_A",
      "36_U",
      "3_G",
      "4_U",
      "5_U",
      "61_G",
      "62_G",
      "6_G",
      "7_A",
      "8_C",
      "9_C"
    ],
    "temperature_c": 75.0,
    "valtypes": [
      "modrate",
      "GAmodrate"
    ]
  },
  "rounds": [
    {
      "global_params": {},
      "notes": null,
      "per_nt": [
        {
          "diagnostics": {
            "reason": "Non-zero fmod values are required for a fit.",
            "status": "failed"
          },
          "nt_id": 470,
          "params": {},
          "valtype": "modrate"
        },
        {
          "diagnostics": {
            "reason": "Non-zero fmod values are required for a fit.",
            "status": "failed"
          },
          "nt_id": 471,
          "params": {},
          "valtype": "modrate"
        },
        {
          "diagnostics": {
            "reason": "Non-zero fmod values are required for a fit.",
            "status": "failed"
          },
          "nt_id": 472,
          "params": {},
          "valtype": "modrate"
        },
        {
          "diagnostics": {
            "reason": "Non-zero fmod values are required for a fit.",
            "status": "failed"
          },
          "nt_id": 473,
          "params": {},
          "valtype": "modrate"
        },
        {
          "diagnostics": {
            "chisq": 6.694297576356777e-08,
            "covariance": {
              "matrix": [
                [
                  0.025295296332756716,
                  0.004463845797294146,
                  -0.02386122176745886
                ],
                [
                  0.004463845797294146,
                  0.14313778407407035,
                  -0.02835026466175325
                ],
                [
                  -0.02386122176745886,
                  -0.02835026466175325,
                  0.031263011449144784
                ]
              ],
              "params": [
                "log_kappa",
                "log_kdeg",
                "log_fmod_0"
              ]
            },
            "ndata": 7,
            "nfree": 4,
            "r2": 0.9086461543247617,
            "reduced_chisq": 1.6735743940891943e-08,
            "status": "completed",
            "success": true,
            "time_max": 200.0,
            "time_min": 0.0
          },
          "nt_id": 474,
          "params": {
            "fmod0": 0.000716160889133612,
            "kdeg": 0.0449714493245208,
            "kobs": 0.0008906977039179846,
            "log_fmod0": -7.241605710752255,
            "log_fmod0_err": 0.17681349340235542,
            "log_kdeg": -3.1017274500214826,
            "log_kdeg_err": 0.3783355442911363,
            "log_kobs": -7.023505465369691,
            "log_kobs_err": 0.15904495066727745,
            "metadata": {
              "base": "U",
              "fmod_run_ids": [
                842,
                843,
                844,
                845,
                846,
                847,
                848
              ],
              "site": 5,
              "valtype": "modrate"
            }
          },
          "valtype": "modrate"
        },
        {
          "diagnostics": {
            "chisq": 1.3387941322531338e-08,
            "covariance": {
              "matrix": [
                [
                  0.004897462541501852,
                  -0.001988870427482484,
                  -0.008212212140168495
                ],
                [
                  -0.001988870427482484,
                  0.03520147919851197,
                  -0.017997885610049568
                ],
                [
                  -0.008212212140168495,
                  -0.017997885610049568,
                  0.03266578645647918
                ]
              ],
              "params": [
                "log_kappa",
                "log_kdeg",
                "log_fmod_0"
              ]
            },
            "ndata": 7,
            "nfree": 4,
            "r2": 0.981235159969637,
            "reduced_chisq": 3.3469853306328344e-09,
            "status": "completed",
            "success": true,
            "time_max": 200.0,
            "time_min": 0.0
          },
          "nt_id": 475,
          "params": {
            "fmod0": 0.00029055261158583093,
            "kdeg": 0.021874542023841967,
            "kobs": 0.0009125106651587923,
            "log_fmod0": -8.143725891062179,
            "log_fmod0_err": 0.18073678777846855,
            "log_kdeg": -3.82243178301056,
            "log_kdeg_err": 0.1876205724288037,
            "log_kobs": -6.999310784730678,
            "log_kobs_err": 0.06998187294937062,
            "metadata": {
              "base": "G",
              "fmod_run_ids": [
                842,
                843,
                844,
                845,
                846,
                847,
                848
              ],
              "site": 6,
              "valtype": "modrate"
            }
          },
          "valtype": "modrate"
        },
        {
          "diagnostics": {
            "chisq": 2.5013077914879694e-06,
            "covariance": {
              "matrix": [
                [
                  0.0008850610451560858,
                  4.129251503801498e-05,
                  -0.02135278200995489
                ],
                [
                  4.129251503801498e-05,
                  0.005314761773870605,
                  -0.03212209257398301
                ],
                [
                  -0.02135278200995489,
                  -0.03212209257398301,
                  0.8281586671269535
                ]
              ],
              "params": [
                "log_kappa",
                "log_kdeg",
                "log_fmod_0"
              ]
            },
            "ndata": 7,
            "nfree": 4,
            "r2": 0.996581933882734,
            "reduced_chisq": 6.253269478719924e-07,
            "status": "completed",
            "success": true,
            "time_max": 200.0,
            "time_min": 0.0
          },
          "nt_id": 476,
          "params": {
            "fmod0": 0.0008268595326234168,
            "kdeg": 0.0315997442133706,
            "kobs": 0.02968538996387019,
            "log_fmod0": -7.0978757290920305,
            "log_fmod0_err": 0.9100322341142393,
            "log_kdeg": -3.45460625293562,
            "log_kdeg_err": 0.07290241267523734,
            "log_kobs": -3.517100274614432,
            "log_kobs_err": 0.02974997554883173,
            "metadata": {
              "base": "A",
              "fmod_run_ids": [
                842,
                843,
                844,
                845,
                846,
                847,
                848
              ],
              "site": 7,
              "valtype": "modrate"
            }
          },
          "valtype": "modrate"
        },
        {
          "diagnostics": {
            "chisq": 5.627072789347134e-05,
            "covariance": {
              "matrix": [
                [
                  0.004786409163335983,
                  0.0005911529554728346,
                  -0.013667985186173973
                ],
                [
                  0.0005911529554728346,
                  0.026328960543691226,
                  -0.017209471165509395
                ],
                [
                  -0.013667985186173973,
                  -0.017209471165509395,
                  0.05682509390285099
                ]
              ],
              "params": [
                "log_kappa",
                "log_kdeg",
                "log_fmod_0"
              ]
            },
            "ndata": 7,
            "nfree": 4,
            "r2": 0.9824598206512908,
            "reduced_chisq": 1.4067681973367836e-05,
            "status": "completed",
            "success": true,
            "time_max": 200.0,
            "time_min": 0.0
          },
          "nt_id": 477,
          "params": {
            "fmod0": 0.015269036482652659,
            "kdeg": 0.038488718634837354,
            "kobs": 0.06301696685927027,
            "log_fmod0": -4.1819282604553925,
            "log_fmod0_err": 0.23838014578158767,
            "log_kdeg": -3.2573901030996284,
            "log_kdeg_err": 0.16226201201664925,
            "log_kobs": -2.764351273622928,
            "log_kobs_err": 0.06918387936026703,
            "metadata": {
              "base": "C",
              "fmod_run_ids": [
                842,
                843,
                844,
                845,
                846,
                847,
                848
              ],
              "site": 8,
              "valtype": "modrate"
            }
          },
          "valtype": "modrate"
        },
        {
          "diagnostics": {
            "chisq": 1.6666415806837617e-06,
            "covariance": {
              "matrix": [
                [
                  0.0007608421795581762,
                  1.3108162957075499e-05,
                  -0.012671164325567048
                ],
                [
                  1.3108162957075499e-05,
                  0.004653210883187746,
                  -0.019765335857772248
                ],
                [
                  -0.012671164325567048,
                  -0.019765335857772248,
                  0.3486757102749873
                ]
              ],
              "params": [
                "log_kappa",
                "log_kdeg",
                "log_fmod_0"
              ]
            },
            "ndata": 7,
            "nfree": 4,
            "r2": 0.9970478935429888,
            "reduced_chisq": 4.1666039517094044e-07,
            "status": "completed",
            "success": true,
            "time_max": 200.0,
            "time_min": 0.0
          },
          "nt_id": 478,
          "params": {
            "fmod0": 0.0010352745792099774,
            "kdeg": 0.030306206689102173,
            "kobs": 0.026022142565612617,
            "log_fmod0": -6.873088593526331,
            "log_fmod0_err": 0.5904876885041612,
            "log_kdeg": -3.4964027462194185,
            "log_kdeg_err": 0.06821444775989721,
            "log_kobs": -3.6488074662588543,
            "log_kobs_err": 0.027583367806672487,
            "metadata": {
              "base": "C",
              "fmod_run_ids": [
                842,
                843,
                844,
                845,
                846,
                847,
                848
              ],
              "site": 9,
              "valtype": "modrate"
            }
          },
          "valtype": "modrate"
        },
        {
          "diagnostics": {
            "chisq": 1.319790798631072e-08,
            "covariance": {
              "matrix": [
                [
                  0.021324536322555356,
                  0.0037789407078424944,
                  -0.010559452411419774
                ],
                [
                  0.0037789407078424944,
                  0.12009198451746796,
                  -0.01205538881326729
                ],
                [
                  -0.010559452411419774,
                  -0.01205538881326729,
                  0.007157894412241757
                ]
              ],
              "params": [
                "log_kappa",
                "log_kdeg",
                "log_fmod_0"
              ]
            },
            "ndata": 7,
            "nfree": 4,
            "r2": 0.9218371553147525,
            "reduced_chisq": 3.29947699657768e-09,
            "status": "completed",
            "success": true,
            "time_max": 200.0,
            "time_min": 0.0
          },
          "nt_id": 479,
          "params": {
            "fmod0": 0.000666623294028035,
            "kdeg": 0.04749423010049779,
            "kobs": 0.0004312803174725529,
            "log_fmod0": -7.313285448164675,
            "log_fmod0_err": 0.08460434038654138,
            "log_kdeg": -3.0471470468882775,
            "log_kdeg_err": 0.3465429042953671,
            "log_kobs": -7.748752290704101,
            "log_kobs_err": 0.14602923105513962,
            "metadata": {
              "base": "U",
              "fmod_run_ids": [
                842,
                843,
                844,
                845,
                846,
                847,
                848
              ],
              "site": 10,
              "valtype": "modrate"
            }
          },
          "valtype": "modrate"
        },
        {
          "diagnostics": {
            "chisq": 3.1757504890426388e-09,
            "covariance": {
              "matrix": [
                [
                  0.0024832018385982932,
                  0.0003151037686154476,
                  -0.0013937380534594676
                ],
                [
                  0.0003151037686154476,
                  0.014416392850698519,
                  -0.0012854355133884198
                ],
                [
                  -0.0013937380534594676,
                  -0.0012854355133884198,
                  0.0010148727948532694
                ]
              ],
              "params": [
                "log_kappa",
                "log_kdeg",
                "log_fmod_0"
              ]
            },
            "ndata": 7,
            "nfree": 4,
            "r2": 0.9901974365361591,
            "reduced_chisq": 7.939376222606597e-10,
            "status": "completed",
            "success": true,
            "time_max": 200.0,
            "time_min": 0.0
          },
          "nt_id": 480,
          "params": {
            "fmod0": 0.000877963942051546,
            "kdeg": 0.062971534256989,
            "kobs": 0.0006241283275946768,
            "log_fmod0": -7.037905033450904,
            "log_fmod0_err": 0.03185706820869223,
            "log_kdeg": -2.7650724918904377,
            "log_kdeg_err": 0.12006828411657476,
            "log_kobs": -7.379154557541969,
            "log_kobs_err": 0.049831735255741326,
            "metadata": {
              "base": "U",
              "fmod_run_ids": [
                842,
                843,
                844,
                845,
                846,
                847,
                848
              ],
              "site": 11,
              "valtype": "modrate"
            }
          },
          "valtype": "modrate"
        },
        {
          "diagnostics": {
            "chisq": 5.551943348014952e-09,
            "covariance": {
              "matrix": [
                [
                  0.001764693962476811,
                  0.0002766273299453035,
                  -0.0014524022301680688
                ],
                [
                  0.0002766273299453035,
                  0.009980450300972494,
                  -0.001462961018577184
                ],
                [
                  -0.0014524022301680688,
                  -0.001462961018577184,
                  0.0015795653823729272
                ]
              ],
              "params": [
                "log_kappa",
                "log_kdeg",
                "log_fmod_0"
              ]
            },
            "ndata": 7,
            "nfree": 4,
            "r2": 0.9930274717552484,
            "reduced_chisq": 1.387985837003738e-09,
            "status": "completed",
            "success": true,
            "time_max": 200.0,
            "time_min": 0.0
          },
          "nt_id": 481,
          "params": {
            "fmod0": 0.0009271916271526262,
            "kdeg": 0.05608427700271796,
            "kobs": 0.0009772149459447922,
            "log_fmod0": -6.9833502962290455,
            "log_fmod0_err": 0.03974374645617757,
            "log_kdeg": -2.8808997730669454,
            "log_kdeg_err": 0.09990220368426561,
            "log_kobs": -6.93080392403454,
            "log_kobs_err": 0.042008260645696946,
            "metadata": {
              "base": "U",
              "fmod_run_ids": [
                842,
                843,
                844,
                845,
                846,
                847,
                848
              ],
              "site": 12,
              "valtype": "modrate"
            }
          },
          "valtype": "modrate"
        },
        {
          "diagnostics": {
            "chisq": 9.526676805611004e-09,
            "covariance": {
              "matrix": [
                [
                  0.0029953765135953873,
                  0.0004620405864338226,
                  -0.004786145212214655
                ],
                [
                  0.0004620405864338226,
                  0.016969359258308753,
                  -0.004778179448965305
                ],
                [
                  -0.004786145212214655,
                  -0.004778179448965305,
                  0.01008457920983936
                ]
              ],
              "params": [
                "log_kappa",
                "log_kdeg",
                "log_fmod_0"
              ]
            },
            "ndata": 7,
            "nfree": 4,
            "r2": 0.988220533972187,
            "reduced_chisq": 2.381669201402751e-09,
            "status": "completed",
            "success": true,
            "time_max": 200.0,
            "time_min": 0.0
          },
          "nt_id": 482,
          "params": {
            "fmod0": 0.00048087884985350925,
            "kdeg": 0.056745253779719146,
            "kobs": 0.0009827839141676063,
            "log_fmod0": -7.6398951909898685,
            "log_fmod0_err": 0.10042200560554125,
            "log_kdeg": -2.8691832599556775,
            "log_kdeg_err": 0.13026649322948997,
            "log_kobs": -6.9251212848020245,
            "log_kobs_err": 0.054730033012920676,
            "metadata": {
              "base": "U",
              "fmod_run_ids": [
                842,
                843,
                844,
                845,
                846,
                847,
                848
              ],
              "site": 13,
              "valtype": "modrate"
            }
          },
          "valtype": "modrate"
        },
        {
          "diagnostics": {
            "chisq": 1.942105684865036e-08,
            "covariance": {
              "matrix": [
                [
                  0.05653727255461201,
                  -0.10476232888727138,
                  -0.006289064040695039
                ],
                [
                  -0.10476232888727138,
                  0.40500306706512623,
                  -0.10356623287583376
                ],
                [
                  -0.006289064040695039,
                  -0.10356623287583376,
                  0.07974905267293297
                ]
              ],
              "params": [
                "log_kappa",
                "log_kdeg",
                "log_fmod_0"
              ]
            },
            "ndata": 7,
            "nfree": 4,
            "r2": 0.8946870779535417,
            "reduced_chisq": 4.85526421216259e-09,
            "status": "completed",
            "success": true,
            "time_max": 200.0,
            "time_min": 0.0
          },
          "nt_id": 483,
          "params": {
            "fmod0": 0.00020757163912880075,
            "kdeg": 0.011857123365513844,
            "kobs": 0.00048535548959202754,
            "log_fmod0": -8.480034029064681,
            "log_fmod0_err": 0.2823987476476002,
            "log_kdeg": -4.43482646411453,
            "log_kdeg_err": 0.636398512777274,
            "log_kobs": -7.630628967285832,
            "log_kobs_err": 0.23777567696173638,
            "metadata": {
              "base": "G",
              "fmod_run_ids": [
                842,
                843,
                844,
                845,
                846,
                847,
                848
              ],
              "site": 14,
              "valtype": "modrate"
            }
          },
          "valtype": "modrate"
        },
        {
          "diagnostics": {
            "chisq": 1.5406895133419179e-06,
            "covariance": {
              "matrix": [
                [
                  0.0005042630297058808,
                  4.271047653844328e-05,
                  -0.015063845140355353
                ],
                [
                  4.271047653844328e-05,
                  0.0029619404937196348,
                  -0.02155538596795648
                ],
                [
                  -0.015063845140355353,
                  -0.02155538596795648,
                  0.697644152891624
                ]
              ],
              "params": [
                "log_kappa",
                "log_kdeg",
                "log_fmod_0"
              ]
            },
            "ndata": 7,
            "nfree": 4,
            "r2": 0.9980540242619319,
            "reduced_chisq": 3.8517237833547947e-07,
            "status": "completed",
            "success": true,
            "time_max": 200.0,
            "time_min": 0.0
          },
          "nt_id": 484,
          "params": {
            "fmod0": 0.0007117023028724907,
            "kdeg": 0.0336819941461715,
            "kobs": 0.030945296983569105,
            "log_fmod0": -7.247850847929437,
            "log_fmod0_err": 0.8352509520447277,
            "log_kdeg": -3.3907918827452286,
            "log_kdeg_err": 0.05442371260507349,
            "log_kobs": -3.475534246694544,
            "log_kobs_err": 0.022455801693679982,
            "metadata": {
              "base": "A",
              "fmod_run_ids": [
                842,
                843,
                844,
                845,
                846,
                847,
                848
              ],
              "site": 15,
              "valtype": "modrate"
            }
          },
          "valtype": "modrate"
        },
        {
          "diagnostics": {
            "chisq": 1.0120884408105815e-06,
            "covariance": {
              "matrix": [
                [
                  0.0004796891388904898,
                  1.3698881387418313e-05,
                  -0.010698437328480602
                ],
                [
                  1.3698881387418313e-05,
                  0.0029196141699855426,
                  -0.016501450874826403
                ],
                [
                  -0.010698437328480602,
                  -0.016501450874826403,
                  0.39044991440614807
                ]
              ],
              "params": [
                "log_kappa",
                "log_kdeg",
                "log_fmod_0"
              ]
            },
            "ndata": 7,
            "nfree": 4,
            "r2": 0.998135952794095,
            "reduced_chisq": 2.530221102026454e-07,
            "status": "completed",
            "success": true,
            "time_max": 200.0,
            "time_min": 0.0
          },
          "nt_id": 485,
          "params": {
            "fmod0": 0.0007635462407754572,
            "kdeg": 0.03075269376041219,
            "kobs": 0.025528466461029967,
            "log_fmod0": -7.177536870928055,
            "log_fmod0_err": 0.6248599158260578,
            "log_kdeg": -3.481777686601814,
            "log_kdeg_err": 0.05403345417410905,
            "log_kobs": -3.6679611176476743,
            "log_kobs_err": 0.021901806749455393,
            "metadata": {
              "base": "A",
              "fmod_run_ids": [
                842,
                843,
                844,
                845,
                846,
                847,
                848
              ],
              "site": 16,
              "valtype": "modrate"
            }
          },
          "valtype": "modrate"
        },
        {
          "diagnostics": {
            "chisq": 1.7785000747262806e-08,
            "covariance": {
              "matrix": [
                [
                  0.004867143158691249,
                  0.0008500326915002389,
                  -0.007210550198749108
                ],
                [
                  0.0008500326915002389,
                  0.02734249141761292,
                  -0.007969607960512238
                ],
                [
                  -0.007210550198749108,
                  -0.007969607960512238,
                  0.014473178108719098
                ]
              ],
              "params": [
                "log_kappa",
                "log_kdeg",
                "log_fmod_0"
              ]
            },
            "ndata": 7,
            "nfree": 4,
            "r2": 0.9810240583088023,
            "reduced_chisq": 4.4462501868157015e-09,
            "status": "completed",
            "success": true,
            "time_max": 200.0,
            "time_min": 0.0
          },
          "nt_id": 486,
          "params": {
            "fmod0": 0.0005454056201970334,
            "kdeg": 0.049569321070364825,
            "kobs": 0.0010499527810402304,
            "log_fmod0": -7.513980782880846,
            "log_fmod0_err": 0.12030452239512486,
            "log_kdeg": -3.004383163425036,
            "log_kdeg_err": 0.1653556513023154,
            "log_kobs": -6.859010086261781,
            "log_kobs_err": 0.06976491352170695,
            "metadata": {
              "base": "U",
              "fmod_run_ids": [
                842,
                843,
                844,
                845,
                846,
                847,
                848
              ],
              "site": 17,
              "valtype": "modrate"
            }
          },
          "valtype": "modrate"
        },
        {
          "diagnostics": {
            "chisq": 1.3808840009009199e-06,
            "covariance": {
              "matrix": [
                [
                  0.0006137051522594212,
                  1.0405720931549421e-05,
                  -0.012197504137399964
                ],
                [
                  1.0405720931549421e-05,
                  0.003752357348982718,
                  -0.019023954314099388
                ],
                [
                  -0.012197504137399964,
                  -0.019023954314099388,
                  0.400597188487643
                ]
              ],
              "params": [
                "log_kappa",
                "log_kdeg",
                "log_fmod_0"
              ]
            },
            "ndata": 7,
            "nfree": 4,
            "r2": 0.9976183091042253,
            "reduced_chisq": 3.4522100022522997e-07,
            "status": "completed",
            "success": true,
            "time_max": 200.0,
            "time_min": 0.0
          },
          "nt_id": 487,
          "params": {
            "fmod0": 0.0008791597681638485,
            "kdeg": 0.03029951343200626,
            "kobs": 0.0263835333218559,
            "log_fmod0": -7.036543915517123,
            "log_fmod0_err": 0.6329274749034387,
            "log_kdeg": -3.4966236249453786,
            "log_kdeg_err": 0.06125648821947532,
            "log_kobs": -3.635015201243708,
            "log_kobs_err": 0.024773073129093638,
            "metadata": {
              "base": "A",
              "fmod_run_ids": [
                842,
                843,
                844,
                845,
                846,
                847,
                848
              ],
              "site": 18,
              "valtype": "modrate"
            }
          },
          "valtype": "modrate"
        },
        {
          "diagnostics": {
            "chisq": 1.485132643234578e-08,
            "covariance": {
              "matrix": [
                [
                  0.015462738606598246,
                  -0.0026899966210127075,
                  -0.009164121812349458
                ],
                [
                  -0.0026899966210127075,
                  0.10436939739978866,
                  -0.017181209130885666
                ],
                [
                  -0.009164121812349458,
                  -0.017181209130885666,
                  0.010593820148383004
                ]
              ],
              "params": [
                "log_kappa",
                "log_kdeg",
                "log_fmod_0"
              ]
            },
            "ndata": 7,
            "nfree": 4,
            "r2": 0.9420243408951934,
            "reduced_chisq": 3.712831608086445e-09,
            "status": "completed",
            "success": true,
            "time_max": 200.0,
            "time_min": 0.0
          },
          "nt_id": 488,
          "params": {
            "fmod0": 0.0005474188908065703,
            "kdeg": 0.02521291004936384,
            "kobs": 0.0005325627717175198,
            "log_fmod0": -7.510296251893654,
            "log_fmod0_err": 0.10292628502177179,
            "log_kdeg": -3.6803991121012354,
            "log_kdeg_err": 0.32306252862222923,
            "log_kobs": -7.53780978616847,
            "log_kobs_err": 0.12434926057921794,
            "metadata": {
              "base": "G",
              "fmod_run_ids": [
                842,
                843,
                844,
                845,
                846,
                847,
                848
              ],
              "site": 19,
              "valtype": "modrate"
            }
          },
          "valtype": "modrate"
        },
        {
          "diagnostics": {
            "chisq": 3.808913888730019e-08,
            "covariance": {
              "matrix": [
                [
                  0.01091956928086603,
                  0.0007677364733464218,
                  -0.009698038250784087
                ],
                [
                  0.0007677364733464218,
                  0.06687186005976316,
                  -0.014702959322881829
                ],
                [
                  -0.009698038250784087,
                  -0.014702959322881829,
                  0.01371601297158885
                ]
              ],
              "params": [
                "log_kappa",
                "log_kdeg",
                "log_fmod_0"
              ]
            },
            "ndata": 7,
            "nfree": 4,
            "r2": 0.9582220076248007,
            "reduced_chisq": 9.522284721825047e-09,
            "status": "completed",
            "success": true,
            "time_max": 200.0,
            "time_min": 0.0
          },
          "nt_id": 489,
          "params": {
            "fmod0": 0.0007934373108922182,
            "kdeg": 0.03230112876389867,
            "kobs": 0.0010122067451039365,
            "log_fmod0": -7.139136024405164,
            "log_fmod0_err": 0.11711538315519807,
            "log_kdeg": -3.4326531031133993,
            "log_kdeg_err": 0.25859593975885076,
            "log_kobs": -6.89562243540099,
            "log_kobs_err": 0.10449674291989215,
            "metadata": {
              "base": "U",
              "fmod_run_ids": [
                842,
                843,
                844,
                845,
                846,
                847,
                848
              ],
              "site": 20,
              "valtype": "modrate"
            }
          },
          "valtype": "modrate"
        },
        {
          "diagnostics": {
            "chisq": 8.63680477887726e-08,
            "covariance": {
              "matrix": [
                [
                  0.027226682126846584,
                  -0.018044894242124097,
                  -0.017406661819276234
                ],
                [
                  -0.018044894242124097,
                  0.205688264266319,
                  -0.04506066448454544
                ],
                [
                  -0.017406661819276234,
                  -0.04506066448454544,
                  0.033693236787569886
                ]
              ],
              "params": [
                "log_kappa",
                "log_kdeg",
                "log_fmod_0"
              ]
            },
            "ndata": 7,
            "nfree": 4,
            "r2": 0.9070490604420911,
            "reduced_chisq": 2.159201194719315e-08,
            "status": "completed",
            "success": true,
            "time_max": 200.0,
            "time_min": 0.0
          },
          "nt_id": 490,
          "params": {
            "fmod0": 0.000715201020467989,
            "kdeg": 0.0194060842554456,
            "kobs": 0.0010099050321679796,
            "log_fmod0": -7.242946907277144,
            "log_fmod0_err": 0.18355717579972156,
            "log_kdeg": -3.942168640667049,
            "log_kdeg_err": 0.4535286807538405,
            "log_kobs": -6.897898980106293,
            "log_kobs_err": 0.16500509727534657,
            "metadata": {
              "base": "G",
              "fmod_run_ids": [
                842,
                843,
                844,
                845,
                846,
                847,
                848
              ],
              "site": 21,
              "valtype": "modrate"
            }
          },
          "valtype": "modrate"
        },
        {
          "diagnostics": {
            "chisq": 3.1537385913789082e-06,
            "covariance": {
              "matrix": [
                [
                  0.0010063111539539969,
                  6.376758554982202e-05,
                  -0.017033167155514596
                ],
                [
                  6.376758554982202e-05,
                  0.005979314849496063,
                  -0.025062867535331435
                ],
                [
                  -0.017033167155514596,
                  -0.025062867535331435,
                  0.4561194447650906
                ]
              ],
              "params": [
                "log_kappa",
                "log_kdeg",
                "log_fmod_0"
              ]
            },
            "ndata": 7,
            "nfree": 4,
            "r2": 0.9961234982229582,
            "reduced_chisq": 7.884346478447271e-07,
            "status": "completed",
            "success": true,
            "time_max": 200.0,
            "time_min": 0.0
          },
          "nt_id": 491,
          "params": {
            "fmod0": 0.0012545895272853937,
            "kdeg": 0.03245652600768499,
            "kobs": 0.03132866352110532,
            "log_fmod0": -6.680946829789529,
            "log_fmod0_err": 0.6753661560702391,
            "log_kdeg": -3.427853746415969,
            "log_kdeg_err": 0.07732602957281631,
            "log_kobs": -3.463221833047763,
            "log_kobs_err": 0.03172240775782943,
            "metadata": {
              "base": "A",
              "fmod_run_ids": [
                842,
                843,
                844,
                845,
                846,
                847,
                848
              ],
              "site": 22,
              "valtype": "modrate"
            }
          },
          "valtype": "modrate"
        },
        {
          "diagnostics": {
            "chisq": 4.819091904850932e-08,
            "covariance": {
              "matrix": [
                [
                  0.021952712803938422,
                  -0.0028068006537340833,
                  -0.01124690827353962
                ],
                [
                  -0.0028068006537340833,
                  0.1965293110598347,
                  -0.00684851368776017
                ],
                [
                  -0.01124690827353962,
                  -0.00684851368776017,
                  0.007132376432874254
                ]
              ],
              "params": [
                "log_kappa",
                "log_kdeg",
                "log_fmod_0"
              ]
            },
            "ndata": 7,
            "nfree": 4,
            "r2": 0.9194683543765129,
            "reduced_chisq": 1.204772976212733e-08,
            "status": "completed",
            "success": true,
            "time_max": 200.0,
            "time_min": 0.0
          },
          "nt_id": 492,
          "params": {
            "fmod0": 0.0012987611431265656,
            "kdeg": 0.10579054250444493,
            "kobs": 0.0008189722079619109,
            "log_fmod0": -6.646344435701934,
            "log_fmod0_err": 0.0844533979948365,
            "log_kdeg": -2.2462941538706462,
            "log_kdeg_err": 0.4433162652777751,
            "log_kobs": -7.107460408799421,
            "log_kobs_err": 0.14816447888727724,
            "metadata": {
              "base": "U",
              "fmod_run_ids": [
                842,
                843,
                844,
                845,
                846,
                847,
                848
              ],
              "site": 23,
              "valtype": "modrate"
            }
          },
          "valtype": "modrate"
        },
        {
          "diagnostics": {
            "chisq": 2.8441170195150807e-08,
            "covariance": {
              "matrix": [
                [
                  0.007404328331667351,
                  0.0012932527500708682,
                  -0.006356748149437193
                ],
                [
                  0.0012932527500708682,
                  0.041595238518154345,
                  -0.007027675062180303
                ],
                [
                  -0.006356748149437193,
                  -0.007027675062180303,
                  0.0073947185213461145
                ]
              ],
              "params": [
                "log_kappa",
                "log_kdeg",
                "log_fmod_0"
              ]
            },
            "ndata": 7,
            "nfree": 4,
            "r2": 0.971415728776168,
            "reduced_chisq": 7.110292548787702e-09,
            "status": "completed",
            "success": true,
            "time_max": 200.0,
            "time_min": 0.0
          },
          "nt_id": 493,
          "params": {
            "fmod0": 0.0009648962622380142,
            "kdeg": 0.04955195482070444,
            "kobs": 0.0010765107784163192,
            "log_fmod0": -6.943489962675344,
            "log_fmod0_err": 0.08599254921995343,
            "log_kdeg": -3.004733567506944,
            "log_kdeg_err": 0.20394910766697252,
            "log_kobs": -6.834030228747074,
            "log_kobs_err": 0.08604840690952593,
            "metadata": {
              "base": "U",
              "fmod_run_ids": [
                842,
                843,
                844,
                845,
                846,
                847,
                848
              ],
              "site": 24,
              "valtype": "modrate"
            }
          },
          "valtype": "modrate"
        },
        {
          "diagnostics": {
            "chisq": 5.548493442144533e-06,
            "covariance": {
              "matrix": [
                [
                  0.0010335818783360437,
