{
  "artifacts": {},
  "engine": "python_baseline",
  "engine_version": "0.1.0",
  "metadata": {
    "buffer_pH": 6.5,
    "done_by": [
      "EKC"
    ],
    "experiment_id": "ekc.01.0xx",
    "fmod_run_id": 634,
    "initial_kdeg": 0.019966431018638382,
    "initial_kdeg_source": "arrhenius:nmr:deg:dms:Schwalbe_bistris",
    "initial_log_kdeg": -3.9137028646700216,
    "notes": "Baseline python engine demo using examples/nerd.sqlite",
    "rg_id": 26,
    "rg_label": "70_1_A8C",
    "rounds_requested": [
      "round1_free",
      "round2_global",
      "round3_constrained"
    ],
    "rt_protocol": [
      "MRT"
    ],
    "selected_site_bases": [
      "10_U",
      "11_U",
      "12_U",
      "13_U",
      "14_G",
      "15_A",
      "16_A",
      "17_U",
      "18_A",
      "19_G",
      "1_A",
      "20_U",
      "21_G",
      "22_A",
      "23_U",
      "24_U",
      "25_C",
      "26_A",
      "27_G",
      "28_G",
      "29_A",
      "2_G",
      "30_G",
      "31_G",
      "32_U",
      "33_U",
      "34_A",
      "35_A",
      "36_U",
      "3_G",
      "4_U",
      "5_U",
      "61_G",
      "62_G",
      "6_G",
      "7_A",
      "8_C",
      "9_C"
    ],
    "temperature_c": 70.0,
    "valtypes": [
      "modrate",
      "GAmodrate"
    ]
  },
  "rounds": [
    {
      "global_params": {},
      "notes": null,
      "per_nt": [
        {
          "diagnostics": {
            "reason": "Non-zero fmod values are required for a fit.",
            "status": "failed"
          },
          "nt_id": 470,
          "params": {},
          "valtype": "modrate"
        },
        {
          "diagnostics": {
            "reason": "Non-zero fmod values are required for a fit.",
            "status": "failed"
          },
          "nt_id": 471,
          "params": {},
          "valtype": "modrate"
        },
        {
          "diagnostics": {
            "reason": "Non-zero fmod values are required for a fit.",
            "status": "failed"
          },
          "nt_id": 472,
          "params": {},
          "valtype": "modrate"
        },
        {
          "diagnostics": {
            "reason": "Non-zero fmod values are required for a fit.",
            "status": "failed"
          },
          "nt_id": 473,
          "params": {},
          "valtype": "modrate"
        },
        {
          "diagnostics": {
            "chisq": 7.691719994227835e-08,
            "covariance": {
              "matrix": [
                [
                  0.01773614590409046,
                  0.0031432367931221394,
                  -0.024858203020987738
                ],
                [
                  0.0031432367931221394,
                  0.09935445064172285,
                  -0.02745719739008321
                ],
                [
                  -0.024858203020987738,
                  -0.02745719739008321,
                  0.0472792743250397
                ]
              ],
              "params": [
                "log_kappa",
                "log_kdeg",
                "log_fmod_0"
              ]
            },
            "ndata": 7,
            "nfree": 4,
            "r2": 0.9341706773761665,
            "reduced_chisq": 1.922929998556959e-08,
            "status": "completed",
            "success": true,
            "time_max": 300.0,
            "time_min": 0.0
          },
          "nt_id": 474,
          "params": {
            "fmod0": 0.0006237225555851225,
            "kdeg": 0.034925845698001945,
            "kobs": 0.0011396397694218722,
            "log_fmod0": -7.379804910928461,
            "log_fmod0_err": 0.21743797811109195,
            "log_kdeg": -3.3545281594436083,
            "log_kdeg_err": 0.3152054102354889,
            "log_kobs": -6.777043058246841,
            "log_kobs_err": 0.1331771222999298,
            "metadata": {
              "base": "U",
              "fmod_run_ids": [
                629,
                630,
                631,
                632,
                633,
                634,
                635
              ],
              "site": 5,
              "valtype": "modrate"
            }
          },
          "valtype": "modrate"
        },
        {
          "diagnostics": {
            "chisq": 3.5428170026362662e-09,
            "covariance": {
              "matrix": [
                [
                  0.0015337090392845024,
                  -7.843735325384433e-05,
                  -0.0024350716523442104
                ],
                [
                  -7.843735325384433e-05,
                  0.010185905102417183,
                  -0.004570131553300372
                ],
                [
                  -0.0024350716523442104,
                  -0.004570131553300372,
                  0.007277163489402183
                ]
              ],
              "params": [
                "log_kappa",
                "log_kdeg",
                "log_fmod_0"
              ]
            },
            "ndata": 7,
            "nfree": 4,
            "r2": 0.9939097226440419,
            "reduced_chisq": 8.857042506590666e-10,
            "status": "completed",
            "success": true,
            "time_max": 300.0,
            "time_min": 0.0
          },
          "nt_id": 475,
          "params": {
            "fmod0": 0.0003186049164290487,
            "kdeg": 0.016656456165959743,
            "kobs": 0.0008141804887275598,
            "log_fmod0": -8.051558729254442,
            "log_fmod0_err": 0.08530629220287436,
            "log_kdeg": -4.094957379998979,
            "log_kdeg_err": 0.10092524511943077,
            "log_kobs": -7.113328485916798,
            "log_kobs_err": 0.03916259745323977,
            "metadata": {
              "base": "G",
              "fmod_run_ids": [
                629,
                630,
                631,
                632,
                633,
                634,
                635
              ],
              "site": 6,
              "valtype": "modrate"
            }
          },
          "valtype": "modrate"
        },
        {
          "diagnostics": {
            "chisq": 1.5788693045238484e-06,
            "covariance": {
              "matrix": [
                [
                  0.0005246002862769442,
                  8.377479922631896e-05,
                  -0.014266123486461902
                ],
                [
                  8.377479922631896e-05,
                  0.0028714941975589727,
                  -0.019244964088851183
                ],
                [
                  -0.014266123486461902,
                  -0.019244964088851183,
                  0.5805336041610579
                ]
              ],
              "params": [
                "log_kappa",
                "log_kdeg",
                "log_fmod_0"
              ]
            },
            "ndata": 7,
            "nfree": 4,
            "r2": 0.9979820060908681,
            "reduced_chisq": 3.947173261309621e-07,
            "status": "completed",
            "success": true,
            "time_max": 300.0,
            "time_min": 0.0
          },
          "nt_id": 476,
          "params": {
            "fmod0": 0.0007834738830460241,
            "kdeg": 0.023807447895106467,
            "kobs": 0.030564241929044687,
            "log_fmod0": -7.151772830423812,
            "log_fmod0_err": 0.7619275583420368,
            "log_kdeg": -3.7377568104900267,
            "log_kdeg_err": 0.053586324725240976,
            "log_kobs": -3.4879245177378717,
            "log_kobs_err": 0.02290415434537901,
            "metadata": {
              "base": "A",
              "fmod_run_ids": [
                629,
                630,
                631,
                632,
                633,
                634,
                635
              ],
              "site": 7,
              "valtype": "modrate"
            }
          },
          "valtype": "modrate"
        },
        {
          "diagnostics": {
            "chisq": 0.00013991570215136077,
            "covariance": {
              "matrix": [
                [
                  0.011493111490160648,
                  0.0017652114391324204,
                  -0.03084056984253459
                ],
                [
                  0.0017652114391324204,
                  0.0605009052119754,
                  -0.033403822804822236
                ],
                [
                  -0.03084056984253459,
                  -0.033403822804822236,
                  0.11341193582516418
                ]
              ],
              "params": [
                "log_kappa",
                "log_kdeg",
                "log_fmod_0"
              ]
            },
            "ndata": 7,
            "nfree": 4,
            "r2": 0.9589741059160029,
            "reduced_chisq": 3.497892553784019e-05,
            "status": "completed",
            "success": true,
            "time_max": 300.0,
            "time_min": 0.0
          },
          "nt_id": 477,
          "params": {
            "fmod0": 0.017138823639496627,
            "kdeg": 0.03271910308077243,
            "kobs": 0.06434721472263497,
            "log_fmod0": -4.066409000635927,
            "log_fmod0_err": 0.33676688647366176,
            "log_kdeg": -3.419796179580138,
            "log_kdeg_err": 0.24596931762310398,
            "log_kobs": -2.7434616291302842,
            "log_kobs_err": 0.1072059302938072,
            "metadata": {
              "base": "C",
              "fmod_run_ids": [
                629,
                630,
                631,
                632,
                633,
                634,
                635
              ],
              "site": 8,
              "valtype": "modrate"
            }
          },
          "valtype": "modrate"
        },
        {
          "diagnostics": {
            "chisq": 1.0571607357071484e-06,
            "covariance": {
              "matrix": [
                [
                  0.0004278611901026798,
                  6.748204796417833e-05,
                  -0.007792297561925939
                ],
                [
                  6.748204796417833e-05,
                  0.0023568228799766507,
                  -0.01064638631742234
                ],
                [
                  -0.007792297561925939,
                  -0.01064638631742234,
                  0.21362268797160922
                ]
              ],
              "params": [
                "log_kappa",
                "log_kdeg",
                "log_fmod_0"
              ]
            },
            "ndata": 7,
            "nfree": 4,
            "r2": 0.9983481166867035,
            "reduced_chisq": 2.642901839267871e-07,
            "status": "completed",
            "success": true,
            "time_max": 300.0,
            "time_min": 0.0
          },
          "nt_id": 478,
          "params": {
            "fmod0": 0.0010551348900385339,
            "kdeg": 0.023453666414222796,
            "kobs": 0.027591779259924388,
            "log_fmod0": -6.854086662370796,
            "log_fmod0_err": 0.46219334479372287,
            "log_kdeg": -3.7527284460245944,
            "log_kdeg_err": 0.04854712020271286,
            "log_kobs": -3.5902374035273086,
            "log_kobs_err": 0.020684805778703356,
            "metadata": {
              "base": "C",
              "fmod_run_ids": [
                629,
                630,
                631,
                632,
                633,
                634,
                635
              ],
              "site": 9,
              "valtype": "modrate"
            }
          },
          "valtype": "modrate"
        },
        {
          "diagnostics": {
            "chisq": 3.031541022130796e-08,
            "covariance": {
              "matrix": [
                [
                  0.03159148291881119,
                  0.0011030620695532448,
                  -0.022827083202427066
                ],
                [
                  0.0011030620695532448,
                  0.22660022653318776,
                  -0.01784855062720165
                ],
                [
                  -0.022827083202427066,
                  -0.01784855062720165,
                  0.02075792780492046
                ]
              ],
              "params": [
                "log_kappa",
                "log_kdeg",
                "log_fmod_0"
              ]
            },
            "ndata": 7,
            "nfree": 4,
            "r2": 0.8878749489859686,
            "reduced_chisq": 7.57885255532699e-09,
            "status": "completed",
            "success": true,
            "time_max": 300.0,
            "time_min": 0.0
          },
          "nt_id": 479,
          "params": {
            "fmod0": 0.000602695122561395,
            "kdeg": 0.060624487487252514,
            "kobs": 0.0005401085051798567,
            "log_fmod0": -7.4140990901554495,
            "log_fmod0_err": 0.14407611809359822,
            "log_kdeg": -2.8030563835787388,
            "log_kdeg_err": 0.4760254473588442,
            "log_kobs": -7.523740503072538,
            "log_kobs_err": 0.17773993056938892,
            "metadata": {
              "base": "U",
              "fmod_run_ids": [
                629,
                630,
                631,
                632,
                633,
                634,
                635
              ],
              "site": 10,
              "valtype": "modrate"
            }
          },
          "valtype": "modrate"
        },
        {
          "diagnostics": {
            "chisq": 1.206846867874939e-08,
            "covariance": {
              "matrix": [
                [
                  0.0074507198995310995,
                  -0.0005988941601115371,
                  -0.005483284098746324
                ],
                [
                  -0.0005988941601115371,
                  0.06739053857754079,
                  -0.0035107197365082726
                ],
                [
                  -0.005483284098746324,
                  -0.0035107197365082726,
                  0.004979417014782159
                ]
              ],
              "params": [
                "log_kappa",
                "log_kdeg",
                "log_fmod_0"
              ]
            },
            "ndata": 7,
            "nfree": 4,
            "r2": 0.9710973254017103,
            "reduced_chisq": 3.0171171696873477e-09,
            "status": "completed",
            "success": true,
            "time_max": 300.0,
            "time_min": 0.0
          },
          "nt_id": 480,
          "params": {
            "fmod0": 0.00077791853952292,
            "kdeg": 0.07712830303467964,
            "kobs": 0.0007016589554418669,
            "log_fmod0": -7.158888744251225,
            "log_fmod0_err": 0.07056498433913352,
            "log_kdeg": -2.5622849706437543,
            "log_kdeg_err": 0.2595968770566025,
            "log_kobs": -7.2620630904453645,
            "log_kobs_err": 0.08631755267343427,
            "metadata": {
              "base": "U",
              "fmod_run_ids": [
                629,
                630,
                631,
                632,
                633,
                634,
                635
              ],
              "site": 11,
              "valtype": "modrate"
            }
          },
          "valtype": "modrate"
        },
        {
          "diagnostics": {
            "chisq": 5.726072135092453e-08,
            "covariance": {
              "matrix": [
                [
                  0.022147271416440517,
                  -0.01058738253871986,
                  -0.016520898155411565
                ],
                [
                  -0.01058738253871986,
                  0.48642993590138345,
                  -0.006832512991256874
                ],
                [
                  -0.016520898155411565,
                  -0.006832512991256874,
                  0.014903784773524314
                ]
              ],
              "params": [
                "log_kappa",
                "log_kdeg",
                "log_fmod_0"
              ]
            },
            "ndata": 7,
            "nfree": 4,
            "r2": 0.9194585716893531,
            "reduced_chisq": 1.4315180337731133e-08,
            "status": "completed",
            "success": true,
            "time_max": 300.0,
            "time_min": 0.0
          },
          "nt_id": 481,
          "params": {
            "fmod0": 0.0009800093627994023,
            "kdeg": 0.12159630422902926,
            "kobs": 0.0008839486110487758,
            "log_fmod0": -6.927948432468353,
            "log_fmod0_err": 0.12208105820938936,
            "log_kdeg": -2.1070487027653204,
            "log_kdeg_err": 0.6974452924075002,
            "log_kobs": -7.031111629314143,
            "log_kobs_err": 0.14881959352330096,
            "metadata": {
              "base": "U",
              "fmod_run_ids": [
                629,
                630,
                631,
                632,
                633,
                634,
                635
              ],
              "site": 12,
              "valtype": "modrate"
            }
          },
          "valtype": "modrate"
        },
        {
          "diagnostics": {
            "chisq": 4.6361018806322466e-08,
            "covariance": {
              "matrix": [
                [
                  0.01238542755851647,
                  0.0014469216169804395,
                  -0.023489260714131044
                ],
                [
                  0.0014469216169804395,
                  0.07670128221498027,
                  -0.02180760189474242
                ],
                [
                  -0.023489260714131044,
                  -0.02180760189474242,
                  0.05766641444818281
                ]
              ],
              "params": [
                "log_kappa",
                "log_kdeg",
                "log_fmod_0"
              ]
            },
            "ndata": 7,
            "nfree": 4,
            "r2": 0.9529419301730755,
            "reduced_chisq": 1.1590254701580616e-08,
            "status": "completed",
            "success": true,
            "time_max": 300.0,
            "time_min": 0.0
          },
          "nt_id": 482,
          "params": {
            "fmod0": 0.0004447460968904903,
            "kdeg": 0.04731929286736323,
            "kobs": 0.0010652188001527222,
            "log_fmod0": -7.718007007419761,
            "log_fmod0_err": 0.24013832357244191,
            "log_kdeg": -3.0508371836149855,
            "log_kdeg_err": 0.276949963377828,
            "log_kobs": -6.844575054769129,
            "log_kobs_err": 0.11128983582752051,
            "metadata": {
              "base": "U",
              "fmod_run_ids": [
                629,
                630,
                631,
                632,
                633,
                634,
                635
              ],
              "site": 13,
              "valtype": "modrate"
            }
          },
          "valtype": "modrate"
        },
        {
          "diagnostics": {
            "chisq": 4.154016055636579e-08,
            "covariance": {
              "matrix": [
                [
                  0.08334254402947416,
                  0.015904583175184783,
                  -0.19766854707178522
                ],
                [
                  0.015904583175184783,
                  0.4581583416744865,
                  -0.24200079228608556
                ],
                [
                  -0.19766854707178522,
                  -0.24200079228608556,
                  0.6620277072478283
                ]
              ],
              "params": [
                "log_kappa",
                "log_kdeg",
                "log_fmod_0"
              ]
            },
            "ndata": 7,
            "nfree": 4,
            "r2": 0.7512854587536774,
            "reduced_chisq": 1.0385040139091447e-08,
            "status": "completed",
            "success": true,
            "time_max": 300.0,
            "time_min": 0.0
          },
          "nt_id": 483,
          "params": {
            "fmod0": 0.00012087688974796404,
            "kdeg": 0.029009891586156158,
            "kobs": 0.0003838420688791094,
            "log_fmod0": -9.02073797041053,
            "log_fmod0_err": 0.8136508509476459,
            "log_kdeg": -3.540118417975554,
            "log_kdeg_err": 0.6768739481428477,
            "log_kobs": -7.865279368935588,
            "log_kobs_err": 0.2886910875477007,
            "metadata": {
              "base": "G",
              "fmod_run_ids": [
                629,
                630,
                631,
                632,
                633,
                634,
                635
              ],
              "site": 14,
              "valtype": "modrate"
            }
          },
          "valtype": "modrate"
        },
        {
          "diagnostics": {
            "chisq": 7.59262140770109e-07,
            "covariance": {
              "matrix": [
                [
                  0.00022353211007810099,
                  3.864364342514065e-05,
                  -0.0093927382681841
                ],
                [
                  3.864364342514065e-05,
                  0.0012004954254552684,
                  -0.011829141704890139
                ],
                [
                  -0.0093927382681841,
                  -0.011829141704890139,
                  0.5705090291794381
                ]
              ],
              "params": [
                "log_kappa",
                "log_kdeg",
                "log_fmod_0"
              ]
            },
            "ndata": 7,
            "nfree": 4,
            "r2": 0.9991417884953525,
            "reduced_chisq": 1.8981553519252724e-07,
            "status": "completed",
            "success": true,
            "time_max": 300.0,
            "time_min": 0.0
          },
          "nt_id": 484,
          "params": {
            "fmod0": 0.0005532365115750557,
            "kdeg": 0.026415187240785846,
            "kobs": 0.032664876181008995,
            "log_fmod0": -7.499724959673645,
            "log_fmod0_err": 0.75532048110682,
            "log_kdeg": -3.6338161599644865,
            "log_kdeg_err": 0.034648166263963644,
            "log_kobs": -3.4214549012672797,
            "log_kobs_err": 0.014950990270818218,
            "metadata": {
              "base": "A",
              "fmod_run_ids": [
                629,
                630,
                631,
                632,
                633,
                634,
                635
              ],
              "site": 15,
              "valtype": "modrate"
            }
          },
          "valtype": "modrate"
        },
        {
          "diagnostics": {
            "chisq": 1.1819532898994403e-06,
            "covariance": {
              "matrix": [
                [
                  0.0005400623047865432,
                  9.147588170206763e-05,
                  -0.017078858754103497
                ],
                [
                  9.147588170206763e-05,
                  0.0029416792925143847,
                  -0.022463479824622525
                ],
                [
                  -0.017078858754103497,
                  -0.022463479824622525,
                  0.7959809609068353
                ]
              ],
              "params": [
                "log_kappa",
                "log_kdeg",
                "log_fmod_0"
              ]
            },
            "ndata": 7,
            "nfree": 4,
            "r2": 0.9979137890881897,
            "reduced_chisq": 2.9548832247486007e-07,
            "status": "completed",
            "success": true,
            "time_max": 300.0,
            "time_min": 0.0
          },
          "nt_id": 485,
          "params": {
            "fmod0": 0.0005811206108313324,
            "kdeg": 0.024878559308576752,
            "kobs": 0.025980631311147282,
            "log_fmod0": -7.450552230864247,
            "log_fmod0_err": 0.8921776509792404,
            "log_kdeg": -3.693748918391581,
            "log_kdeg_err": 0.05423725004565022,
            "log_kobs": -3.6504039681447256,
            "log_kobs_err": 0.02323924062413708,
            "metadata": {
              "base": "A",
              "fmod_run_ids": [
                629,
                630,
                631,
                632,
                633,
                634,
                635
              ],
              "site": 16,
              "valtype": "modrate"
            }
          },
          "valtype": "modrate"
        },
        {
          "diagnostics": {
            "chisq": 1.1821222984647197e-07,
            "covariance": {
              "matrix": [
                [
                  0.027775267134995386,
                  0.005266204322523365,
                  -0.04664910760792967
                ],
                [
                  0.005266204322523365,
                  0.15275318496127702,
                  -0.055827719864066296
                ],
                [
                  -0.04664910760792967,
                  -0.055827719864066296,
                  0.10959666538176327
                ]
              ],
              "params": [
                "log_kappa",
                "log_kdeg",
                "log_fmod_0"
              ]
            },
            "ndata": 7,
            "nfree": 4,
            "r2": 0.900696205637997,
            "reduced_chisq": 2.9553057461617993e-08,
            "status": "completed",
            "success": true,
            "time_max": 300.0,
            "time_min": 0.0
          },
          "nt_id": 486,
          "params": {
            "fmod0": 0.0005027341347906149,
            "kdeg": 0.030164105088785843,
            "kobs": 0.0011239905254230589,
            "log_fmod0": -7.595449086665503,
            "log_fmod0_err": 0.33105387081525456,
            "log_kdeg": -3.5011026347336744,
            "log_kdeg_err": 0.39083651948260545,
            "log_kobs": -6.79086995688508,
            "log_kobs_err": 0.16665913456812195,
            "metadata": {
              "base": "U",
              "fmod_run_ids": [
                629,
                630,
                631,
                632,
                633,
                634,
                635
              ],
              "site": 17,
              "valtype": "modrate"
            }
          },
          "valtype": "modrate"
        },
        {
          "diagnostics": {
            "chisq": 1.8112660368257423e-06,
            "covariance": {
              "matrix": [
                [
                  0.0007999461994784124,
                  0.00012205267492587555,
                  -0.016417468487012653
                ],
                [
                  0.00012205267492587555,
                  0.004438546644432589,
                  -0.022815400868341246
                ],
                [
                  -0.016417468487012653,
                  -0.022815400868341246,
                  0.5118862266918826
                ]
              ],
              "params": [
                "log_kappa",
                "log_kdeg",
                "log_fmod_0"
              ]
            },
            "ndata": 7,
            "nfree": 4,
            "r2": 0.9969108537004848,
            "reduced_chisq": 4.528165092064356e-07,
            "status": "completed",
            "success": true,
            "time_max": 300.0,
            "time_min": 0.0
          },
          "nt_id": 487,
          "params": {
            "fmod0": 0.0008902023437791722,
            "kdeg": 0.022922364483038606,
            "kobs": 0.026356874371601113,
            "log_fmod0": -7.024061768517898,
            "log_fmod0_err": 0.7154622468669346,
            "log_kdeg": -3.775642230020237,
            "log_kdeg_err": 0.06662241848231411,
            "log_kobs": -3.636026151052069,
            "log_kobs_err": 0.02828332016363023,
            "metadata": {
              "base": "A",
              "fmod_run_ids": [
                629,
                630,
                631,
                632,
                633,
                634,
                635
              ],
              "site": 18,
              "valtype": "modrate"
            }
          },
          "valtype": "modrate"
        },
        {
          "diagnostics": {
            "chisq": 1.5081407072863755e-08,
            "covariance": {
              "matrix": [
                [
                  0.011002385202474034,
                  0.001981650321273638,
                  -0.01440801370017096
                ],
                [
                  0.001981650321273638,
                  0.06140506373248447,
                  -0.016110952548805794
                ],
                [
                  -0.01440801370017096,
                  -0.016110952548805794,
                  0.025710520903567256
                ]
              ],
              "params": [
                "log_kappa",
                "log_kdeg",
                "log_fmod_0"
              ]
            },
            "ndata": 7,
            "nfree": 4,
            "r2": 0.9581041767659226,
            "reduced_chisq": 3.770351768215939e-09,
            "status": "completed",
            "success": true,
            "time_max": 300.0,
            "time_min": 0.0
          },
          "nt_id": 488,
          "params": {
            "fmod0": 0.0003739992568061012,
            "kdeg": 0.034170123071223184,
            "kobs": 0.0006399938002770315,
            "log_fmod0": -7.891256747701179,
            "log_fmod0_err": 0.1603450058578915,
            "log_kdeg": -3.3764036111282305,
            "log_kdeg_err": 0.2478004514372088,
            "log_kobs": -7.354052068724615,
            "log_kobs_err": 0.10489225520730325,
            "metadata": {
              "base": "G",
              "fmod_run_ids": [
                629,
                630,
                631,
                632,
                633,
                634,
                635
              ],
              "site": 19,
              "valtype": "modrate"
            }
          },
          "valtype": "modrate"
        },
        {
          "diagnostics": {
            "chisq": 1.2235614462800622e-08,
            "covariance": {
              "matrix": [
                [
                  0.004815722725759004,
                  6.0710943463989774e-05,
                  -0.004497413105761318
                ],
                [
                  6.0710943463989774e-05,
                  0.036020659655707804,
                  -0.003372000966410656
                ],
                [
                  -0.004497413105761318,
                  -0.003372000966410656,
                  0.0052594784832454885
                ]
              ],
              "params": [
                "log_kappa",
                "log_kdeg",
                "log_fmod_0"
              ]
            },
            "ndata": 7,
            "nfree": 4,
            "r2": 0.9811167632391852,
            "reduced_chisq": 3.0589036157001554e-09,
            "status": "completed",
            "success": true,
            "time_max": 300.0,
            "time_min": 0.0
          },
          "nt_id": 489,
          "params": {
            "fmod0": 0.0007611610744801958,
            "kdeg": 0.06394758114735934,
            "kobs": 0.0008792457033745496,
            "log_fmod0": -7.180665560896334,
            "log_fmod0_err": 0.07252226198379011,
            "log_kdeg": -2.7496915757952416,
            "log_kdeg_err": 0.18979109477451203,
            "log_kobs": -7.036446173315839,
            "log_kobs_err": 0.06939540853514016,
            "metadata": {
              "base": "U",
              "fmod_run_ids": [
                629,
                630,
                631,
                632,
                633,
                634,
                635
              ],
              "site": 20,
              "valtype": "modrate"
            }
          },
          "valtype": "modrate"
        },
        {
          "diagnostics": {
            "chisq": 4.31003616666912e-09,
            "covariance": {
              "matrix": [
                [
                  0.0020088688513126038,
                  0.00011017342068570245,
                  -0.0016926976179624609
                ],
                [
                  0.00011017342068570245,
                  0.012498750638406105,
                  -0.0028542523063895655
                ],
                [
                  -0.0016926976179624609,
                  -0.0028542523063895655,
                  0.002445539402375426
                ]
              ],
              "params": [
                "log_kappa",
                "log_kdeg",
                "log_fmod_0"
              ]
            },
            "ndata": 7,
            "nfree": 4,
            "r2": 0.9920384060778135,
            "reduced_chisq": 1.07750904166728e-09,
            "status": "completed",
            "success": true,
            "time_max": 300.0,
            "time_min": 0.0
          },
          "nt_id": 490,
          "params": {
            "fmod0": 0.0006135612338704765,
            "kdeg": 0.018525348639526786,
            "kobs": 0.0007847555519673542,
            "log_fmod0": -7.396230488084242,
            "log_fmod0_err": 0.04945239531484219,
            "log_kdeg": -3.9886152880296146,
            "log_kdeg_err": 0.11179781142046612,
            "log_kobs": -7.150138287444231,
            "log_kobs_err": 0.04482040663930442,
            "metadata": {
              "base": "G",
              "fmod_run_ids": [
                629,
                630,
                631,
                632,
                633,
                634,
                635
              ],
              "site": 21,
              "valtype": "modrate"
            }
          },
          "valtype": "modrate"
        },
        {
          "diagnostics": {
            "chisq": 1.355899339735575e-06,
            "covariance": {
              "matrix": [
                [
                  0.0004090657318010576,
                  6.794257780385692e-05,
                  -0.010234505823386421
                ],
                [
                  6.794257780385692e-05,
                  0.0022173766753995545,
                  -0.013423549127781632
                ],
                [
                  -0.010234505823386421,
                  -0.013423549127781632,
                  0.3776681362753288
                ]
              ],
              "params": [
                "log_kappa",
                "log_kdeg",
                "log_fmod_0"
              ]
            },
            "ndata": 7,
            "nfree": 4,
            "r2": 0.9984291768727053,
            "reduced_chisq": 3.389748349338937e-07,
            "status": "completed",
            "success": true,
            "time_max": 300.0,
            "time_min": 0.0
          },
          "nt_id": 491,
          "params": {
            "fmod0": 0.0009035802080510698,
            "kdeg": 0.024786818336730316,
            "kobs": 0.032177294247001414,
            "log_fmod0": -7.009145677050914,
            "log_fmod0_err": 0.6145470985004557,
            "log_kdeg": -3.697443285797557,
            "log_kdeg_err": 0.04708902924673171,
            "log_kobs": -3.4364942227739372,
            "log_kobs_err": 0.020225373465057636,
            "metadata": {
              "base": "A",
              "fmod_run_ids": [
                629,
                630,
                631,
                632,
                633,
                634,
                635
              ],
              "site": 22,
              "valtype": "modrate"
            }
          },
          "valtype": "modrate"
        },
        {
          "diagnostics": {
            "chisq": 2.1959037926525972e-07,
            "covariance": {
              "matrix": [
                [
                  0.06272147995160497,
                  -0.01636029076597857,
                  -0.0461843183897042
                ],
                [
                  -0.01636029076597857,
                  0.850707964634177,
                  -0.02327673875043529
                ],
                [
                  -0.0461843183897042,
                  -0.02327673875043529,
                  0.04139614079936424
                ]
              ],
              "params": [
                "log_kappa",
                "log_kdeg",
                "log_fmod_0"
              ]
            },
            "ndata": 7,
            "nfree": 4,
            "r2": 0.8003911509025882,
            "reduced_chisq": 5.489759481631493e-08,
            "status": "completed",
            "success": true,
            "time_max": 300.0,
            "time_min": 0.0
          },
          "nt_id": 492,
          "params": {
            "fmod0": 0.0011514545128896356,
            "kdeg": 0.09958685146703627,
            "kobs": 0.0010302821727409034,
            "log_fmod0": -6.766729341967811,
            "log_fmod0_err": 0.20346041580455948,
            "log_kdeg": -2.306725136489288,
            "log_kdeg_err": 0.9223383135456192,
            "log_kobs": -6.877922560141788,
            "log_kobs_err": 0.2504425681700397,
            "metadata": {
              "base": "U",
              "fmod_run_ids": [
                629,
                630,
                631,
                632,
                633,
                634,
                635
              ],
              "site": 23,
              "valtype": "modrate"
            }
          },
          "valtype": "modrate"
        },
        {
          "diagnostics": {
            "chisq": 7.795914028626563e-08,
            "covariance": {
              "matrix": [
                [
                  0.017147408138031808,
                  0.00293925046152158,
                  -0.014985950872069087
                ],
                [
                  0.00293925046152158,
                  0.09694041831312203,
                  -0.01617795425812917
                ],
                [
                  -0.014985950872069087,
                  -0.01617795425812917,
                  0.017638207575037305
                ]
              ],
              "params": [
                "log_kappa",
                "log_kdeg",
                "log_fmod_0"
              ]
            },
            "ndata": 7,
            "nfree": 4,
            "r2": 0.9361931020624803,
            "reduced_chisq": 1.9489785071566408e-08,
            "status": "completed",
            "success": true,
            "time_max": 300.0,
            "time_min": 0.0
          },
          "nt_id": 493,
          "params": {
            "fmod0": 0.001030687191419978,
            "kdeg": 0.03643057464708736,
            "kobs": 0.0011681842392054493,
            "log_fmod0": -6.877529523067747,
            "log_fmod0_err": 0.1328089137634869,
            "log_kdeg": -3.312346894078734,
            "log_kdeg_err": 0.3113525627213016,
            "log_kobs": -6.7523046679698355,
            "log_kobs_err": 0.13094811238819676,
            "metadata": {
              "base": "U",
              "fmod_run_ids": [
                629,
                630,
                631,
                632,
                633,
                634,
                635
              ],
              "site": 24,
              "valtype": "modrate"
            }
          },
          "valtype": "modrate"
        },
        {
          "diagnostics": {
            "chisq": 3.079200008963135e-06,
            "covariance": {
              "matrix": [
                [
                  0.0004941159976773664,
