{
  "artifacts": {},
  "engine": "python_baseline",
  "engine_version": "0.1.0",
  "metadata": {
    "buffer_pH": 6.5,
    "done_by": [
      "EKC"
    ],
    "experiment_id": "ekc.01.0xx",
    "fmod_run_id": 925,
    "initial_kdeg": 0.048220111271698785,
    "initial_kdeg_source": "arrhenius:nmr:deg:dms:Schwalbe_bistris",
    "initial_log_kdeg": -3.0319790986478097,
    "notes": "Baseline python engine demo using examples/nerd.sqlite",
    "rg_id": 31,
    "rg_label": "80_2_A8C",
    "rounds_requested": [
      "round1_free",
      "round2_global",
      "round3_constrained"
    ],
    "rt_protocol": [
      "MRT"
    ],
    "selected_site_bases": [
      "10_U",
      "11_U",
      "12_U",
      "13_U",
      "14_G",
      "15_A",
      "16_A",
      "17_U",
      "18_A",
      "19_G",
      "1_A",
      "20_U",
      "21_G",
      "22_A",
      "23_U",
      "24_U",
      "25_C",
      "26_A",
      "27_G",
      "28_G",
      "29_A",
      "2_G",
      "30_G",
      "31_G",
      "32_U",
      "33_U",
      "34_A",
      "35_A",
      "36_U",
      "3_G",
      "4_U",
      "5_U",
      "61_G",
      "62_G",
      "6_G",
      "7_A",
      "8_C",
      "9_C"
    ],
    "temperature_c": 80.0,
    "valtypes": [
      "modrate",
      "GAmodrate"
    ]
  },
  "rounds": [
    {
      "global_params": {},
      "notes": null,
      "per_nt": [
        {
          "diagnostics": {
            "reason": "Non-zero fmod values are required for a fit.",
            "status": "failed"
          },
          "nt_id": 470,
          "params": {},
          "valtype": "modrate"
        },
        {
          "diagnostics": {
            "reason": "Non-zero fmod values are required for a fit.",
            "status": "failed"
          },
          "nt_id": 471,
          "params": {},
          "valtype": "modrate"
        },
        {
          "diagnostics": {
            "reason": "Non-zero fmod values are required for a fit.",
            "status": "failed"
          },
          "nt_id": 472,
          "params": {},
          "valtype": "modrate"
        },
        {
          "diagnostics": {
            "reason": "Non-zero fmod values are required for a fit.",
            "status": "failed"
          },
          "nt_id": 473,
          "params": {},
          "valtype": "modrate"
        },
        {
          "diagnostics": {
            "chisq": 3.1106531329663074e-08,
            "covariance": {
              "matrix": [
                [
                  0.010642176056307899,
                  0.0015013686194059687,
                  -0.013472213411731602
                ],
                [
                  0.0015013686194059687,
                  0.06263549058938561,
                  -0.01150815833477321
                ],
                [
                  -0.013472213411731602,
                  -0.01150815833477321,
                  0.021660251243656916
                ]
              ],
              "params": [
                "log_kappa",
                "log_kdeg",
                "log_fmod_0"
              ]
            },
            "ndata": 7,
            "nfree": 4,
            "r2": 0.9593370170753074,
            "reduced_chisq": 7.776632832415768e-09,
            "status": "completed",
            "success": true,
            "time_max": 135.0,
            "time_min": 0.0
          },
          "nt_id": 474,
          "params": {
            "fmod0": 0.0005960489205105223,
            "kdeg": 0.10297644750936864,
            "kobs": 0.0009438734235514118,
            "log_fmod0": -7.425187812873924,
            "log_fmod0_err": 0.1471742207170023,
            "log_kdeg": -2.273254981857905,
            "log_kdeg_err": 0.2502708344761443,
            "log_kobs": -6.965518486029962,
            "log_kobs_err": 0.10316092310709467,
            "metadata": {
              "base": "U",
              "fmod_run_ids": [
                919,
                920,
                921,
                922,
                923,
                924,
                925
              ],
              "site": 5,
              "valtype": "modrate"
            }
          },
          "valtype": "modrate"
        },
        {
          "diagnostics": {
            "chisq": 4.472914761740697e-08,
            "covariance": {
              "matrix": [
                [
                  0.02636657857895321,
                  0.005275301343153786,
                  -0.059711829248193536
                ],
                [
                  0.005275301343153786,
                  0.14797746586016178,
                  -0.05666180699176767
                ],
                [
                  -0.059711829248193536,
                  -0.05666180699176767,
                  0.17413133249395435
                ]
              ],
              "params": [
                "log_kappa",
                "log_kdeg",
                "log_fmod_0"
              ]
            },
            "ndata": 7,
            "nfree": 4,
            "r2": 0.9052684600614284,
            "reduced_chisq": 1.1182286904351742e-08,
            "status": "completed",
            "success": true,
            "time_max": 135.0,
            "time_min": 0.0
          },
          "nt_id": 475,
          "params": {
            "fmod0": 0.00025129049171697664,
            "kdeg": 0.08989000982503506,
            "kobs": 0.0007173305360809864,
            "log_fmod0": -8.288900950513444,
            "log_fmod0_err": 0.4172904653762824,
            "log_kdeg": -2.409168469096189,
            "log_kdeg_err": 0.38467839276486765,
            "log_kobs": -7.239973824873665,
            "log_kobs_err": 0.16237788820819543,
            "metadata": {
              "base": "G",
              "fmod_run_ids": [
                919,
                920,
                921,
                922,
                923,
                924,
                925
              ],
              "site": 6,
              "valtype": "modrate"
            }
          },
          "valtype": "modrate"
        },
        {
          "diagnostics": {
            "chisq": 5.50958477341953e-07,
            "covariance": {
              "matrix": [
                [
                  0.00030442500789345855,
                  7.920871638428051e-05,
                  -0.012553450932772006
                ],
                [
                  7.920871638428051e-05,
                  0.0017630670873322238,
                  -0.01655469923687747
                ],
                [
                  -0.012553450932772006,
                  -0.01655469923687747,
                  0.7295325883441046
                ]
              ],
              "params": [
                "log_kappa",
                "log_kdeg",
                "log_fmod_0"
              ]
            },
            "ndata": 7,
            "nfree": 4,
            "r2": 0.9988277840019988,
            "reduced_chisq": 1.3773961933548824e-07,
            "status": "completed",
            "success": true,
            "time_max": 135.0,
            "time_min": 0.0
          },
          "nt_id": 476,
          "params": {
            "fmod0": 0.0004219116546716997,
            "kdeg": 0.05728547129815201,
            "kobs": 0.02357475759966315,
            "log_fmod0": -7.770714614964043,
            "log_fmod0_err": 0.8541267987506918,
            "log_kdeg": -2.8597082424180216,
            "log_kdeg_err": 0.04198889242802463,
            "log_kobs": -3.7475787326082384,
            "log_kobs_err": 0.0174477794545168,
            "metadata": {
              "base": "A",
              "fmod_run_ids": [
                919,
                920,
                921,
                922,
                923,
                924,
                925
              ],
              "site": 7,
              "valtype": "modrate"
            }
          },
          "valtype": "modrate"
        },
        {
          "diagnostics": {
            "chisq": 1.5290987921995276e-05,
            "covariance": {
              "matrix": [
                [
                  0.007429898471024867,
                  -0.0019698707161580156,
                  -0.008569939327526954
                ],
                [
                  -0.0019698707161580156,
                  0.05698429287944511,
                  -0.018501410963666434
                ],
                [
                  -0.008569939327526954,
                  -0.018501410963666434,
                  0.021148343086460155
                ]
              ],
              "params": [
                "log_kappa",
                "log_kdeg",
                "log_fmod_0"
              ]
            },
            "ndata": 7,
            "nfree": 4,
            "r2": 0.9721194970604585,
            "reduced_chisq": 3.822746980498819e-06,
            "status": "completed",
            "success": true,
            "time_max": 135.0,
            "time_min": 0.0
          },
          "nt_id": 477,
          "params": {
            "fmod0": 0.012281355711948605,
            "kdeg": 0.03311790462358863,
            "kobs": 0.02492499899997859,
            "log_fmod0": -4.399672962360957,
            "log_fmod0_err": 0.1454246990248223,
            "log_kdeg": -3.407681217662464,
            "log_kdeg_err": 0.2387138305156304,
            "log_kobs": -3.691884003255456,
            "log_kobs_err": 0.08619685882342155,
            "metadata": {
              "base": "C",
              "fmod_run_ids": [
                919,
                920,
                921,
                922,
                923,
                924,
                925
              ],
              "site": 8,
              "valtype": "modrate"
            }
          },
          "valtype": "modrate"
        },
        {
          "diagnostics": {
            "chisq": 2.212520583077787e-06,
            "covariance": {
              "matrix": [
                [
                  0.0016873260807828395,
                  0.0004470757943008768,
                  -0.04485691948955816
                ],
                [
                  0.0004470757943008768,
                  0.009731822195323958,
                  -0.05839603816914298
                ],
                [
                  -0.04485691948955816,
                  -0.05839603816914298,
                  1.6698191266811035
                ]
              ],
              "params": [
                "log_kappa",
                "log_kdeg",
                "log_fmod_0"
              ]
            },
            "ndata": 7,
            "nfree": 4,
            "r2": 0.9935154097984668,
            "reduced_chisq": 5.531301457694468e-07,
            "status": "completed",
            "success": true,
            "time_max": 135.0,
            "time_min": 0.0
          },
          "nt_id": 478,
          "params": {
            "fmod0": 0.0005596263051253988,
            "kdeg": 0.05848215873017611,
            "kobs": 0.020014368895187144,
            "log_fmod0": -7.488241309263092,
            "log_fmod0_err": 1.2922148144488608,
            "log_kdeg": -2.839033550231219,
            "log_kdeg_err": 0.09864999845577271,
            "log_kobs": -3.91130481862668,
            "log_kobs_err": 0.04107707488104331,
            "metadata": {
              "base": "C",
              "fmod_run_ids": [
                919,
                920,
                921,
                922,
                923,
                924,
                925
              ],
              "site": 9,
              "valtype": "modrate"
            }
          },
          "valtype": "modrate"
        },
        {
          "diagnostics": {
            "chisq": 1.6197259934641114e-08,
            "covariance": {
              "matrix": [
                [
                  0.029931180681334643,
                  0.004636313383541793,
                  -0.015904459331107037
                ],
                [
                  0.004636313383541793,
                  0.173911336980752,
                  -0.013900774375781457
                ],
                [
                  -0.015904459331107037,
                  -0.013900774375781457,
                  0.010761700993779308
                ]
              ],
              "params": [
                "log_kappa",
                "log_kdeg",
                "log_fmod_0"
              ]
            },
            "ndata": 7,
            "nfree": 4,
            "r2": 0.8935031376404345,
            "reduced_chisq": 4.0493149836602786e-09,
            "status": "completed",
            "success": true,
            "time_max": 135.0,
            "time_min": 0.0
          },
          "nt_id": 479,
          "params": {
            "fmod0": 0.0006098379341524649,
            "kdeg": 0.10003230480661275,
            "kobs": 0.00040575533545791117,
            "log_fmod0": -7.402317317813828,
            "log_fmod0_err": 0.10373861862286055,
            "log_kdeg": -2.3022620970967096,
            "log_kdeg_err": 0.41702678209049354,
            "log_kobs": -7.809760202037024,
            "log_kobs_err": 0.17300630243241039,
            "metadata": {
              "base": "U",
              "fmod_run_ids": [
                919,
                920,
                921,
                922,
                923,
                924,
                925
              ],
              "site": 10,
              "valtype": "modrate"
            }
          },
          "valtype": "modrate"
        },
        {
          "diagnostics": {
            "chisq": 3.897377042766007e-08,
            "covariance": {
              "matrix": [
                [
                  0.029486632588504442,
                  0.006081297433308409,
                  -0.020247279091365377
                ],
                [
                  0.006081297433308409,
                  0.1649523298049902,
                  -0.01945290663579075
                ],
                [
                  -0.020247279091365377,
                  -0.01945290663579075,
                  0.01793651389591961
                ]
              ],
              "params": [
                "log_kappa",
                "log_kdeg",
                "log_fmod_0"
              ]
            },
            "ndata": 7,
            "nfree": 4,
            "r2": 0.895269927463573,
            "reduced_chisq": 9.743442606915017e-09,
            "status": "completed",
            "success": true,
            "time_max": 135.0,
            "time_min": 0.0
          },
          "nt_id": 480,
          "params": {
            "fmod0": 0.0007305589960225553,
            "kdeg": 0.088464316879187,
            "kobs": 0.0006329034644665858,
            "log_fmod0": -7.221700568881131,
            "log_fmod0_err": 0.13392727091940465,
            "log_kdeg": -2.4251560073801,
            "log_kdeg_err": 0.40614323803922947,
            "log_kobs": -7.36519265224226,
            "log_kobs_err": 0.17171672192452442,
            "metadata": {
              "base": "U",
              "fmod_run_ids": [
                919,
                920,
                921,
                922,
                923,
                924,
                925
              ],
              "site": 11,
              "valtype": "modrate"
            }
          },
          "valtype": "modrate"
        },
        {
          "diagnostics": {
            "chisq": 3.959139413947254e-08,
            "covariance": {
              "matrix": [
                [
                  0.020321850090431564,
                  0.0017698766180273006,
                  -0.013570470054551977
                ],
                [
                  0.0017698766180273006,
                  0.12751472203950234,
                  -0.010670671466308398
                ],
                [
                  -0.013570470054551977,
                  -0.010670671466308398,
                  0.011410264002531884
                ]
              ],
              "params": [
                "log_kappa",
                "log_kdeg",
                "log_fmod_0"
              ]
            },
            "ndata": 7,
            "nfree": 4,
            "r2": 0.9249575807216286,
            "reduced_chisq": 9.897848534868134e-09,
            "status": "completed",
            "success": true,
            "time_max": 135.0,
            "time_min": 0.0
          },
          "nt_id": 481,
          "params": {
            "fmod0": 0.0009281435768692323,
            "kdeg": 0.11466453691944667,
            "kobs": 0.0007711808487305293,
            "log_fmod0": -6.982324120691516,
            "log_fmod0_err": 0.10681883730190983,
            "log_kdeg": -2.1657444838262543,
            "log_kdeg_err": 0.35709203581080096,
            "log_kobs": -7.167587648053917,
            "log_kobs_err": 0.142554726650615,
            "metadata": {
              "base": "U",
              "fmod_run_ids": [
                919,
                920,
                921,
                922,
                923,
                924,
                925
              ],
              "site": 12,
              "valtype": "modrate"
            }
          },
          "valtype": "modrate"
        },
        {
          "diagnostics": {
            "chisq": 8.701697844171513e-09,
            "covariance": {
              "matrix": [
                [
                  0.002592870733740072,
                  0.00022247616976820846,
                  -0.00601768194938694
                ],
                [
                  0.00022247616976820846,
                  0.016292640639512596,
                  -0.004722691658873289
                ],
                [
                  -0.00601768194938694,
                  -0.004722691658873289,
                  0.01758233003830012
                ]
              ],
              "params": [
                "log_kappa",
                "log_kdeg",
                "log_fmod_0"
              ]
            },
            "ndata": 7,
            "nfree": 4,
            "r2": 0.9897566036987421,
            "reduced_chisq": 2.1754244610428782e-09,
            "status": "completed",
            "success": true,
            "time_max": 135.0,
            "time_min": 0.0
          },
          "nt_id": 482,
          "params": {
            "fmod0": 0.0003505407414089423,
            "kdeg": 0.11491202990974285,
            "kobs": 0.0010124206610927348,
            "log_fmod0": -7.956033620273434,
            "log_fmod0_err": 0.13259837871671026,
            "log_kdeg": -2.1635884006546044,
            "log_kdeg_err": 0.12764262861408252,
            "log_kobs": -6.895411121468422,
            "log_kobs_err": 0.05092023894032777,
            "metadata": {
              "base": "U",
              "fmod_run_ids": [
                919,
                920,
                921,
                922,
                923,
                924,
                925
              ],
              "site": 13,
              "valtype": "modrate"
            }
          },
          "valtype": "modrate"
        },
        {
          "diagnostics": {
            "chisq": 8.069541852667548e-08,
            "covariance": {
              "matrix": [
                [
                  50.608540050195295,
                  -56.49732443760895,
                  1.6430885864385287
                ],
                [
                  -56.49732443760895,
                  63.13660266044413,
                  -1.8966312787696158
                ],
                [
                  1.6430885864385287,
                  -1.8966312787696158,
                  0.1517770189238671
                ]
              ],
              "params": [
                "log_kappa",
                "log_kdeg",
                "log_fmod_0"
              ]
            },
            "ndata": 7,
            "nfree": 4,
            "r2": 0.8270108853396714,
            "reduced_chisq": 2.017385463166887e-08,
            "status": "completed",
            "success": true,
            "time_max": 135.0,
            "time_min": 0.0
          },
          "nt_id": 483,
          "params": {
            "fmod0": 0.00027228055276641073,
            "kdeg": 0.0016423103017956734,
            "kobs": 0.0033270427225384853,
            "log_fmod0": -8.208677579246983,
            "log_fmod0_err": 0.3895857016419713,
            "log_kdeg": -6.411651307854904,
            "log_kdeg_err": 7.945854432371898,
            "log_kobs": -5.705671440868495,
            "log_kobs_err": 7.1139679539758465,
            "metadata": {
              "base": "G",
              "fmod_run_ids": [
                919,
                920,
                921,
                922,
                923,
                924,
                925
              ],
              "site": 14,
              "valtype": "modrate"
            }
          },
          "valtype": "modrate"
        },
        {
          "diagnostics": {
            "chisq": 2.8656882559933543e-06,
            "covariance": {
              "matrix": [
                [
                  0.0014313494243094736,
                  0.00037510168897683535,
                  -0.052461415246989926
                ],
                [
                  0.00037510168897683535,
                  0.008224162891965757,
                  -0.06811915417215995
                ],
                [
                  -0.052461415246989926,
                  -0.06811915417215995,
                  2.693567204867963
                ]
              ],
              "params": [
                "log_kappa",
                "log_kdeg",
                "log_fmod_0"
              ]
            },
            "ndata": 7,
            "nfree": 4,
            "r2": 0.9945208032492052,
            "reduced_chisq": 7.164220639983386e-07,
            "status": "completed",
            "success": true,
            "time_max": 135.0,
            "time_min": 0.0
          },
          "nt_id": 484,
          "params": {
            "fmod0": 0.0005014157292368953,
            "kdeg": 0.05834853995165692,
            "kobs": 0.02485323916230375,
            "log_fmod0": -7.598075002096119,
            "log_fmod0_err": 1.641209067994679,
            "log_kdeg": -2.8413209428135864,
            "log_kdeg_err": 0.09068717049266536,
            "log_kobs": -3.694767186350486,
            "log_kobs_err": 0.0378331788818951,
            "metadata": {
              "base": "A",
              "fmod_run_ids": [
                919,
                920,
                921,
                922,
                923,
                924,
                925
              ],
              "site": 15,
              "valtype": "modrate"
            }
          },
          "valtype": "modrate"
        },
        {
          "diagnostics": {
            "chisq": 2.8930076423536613e-06,
            "covariance": {
              "matrix": [
                [
                  0.0022824775030076913,
                  0.0006103488479883958,
                  -0.062272603011628555
                ],
                [
                  0.0006103488479883958,
                  0.013062829634632019,
                  -0.07963538034950618
                ],
                [
                  -0.062272603011628555,
                  -0.07963538034950618,
                  2.3622480077201478
                ]
              ],
              "params": [
                "log_kappa",
                "log_kdeg",
                "log_fmod_0"
              ]
            },
            "ndata": 7,
            "nfree": 4,
            "r2": 0.9912478476285943,
            "reduced_chisq": 7.232519105884153e-07,
            "status": "completed",
            "success": true,
            "time_max": 135.0,
            "time_min": 0.0
          },
          "nt_id": 485,
          "params": {
            "fmod0": 0.0005388730972977383,
            "kdeg": 0.05985949162211636,
            "kobs": 0.01969533783521273,
            "log_fmod0": -7.526030455781913,
            "log_fmod0_err": 1.5369606396131774,
            "log_kdeg": -2.815755269374865,
            "log_kdeg_err": 0.11429273657862961,
            "log_kobs": -3.927373329357173,
            "log_kobs_err": 0.04777528129700223,
            "metadata": {
              "base": "A",
              "fmod_run_ids": [
                919,
                920,
                921,
                922,
                923,
                924,
                925
              ],
              "site": 16,
              "valtype": "modrate"
            }
          },
          "valtype": "modrate"
        },
        {
          "diagnostics": {
            "chisq": 6.539785149777928e-08,
            "covariance": {
              "matrix": [
                [
                  0.031576582665281336,
                  -0.004761061660140629,
                  -0.04164590027702504
                ],
                [
                  -0.004761061660140629,
                  0.30223790807395334,
                  -0.024248268019387988
                ],
                [
                  -0.04164590027702504,
                  -0.024248268019387988,
                  0.0676977760755149
                ]
              ],
              "params": [
                "log_kappa",
                "log_kdeg",
                "log_fmod_0"
              ]
            },
            "ndata": 7,
            "nfree": 4,
            "r2": 0.8881662521456382,
            "reduced_chisq": 1.634946287444482e-08,
            "status": "completed",
            "success": true,
            "time_max": 135.0,
            "time_min": 0.0
          },
          "nt_id": 486,
          "params": {
            "fmod0": 0.000491171304560517,
            "kdeg": 0.1665714640845243,
            "kobs": 0.0007949528982186119,
            "log_fmod0": -7.618717601892123,
            "log_fmod0_err": 0.2601879629719924,
            "log_kdeg": -1.7923308479266322,
            "log_kdeg_err": 0.5497616829808653,
            "log_kobs": -7.137227692588905,
            "log_kobs_err": 0.17769800973922398,
            "metadata": {
              "base": "U",
              "fmod_run_ids": [
                919,
                920,
                921,
                922,
                923,
                924,
                925
              ],
              "site": 17,
              "valtype": "modrate"
            }
          },
          "valtype": "modrate"
        },
        {
          "diagnostics": {
            "chisq": 1.8854643218076765e-06,
            "covariance": {
              "matrix": [
                [
                  0.0013157495414644498,
                  0.0003402105957361164,
                  -0.0317501732043423
                ],
                [
                  0.0003402105957361164,
                  0.007690459563925191,
                  -0.04254447007946125
                ],
                [
                  -0.0317501732043423,
                  -0.04254447007946125,
                  1.0862724596748907
                ]
              ],
              "params": [
                "log_kappa",
                "log_kdeg",
                "log_fmod_0"
              ]
            },
            "ndata": 7,
            "nfree": 4,
            "r2": 0.9949374218934713,
            "reduced_chisq": 4.713660804519191e-07,
            "status": "completed",
            "success": true,
            "time_max": 135.0,
            "time_min": 0.0
          },
          "nt_id": 487,
          "params": {
            "fmod0": 0.0006387093516313696,
            "kdeg": 0.056299400637333644,
            "kobs": 0.02089863182286161,
            "log_fmod0": -7.356061055839022,
            "log_fmod0_err": 1.0422439540121549,
            "log_kdeg": -2.8770713897664524,
            "log_kdeg_err": 0.08769526534497282,
            "log_kobs": -3.8680715851751444,
            "log_kobs_err": 0.0362732620736604,
            "metadata": {
              "base": "A",
              "fmod_run_ids": [
                919,
                920,
                921,
                922,
                923,
                924,
                925
              ],
              "site": 18,
              "valtype": "modrate"
            }
          },
          "valtype": "modrate"
        },
        {
          "diagnostics": {
            "chisq": 8.375502477743144e-09,
            "covariance": {
              "matrix": [
                [
                  0.016791239120000103,
                  -0.01201816577222451,
                  -0.005076616497054537
                ],
                [
                  -0.01201816577222451,
                  0.14356289998561902,
                  -0.01439764684668377
                ],
                [
                  -0.005076616497054537,
                  -0.01439764684668377,
                  0.004813577084841614
                ]
              ],
              "params": [
                "log_kappa",
                "log_kdeg",
                "log_fmod_0"
              ]
            },
            "ndata": 7,
            "nfree": 4,
            "r2": 0.940627425552826,
            "reduced_chisq": 2.093875619435786e-09,
            "status": "completed",
            "success": true,
            "time_max": 135.0,
            "time_min": 0.0
          },
          "nt_id": 488,
          "params": {
            "fmod0": 0.0005864444592012424,
            "kdeg": 0.02772674383675043,
            "kobs": 0.0003922554490474761,
            "log_fmod0": -7.44143259307406,
            "log_fmod0_err": 0.06937994728191724,
            "log_kdeg": -3.5853578500951695,
            "log_kdeg_err": 0.37889695167105664,
            "log_kobs": -7.8435972746758535,
            "log_kobs_err": 0.12958101373272282,
            "metadata": {
              "base": "G",
              "fmod_run_ids": [
                919,
                920,
                921,
                922,
                923,
                924,
                925
              ],
              "site": 19,
              "valtype": "modrate"
            }
          },
          "valtype": "modrate"
        },
        {
          "diagnostics": {
            "chisq": 2.6056485511274094e-08,
            "covariance": {
              "matrix": [
                [
                  0.016346130255260247,
                  0.002672495975718439,
                  -0.010888150902328078
                ],
                [
                  0.002672495975718439,
                  0.09421249687765076,
                  -0.009657157430794063
                ],
                [
                  -0.010888150902328078,
                  -0.009657157430794063,
                  0.009252546572883618
                ]
              ],
              "params": [
                "log_kappa",
                "log_kdeg",
                "log_fmod_0"
              ]
            },
            "ndata": 7,
            "nfree": 4,
            "r2": 0.9389325929463629,
            "reduced_chisq": 6.5141213778185235e-09,
            "status": "completed",
            "success": true,
            "time_max": 135.0,
            "time_min": 0.0
          },
          "nt_id": 489,
          "params": {
            "fmod0": 0.0008338509807579508,
            "kdeg": 0.09809990956233126,
            "kobs": 0.0006964094694548445,
            "log_fmod0": -7.0894558517170685,
            "log_fmod0_err": 0.0961901583993062,
            "log_kdeg": -2.3217688343038922,
            "log_kdeg_err": 0.30694054290310163,
            "log_kobs": -7.269572752438902,
            "log_kobs_err": 0.12785198573061057,
            "metadata": {
              "base": "U",
              "fmod_run_ids": [
                919,
                920,
                921,
                922,
                923,
                924,
                925
              ],
              "site": 20,
              "valtype": "modrate"
            }
          },
          "valtype": "modrate"
        },
        {
          "diagnostics": {
            "chisq": 9.724103914796856e-08,
            "covariance": {
              "matrix": [
                [
                  0.6574085185200438,
                  -1.1470058052442607,
                  0.04859144645545664
                ],
                [
                  -1.1470058052442607,
                  2.1488718075533693,
                  -0.12920002693036858
                ],
                [
                  0.04859144645545664,
                  -0.12920002693036858,
                  0.02201362060073321
                ]
              ],
              "params": [
                "log_kappa",
                "log_kdeg",
                "log_fmod_0"
              ]
            },
            "ndata": 7,
            "nfree": 4,
            "r2": 0.8470619312941404,
            "reduced_chisq": 2.431025978699214e-08,
            "status": "completed",
            "success": true,
            "time_max": 135.0,
            "time_min": 0.0
          },
          "nt_id": 490,
          "params": {
            "fmod0": 0.00082862604196223,
            "kdeg": 0.00866777807443459,
            "kobs": 0.0011260845789004155,
            "log_fmod0": -7.095741599944188,
            "log_fmod0_err": 0.1483698776731086,
            "log_kdeg": -4.748142798492891,
            "log_kdeg_err": 1.465903068948752,
            "log_kobs": -6.789008637609199,
            "log_kobs_err": 0.81080732515194,
            "metadata": {
              "base": "G",
              "fmod_run_ids": [
                919,
                920,
                921,
                922,
                923,
                924,
                925
              ],
              "site": 21,
              "valtype": "modrate"
            }
          },
          "valtype": "modrate"
        },
        {
          "diagnostics": {
            "chisq": 2.259730251752815e-06,
            "covariance": {
              "matrix": [
                [
                  0.0011488512504151136,
                  0.00030079096576133115,
                  -0.021925706254745835
                ],
                [
                  0.00030079096576133115,
                  0.006609418101578601,
                  -0.028541192215250547
                ],
                [
                  -0.021925706254745835,
                  -0.028541192215250547,
                  0.5867425458443228
                ]
              ],
              "params": [
                "log_kappa",
                "log_kdeg",
                "log_fmod_0"
              ]
            },
            "ndata": 7,
            "nfree": 4,
            "r2": 0.9955961755541431,
            "reduced_chisq": 5.649325629382037e-07,
            "status": "completed",
            "success": true,
            "time_max": 135.0,
            "time_min": 0.0
          },
          "nt_id": 491,
          "params": {
            "fmod0": 0.0009538191260697054,
            "kdeg": 0.05817704236566239,
            "kobs": 0.0246243665058893,
            "log_fmod0": -6.9550364998062255,
            "log_fmod0_err": 0.7659912178637056,
            "log_kdeg": -2.8442644631360716,
            "log_kdeg_err": 0.08129832779078916,
            "log_kobs": -3.70401881790406,
            "log_kobs_err": 0.0338947082951766,
            "metadata": {
              "base": "A",
              "fmod_run_ids": [
                919,
                920,
                921,
                922,
                923,
                924,
                925
              ],
              "site": 22,
              "valtype": "modrate"
            }
          },
          "valtype": "modrate"
        },
        {
          "diagnostics": {
            "chisq": 2.986024906251871e-08,
            "covariance": {
              "matrix": [
                [
                  0.009813387989415277,
                  -0.002390548242934869,
                  -0.007758028626153441
                ],
                [
                  -0.002390548242934869,
                  0.11464982451333941,
                  -0.004089809051765673
                ],
                [
                  -0.007758028626153441,
                  -0.004089809051765673,
                  0.007521635744569071
                ]
              ],
              "params": [
                "log_kappa",
                "log_kdeg",
                "log_fmod_0"
              ]
            },
            "ndata": 7,
            "nfree": 4,
            "r2": 0.9624457823027663,
            "reduced_chisq": 7.465062265629677e-09,
            "status": "completed",
            "success": true,
            "time_max": 135.0,
            "time_min": 0.0
          },
          "nt_id": 492,
          "params": {
            "fmod0": 0.0009959698495497038,
            "kdeg": 0.1866539164695591,
            "kobs": 0.0009630045234176008,
            "log_fmod0": -6.91179357237431,
            "log_fmod0_err": 0.08672736445072611,
            "log_kdeg": -1.6784990908812811,
            "log_kdeg_err": 0.33859979993103867,
            "log_kobs": -6.945452448962642,
            "log_kobs_err": 0.09906254584561855,
            "metadata": {
              "base": "U",
              "fmod_run_ids": [
                919,
                920,
                921,
                922,
                923,
                924,
                925
              ],
              "site": 23,
              "valtype": "modrate"
            }
          },
          "valtype": "modrate"
        },
        {
          "diagnostics": {
            "chisq": 6.415494777807172e-08,
            "covariance": {
              "matrix": [
                [
                  0.02042160742630053,
                  0.005258762091088074,
                  -0.016466578824608204
                ],
                [
                  0.005258762091088074,
                  0.11320987318469186,
                  -0.017984235891931558
                ],
                [
                  -0.016466578824608204,
                  -0.017984235891931558,
                  0.017547094226979622
                ]
              ],
              "params": [
                "log_kappa",
                "log_kdeg",
                "log_fmod_0"
              ]
            },
            "ndata": 7,
            "nfree": 4,
            "r2": 0.9253836725637622,
            "reduced_chisq": 1.603873694451793e-08,
            "status": "completed",
            "success": true,
            "time_max": 135.0,
            "time_min": 0.0
          },
          "nt_id": 493,
          "params": {
            "fmod0": 0.0009421912150091558,
            "kdeg": 0.07496236227267145,
            "kobs": 0.0009714321386557433,
            "log_fmod0": -6.967302315654818,
            "log_fmod0_err": 0.1324654454073953,
            "log_kdeg": -2.590769127772219,
            "log_kdeg_err": 0.3364667490030655,
            "log_kobs": -6.936739143716514,
            "log_kobs_err": 0.14290418967371296,
            "metadata": {
              "base": "U",
              "fmod_run_ids": [
                919,
                920,
                921,
                922,
                923,
                924,
                925
              ],
              "site": 24,
              "valtype": "modrate"
            }
          },
          "valtype": "modrate"
        },
        {
          "diagnostics": {
            "chisq": 2.357482726789376e-06,
            "covariance": {
              "matrix": [
                [
                  0.0006937216406855128,
                  0.00017214726001038067,
                  -0.01755095461541623
                ],
