{
  "artifacts": {},
  "engine": "python_baseline",
  "engine_version": "0.1.0",
  "metadata": {
    "buffer_pH": 6.4,
    "done_by": [
      "EKC"
    ],
    "experiment_id": "ekc.01.0xx",
    "fmod_run_id": 718,
    "initial_kdeg": 0.031225834801437893,
    "initial_kdeg_source": "arrhenius:nmr:deg:dms:Schwalbe_bistris",
    "initial_log_kdeg": -3.4665094882938305,
    "notes": "Baseline python engine demo using examples/nerd.sqlite",
    "outlier_specs": [
      "119:085-HIV-C30U-75c-a-6-m:34_G:modrate"
    ],
    "outliers_applied": 1,
    "rg_id": 119,
    "rg_label": "75_1_12",
    "rounds_requested": [
      "round1_free",
      "round2_global",
      "round3_constrained"
    ],
    "rt_protocol": [
      "MRT"
    ],
    "selected_site_bases": [
      "17_G",
      "18_G",
      "19_C",
      "1_U",
      "20_A",
      "21_G",
      "22_A",
      "23_U",
      "24_C",
      "25_U",
      "26_G",
      "27_A",
      "28_G",
      "29_C",
      "2_A",
      "30_U",
      "31_U",
      "32_G",
      "33_G",
      "34_G",
      "35_A",
      "36_G",
      "37_C",
      "38_U",
      "39_C",
      "3_A",
      "40_U",
      "41_C",
      "42_U",
      "43_G",
      "44_C",
      "45_C",
      "61_A",
      "62_A",
      "63_U",
      "64_C",
      "65_C"
    ],
    "temperature_c": 75.0,
    "valtypes": [
      "modrate",
      "GAmodrate"
    ]
  },
  "rounds": [
    {
      "global_params": {},
      "notes": null,
      "per_nt": [
        {
          "diagnostics": {
            "reason": "Non-zero fmod values are required for a fit.",
            "status": "failed"
          },
          "nt_id": 93,
          "params": {},
          "valtype": "modrate"
        },
        {
          "diagnostics": {
            "reason": "Non-zero fmod values are required for a fit.",
            "status": "failed"
          },
          "nt_id": 94,
          "params": {},
          "valtype": "modrate"
        },
        {
          "diagnostics": {
            "reason": "Non-zero fmod values are required for a fit.",
            "status": "failed"
          },
          "nt_id": 95,
          "params": {},
          "valtype": "modrate"
        },
        {
          "diagnostics": {
            "reason": "Non-zero fmod values are required for a fit.",
            "status": "failed"
          },
          "nt_id": 96,
          "params": {},
          "valtype": "modrate"
        },
        {
          "diagnostics": {
            "chisq": 6.785301290850317e-05,
            "covariance": {
              "matrix": [
                [
                  1.0570869993792889e+19,
                  -1.0718476606517813e+19,
                  435937397.72991145
                ],
                [
                  -1.0718476606517813e+19,
                  1.0875672805178032e+19,
                  -474297783.3734936
                ],
                [
                  435937397.72991145,
                  -474297783.3734936,
                  0.262166831769484
                ]
              ],
              "params": [
                "log_kappa",
                "log_kdeg",
                "log_fmod_0"
              ]
            },
            "ndata": 7,
            "nfree": 4,
            "r2": -7.569349591562968e-10,
            "reduced_chisq": 1.6963253227125792e-05,
            "status": "completed",
            "success": true,
            "time_max": 200.0,
            "time_min": 0.0
          },
          "nt_id": 97,
          "params": {
            "fmod0": 0.004784857154826597,
            "kdeg": 4.9506262018299535e-11,
            "kobs": 0.0010929349486435232,
            "log_fmod0": -5.342299107223636,
            "log_fmod0_err": 0.512022296164419,
            "log_kdeg": -23.728921948934847,
            "log_kdeg_err": 3297828498.44834,
            "log_kobs": -6.818888587896027,
            "log_kobs_err": 3251287436.3539267,
            "metadata": {
              "base": "G",
              "fmod_run_ids": [
                713,
                714,
                715,
                716,
                717,
                718,
                719
              ],
              "site": 18,
              "valtype": "modrate"
            }
          },
          "valtype": "modrate"
        },
        {
          "diagnostics": {
            "chisq": 1.4080351142356732e-05,
            "covariance": {
              "matrix": [
                [
                  0.008781374316235045,
                  -0.0072344819563807975,
                  -0.010154707868288392
                ],
                [
                  -0.0072344819563807975,
                  0.066610628104242,
                  -0.02891831876817932
                ],
                [
                  -0.010154707868288392,
                  -0.02891831876817932,
                  0.042349984732168555
                ]
              ],
              "params": [
                "log_kappa",
                "log_kdeg",
                "log_fmod_0"
              ]
            },
            "ndata": 7,
            "nfree": 4,
            "r2": 0.9697276043772691,
            "reduced_chisq": 3.520087785589183e-06,
            "status": "completed",
            "success": true,
            "time_max": 200.0,
            "time_min": 0.0
          },
          "nt_id": 98,
          "params": {
            "fmod0": 0.00808773413327781,
            "kdeg": 0.018106954486501754,
            "kobs": 0.023793133594641466,
            "log_fmod0": -4.817406669555267,
            "log_fmod0_err": 0.2057911191771126,
            "log_kdeg": -4.0114591887326,
            "log_kdeg_err": 0.2580903487235468,
            "log_kobs": -3.7383582443569456,
            "log_kobs_err": 0.0937089873824013,
            "metadata": {
              "base": "C",
              "fmod_run_ids": [
                713,
                714,
                715,
                716,
                717,
                718,
                719
              ],
              "site": 19,
              "valtype": "modrate"
            }
          },
          "valtype": "modrate"
        },
        {
          "diagnostics": {
            "chisq": 4.2229600624224886e-07,
            "covariance": {
              "matrix": [
                [
                  0.0003833903441147884,
                  -5.290644155058733e-05,
                  -0.002150099151544465
                ],
                [
                  -5.290644155058733e-05,
                  0.0025134521616422124,
                  -0.003863028902068988
                ],
                [
                  -0.002150099151544465,
                  -0.003863028902068988,
                  0.02272104289268911
                ]
              ],
              "params": [
                "log_kappa",
                "log_kdeg",
                "log_fmod_0"
              ]
            },
            "ndata": 7,
            "nfree": 4,
            "r2": 0.9985022701880685,
            "reduced_chisq": 1.0557400156056222e-07,
            "status": "completed",
            "success": true,
            "time_max": 200.0,
            "time_min": 0.0
          },
          "nt_id": 99,
          "params": {
            "fmod0": 0.002003085434309718,
            "kdeg": 0.025939717105833614,
            "kobs": 0.01834945751553167,
            "log_fmod0": -6.21306657003298,
            "log_fmod0_err": 0.15073500884893698,
            "log_kdeg": -3.6519800058651954,
            "log_kdeg_err": 0.050134341141000474,
            "log_kobs": -3.9981552681048425,
            "log_kobs_err": 0.01958035607732373,
            "metadata": {
              "base": "A",
              "fmod_run_ids": [
                713,
                714,
                715,
                716,
                717,
                718,
                719
              ],
              "site": 20,
              "valtype": "modrate"
            }
          },
          "valtype": "modrate"
        },
        {
          "diagnostics": {
            "chisq": 7.852519436877853e-06,
            "covariance": {
              "matrix": [
                [
                  8.466353414491813e+17,
                  -8.583959615673606e+17,
                  126319452.48753157
                ],
                [
                  -8.583959615673606e+17,
                  8.715370981276709e+17,
                  -136960718.74324578
                ],
                [
                  126319452.48753157,
                  -136960718.74324578,
                  0.13473774573531302
                ]
              ],
              "params": [
                "log_kappa",
                "log_kdeg",
                "log_fmod_0"
              ]
            },
            "ndata": 7,
            "nfree": 4,
            "r2": -1.0578036224728748e-09,
            "reduced_chisq": 1.963129859219463e-06,
            "status": "completed",
            "success": true,
            "time_max": 200.0,
            "time_min": 0.0
          },
          "nt_id": 100,
          "params": {
            "fmod0": 0.002344714292787139,
            "kdeg": 1.0323001926491653e-10,
            "kobs": 0.0005180564414751514,
            "log_fmod0": -6.055591721271142,
            "log_fmod0_err": 0.36706640507585686,
            "log_kdeg": -22.99406142082977,
            "log_kdeg_err": 933561512.7712104,
            "log_kobs": -7.5654263612638015,
            "log_kobs_err": 920127894.0718955,
            "metadata": {
              "base": "G",
              "fmod_run_ids": [
                713,
                714,
                715,
                716,
                717,
                718,
                719
              ],
              "site": 21,
              "valtype": "modrate"
            }
          },
          "valtype": "modrate"
        },
        {
          "diagnostics": {
            "chisq": 6.589870675848685e-07,
            "covariance": {
              "matrix": [
                [
                  0.000940902955808731,
                  -9.507043830562374e-05,
                  -0.003549211784920191
                ],
                [
                  -9.507043830562374e-05,
                  0.006111291190527978,
                  -0.006219821993945581
                ],
                [
                  -0.003549211784920191,
                  -0.006219821993945581,
                  0.024506202115343614
                ]
              ],
              "params": [
                "log_kappa",
                "log_kdeg",
                "log_fmod_0"
              ]
            },
            "ndata": 7,
            "nfree": 4,
            "r2": 0.9963129362398617,
            "reduced_chisq": 1.6474676689621712e-07,
            "status": "completed",
            "success": true,
            "time_max": 200.0,
            "time_min": 0.0
          },
          "nt_id": 101,
          "params": {
            "fmod0": 0.0024178418070982346,
            "kdeg": 0.026738993737034967,
            "kobs": 0.014556535554385769,
            "log_fmod0": -6.024879951966013,
            "log_fmod0_err": 0.15654456910204076,
            "log_kdeg": -3.6216323393913257,
            "log_kdeg_err": 0.07817474778039248,
            "log_kobs": -4.229715207219736,
            "log_kobs_err": 0.030674141484460994,
            "metadata": {
              "base": "A",
              "fmod_run_ids": [
                713,
                714,
                715,
                716,
                717,
                718,
                719
              ],
              "site": 22,
              "valtype": "modrate"
            }
          },
          "valtype": "modrate"
        },
        {
          "diagnostics": {
            "chisq": 5.12295142857985e-06,
            "covariance": {
              "matrix": [
                [
                  9.880449352059244e+17,
                  -2.1557491986208663e+18,
                  6.373695069308512e-09
                ],
                [
                  -2.1557491986208663e+18,
                  8.819034517872051e+18,
                  -264536349.3142373
                ],
                [
                  6.373695069308512e-09,
                  -264536349.3142373,
                  0.039675250145970356
                ]
              ],
              "params": [
                "log_kappa",
                "log_kdeg",
                "log_fmod_0"
              ]
            },
            "ndata": 7,
            "nfree": 4,
            "r2": -1.6442402994698568e-12,
            "reduced_chisq": 1.2807378571449626e-06,
            "status": "completed",
            "success": true,
            "time_max": 200.0,
            "time_min": 0.0
          },
          "nt_id": 102,
          "params": {
            "fmod0": 0.002840714286270625,
            "kdeg": 1.3366187916039196e-13,
            "kobs": 0.0003216565092022825,
            "log_fmod0": -5.863699749181952,
            "log_fmod0_err": 0.19918647079048907,
            "log_kdeg": -29.643463073668833,
            "log_kdeg_err": 2969685929.1635623,
            "log_kobs": -8.042026323401466,
            "log_kobs_err": 994004494.560223,
            "metadata": {
              "base": "U",
              "fmod_run_ids": [
                713,
                714,
                715,
                716,
                717,
                718,
                719
              ],
              "site": 23,
              "valtype": "modrate"
            }
          },
          "valtype": "modrate"
        },
        {
          "diagnostics": {
            "chisq": 7.124134637702641e-06,
            "covariance": {
              "matrix": [
                [
                  0.0061689259102493624,
                  -0.0020378664056832376,
                  -0.01187457227473638
                ],
                [
                  -0.0020378664056832376,
                  0.04282250157689646,
                  -0.024411527341468182
                ],
                [
                  -0.01187457227473638,
                  -0.024411527341468182,
                  0.05055007803861511
                ]
              ],
              "params": [
                "log_kappa",
                "log_kdeg",
                "log_fmod_0"
              ]
            },
            "ndata": 7,
            "nfree": 4,
            "r2": 0.9767452755582599,
            "reduced_chisq": 1.7810336594256603e-06,
            "status": "completed",
            "success": true,
            "time_max": 200.0,
            "time_min": 0.0
          },
          "nt_id": 103,
          "params": {
            "fmod0": 0.0054247294804363475,
            "kdeg": 0.022779204281200168,
            "kobs": 0.019002124077757688,
            "log_fmod0": -5.216787246156287,
            "log_fmod0_err": 0.22483344510685038,
            "log_kdeg": -3.781907252161416,
            "log_kdeg_err": 0.20693598424850246,
            "log_kobs": -3.9632045124979376,
            "log_kobs_err": 0.07854251021102752,
            "metadata": {
              "base": "C",
              "fmod_run_ids": [
                713,
                714,
                715,
                716,
                717,
                718,
                719
              ],
              "site": 24,
              "valtype": "modrate"
            }
          },
          "valtype": "modrate"
        },
        {
          "diagnostics": {
            "chisq": 2.388974001146316e-06,
            "covariance": {
              "matrix": [
                [
                  1.1397682914739676e+18,
                  -1.1598192935342062e+18,
                  35793787.28413724
                ],
                [
                  -1.1598192935342062e+18,
                  1.1814741083759872e+18,
                  -41074842.08722828
                ],
                [
                  35793787.28413724,
                  -41074842.08722828,
                  0.03141518393313949
                ]
              ],
              "params": [
                "log_kappa",
                "log_kdeg",
                "log_fmod_0"
              ]
            },
            "ndata": 7,
            "nfree": 4,
            "r2": -4.798357267077336e-10,
            "reduced_chisq": 5.97243500286579e-07,
            "status": "completed",
            "success": true,
            "time_max": 200.0,
            "time_min": 0.0
          },
          "nt_id": 104,
          "params": {
            "fmod0": 0.002562000012800695,
            "kdeg": 3.287816580472428e-11,
            "kobs": 0.0003578111271851984,
            "log_fmod0": -5.9669670705112265,
            "log_fmod0_err": 0.17724329023446694,
            "log_kdeg": -24.138212331824434,
            "log_kdeg_err": 1086956350.7225058,
            "log_kobs": -7.93550528847663,
            "log_kobs_err": 1067599312.2299993,
            "metadata": {
              "base": "U",
              "fmod_run_ids": [
                713,
                714,
                715,
                716,
                717,
                718,
                719
              ],
              "site": 25,
              "valtype": "modrate"
            }
          },
          "valtype": "modrate"
        },
        {
          "diagnostics": {
            "chisq": 9.13742171517227e-06,
            "covariance": {
              "matrix": [
                [
                  8.215227722291781e+18,
                  -8.252850795427881e+18,
                  863238038.1396377
                ],
                [
                  -8.252850795427881e+18,
                  8.315690706088378e+18,
                  -911647862.0285041
                ],
                [
                  863238038.1396377,
                  -911647862.0285041,
                  0.23241781093110306
                ]
              ],
              "params": [
                "log_kappa",
                "log_kdeg",
                "log_fmod_0"
              ]
            },
            "ndata": 7,
            "nfree": 4,
            "r2": -9.702461056804168e-11,
            "reduced_chisq": 2.2843554287930674e-06,
            "status": "completed",
            "success": true,
            "time_max": 200.0,
            "time_min": 0.0
          },
          "nt_id": 105,
          "params": {
            "fmod0": 0.002279571433657126,
            "kdeg": 1.080602187215352e-11,
            "kobs": 0.0004998847497721761,
            "log_fmod0": -6.083767821378172,
            "log_fmod0_err": 0.4820973044221499,
            "log_kdeg": -25.25091755643381,
            "log_kdeg_err": 2883693934.1907244,
            "log_kobs": -7.601132986567043,
            "log_kobs_err": 2866221855.037007,
            "metadata": {
              "base": "G",
              "fmod_run_ids": [
                713,
                714,
                715,
                716,
                717,
                718,
                719
              ],
              "site": 26,
              "valtype": "modrate"
            }
          },
          "valtype": "modrate"
        },
        {
          "diagnostics": {
            "chisq": 6.931927085769966e-08,
            "covariance": {
              "matrix": [
                [
                  7.457110398357871e-05,
                  -5.633609146281187e-06,
                  -0.0005399985796517166
                ],
                [
                  -5.633609146281187e-06,
                  0.00047871159846116923,
                  -0.0009251460811534615
                ],
                [
                  -0.0005399985796517166,
                  -0.0009251460811534615,
                  0.0070050214923382615
                ]
              ],
              "params": [
                "log_kappa",
                "log_kdeg",
                "log_fmod_0"
              ]
            },
            "ndata": 7,
            "nfree": 4,
            "r2": 0.9997072865422423,
            "reduced_chisq": 1.7329817714424915e-08,
            "status": "completed",
            "success": true,
            "time_max": 200.0,
            "time_min": 0.0
          },
          "nt_id": 106,
          "params": {
            "fmod0": 0.001471107488530169,
            "kdeg": 0.0273635511752245,
            "kobs": 0.01679911464568078,
            "log_fmod0": -6.521739768292019,
            "log_fmod0_err": 0.08369600643004577,
            "log_kdeg": -3.5985434002342536,
            "log_kdeg_err": 0.021879478934864267,
            "log_kobs": -4.086429093623458,
            "log_kobs_err": 0.008635456211664715,
            "metadata": {
              "base": "A",
              "fmod_run_ids": [
                713,
                714,
                715,
                716,
                717,
                718,
                719
              ],
              "site": 27,
              "valtype": "modrate"
            }
          },
          "valtype": "modrate"
        },
        {
          "diagnostics": {
            "chisq": 1.1387478858080878e-05,
            "covariance": {
              "matrix": [
                [
                  1.3358941203388884e+18,
                  -1.30410296666411e+18,
                  31270759.74623096
                ],
                [
                  -1.30410296666411e+18,
                  1.330806392152926e+18,
                  -113808727.32766303
                ],
                [
                  31270759.74623096,
                  -113808727.32766303,
                  0.20817303785558133
                ]
              ],
              "params": [
                "log_kappa",
                "log_kdeg",
                "log_fmod_0"
              ]
            },
            "ndata": 7,
            "nfree": 4,
            "r2": -8.237299731206349e-11,
            "reduced_chisq": 2.8468697145202195e-06,
            "status": "completed",
            "success": true,
            "time_max": 200.0,
            "time_min": 0.0
          },
          "nt_id": 107,
          "params": {
            "fmod0": 0.002158142861903256,
            "kdeg": 6.114749951185406e-12,
            "kobs": 0.0005187305174246278,
            "log_fmod0": -6.138507213270078,
            "log_fmod0_err": 0.45625983590009467,
            "log_kdeg": -25.820317238682645,
            "log_kdeg_err": 1153605821.8269038,
            "log_kobs": -7.564126043896441,
            "log_kobs_err": 1155808859.776948,
            "metadata": {
              "base": "G",
              "fmod_run_ids": [
                713,
                714,
                715,
                716,
                717,
                718,
                719
              ],
              "site": 28,
              "valtype": "modrate"
            }
          },
          "valtype": "modrate"
        },
        {
          "diagnostics": {
            "chisq": 2.4527296051866166e-06,
            "covariance": {
              "matrix": [
                [
                  0.0015932130262106897,
                  -0.00043109886411257326,
                  -0.004888869224094044
                ],
                [
                  -0.00043109886411257326,
                  0.010850995781180005,
                  -0.009628784684002967
                ],
                [
                  -0.004888869224094044,
                  -0.009628784684002967,
                  0.03151147482309664
                ]
              ],
              "params": [
                "log_kappa",
                "log_kdeg",
                "log_fmod_0"
              ]
            },
            "ndata": 7,
            "nfree": 4,
            "r2": 0.9938766518468183,
            "reduced_chisq": 6.131824012966541e-07,
            "status": "completed",
            "success": true,
            "time_max": 200.0,
            "time_min": 0.0
          },
          "nt_id": 108,
          "params": {
            "fmod0": 0.004051456855992123,
            "kdeg": 0.023616559500751016,
            "kobs": 0.021918332346851022,
            "log_fmod0": -5.508678745017609,
            "log_fmod0_err": 0.1775147172014102,
            "log_kdeg": -3.7458071392478747,
            "log_kdeg_err": 0.10416811307295532,
            "log_kobs": -3.8204318988634967,
            "log_kobs_err": 0.03991507266949028,
            "metadata": {
              "base": "C",
              "fmod_run_ids": [
                713,
                714,
                715,
                716,
                717,
                718,
                719
              ],
              "site": 29,
              "valtype": "modrate"
            }
          },
          "valtype": "modrate"
        },
        {
          "diagnostics": {
            "chisq": 2.236458274238303e-06,
            "covariance": {
              "matrix": [
                [
                  399737459615.022,
                  -399712801132.31055,
                  76335.94818237063
                ],
                [
                  -399712801132.31055,
                  399688144188.8912,
                  -76331.68198844658
                ],
                [
                  76335.94818237063,
                  -76331.68198844658,
                  0.03370247883933741
                ]
              ],
              "params": [
                "log_kappa",
                "log_kdeg",
                "log_fmod_0"
              ]
            },
            "ndata": 7,
            "nfree": 4,
            "r2": 0.013557098018159963,
            "reduced_chisq": 5.591145685595758e-07,
            "status": "completed",
            "success": true,
            "time_max": 200.0,
            "time_min": 0.0
          },
          "nt_id": 109,
          "params": {
            "fmod0": 0.0030925954546491045,
            "kdeg": 2.8162786370541684e-10,
            "kobs": 3432.6165866024194,
            "log_fmod0": -5.7787445876746855,
            "log_fmod0_err": 0.18358234893185513,
            "log_kdeg": -21.990434548722142,
            "log_kdeg_err": 632208.9402949718,
            "log_kobs": 8.141078102572207,
            "log_kobs_err": 632247.9415664569,
            "metadata": {
              "base": "U",
              "fmod_run_ids": [
                713,
                714,
                715,
                716,
                717,
                718,
                719
              ],
              "site": 30,
              "valtype": "modrate"
            }
          },
          "valtype": "modrate"
        },
        {
          "diagnostics": {
            "chisq": 1.9681942166428373e-06,
            "covariance": {
              "matrix": [
                [
                  538743004091160.3,
                  -538702487488594.2,
                  -3440913.838745308
                ],
                [
                  -538702487488594.2,
                  538661973933266.4,
                  3440653.5388350636
                ],
                [
                  -3440913.838745308,
                  3440653.5388350636,
                  0.04863290995810836
                ]
              ],
              "params": [
                "log_kappa",
                "log_kdeg",
                "log_fmod_0"
              ]
            },
            "ndata": 7,
            "nfree": 4,
            "r2": 0.0016148593036268144,
            "reduced_chisq": 4.920485541607093e-07,
            "status": "completed",
            "success": true,
            "time_max": 200.0,
            "time_min": 0.0
          },
          "nt_id": 110,
          "params": {
            "fmod0": 0.002457351457962136,
            "kdeg": 4.108828593303652e-09,
            "kobs": 75.72513273487648,
            "log_fmod0": -6.008671152139213,
            "log_fmod0_err": 0.22052870551950454,
            "log_kdeg": -19.31012786285715,
            "log_kdeg_err": 23209092.484051727,
            "log_kobs": 4.3271101097658615,
            "log_kobs_err": 23210838.073864553,
            "metadata": {
              "base": "U",
              "fmod_run_ids": [
                713,
                714,
                715,
                716,
                717,
                718,
                719
              ],
              "site": 31,
              "valtype": "modrate"
            }
          },
          "valtype": "modrate"
        },
        {
          "diagnostics": {
            "chisq": 6.591058857251855e-06,
            "covariance": {
              "matrix": [
                [
                  8.259999541658355e+17,
                  -7.215428972840906e+17,
                  -83764287.3293144
                ],
                [
                  -7.215428972840906e+17,
                  6.991134016395383e+17,
                  12317289.638758268
                ],
                [
                  -83764287.3293144,
                  12317289.638758268,
                  0.10452718935677961
                ]
              ],
              "params": [
                "log_kappa",
                "log_kdeg",
                "log_fmod_0"
              ]
            },
            "ndata": 7,
            "nfree": 4,
            "r2": -1.6537438085606482e-11,
            "reduced_chisq": 1.6477647143129637e-06,
            "status": "completed",
            "success": true,
            "time_max": 200.0,
            "time_min": 0.0
          },
          "nt_id": 111,
          "params": {
            "fmod0": 0.0023611428615409012,
            "kdeg": 3.837859622577993e-12,
            "kobs": 0.00031185847603131445,
            "log_fmod0": -6.048609513797492,
            "log_fmod0_err": 0.3233066491069734,
            "log_kdeg": -26.28610629468209,
            "log_kdeg_err": 836130014.7940739,
            "log_kobs": -8.072961075527246,
            "log_kobs_err": 908845396.1845411,
            "metadata": {
              "base": "G",
              "fmod_run_ids": [
                713,
                714,
                715,
                716,
                717,
                718,
                719
              ],
              "site": 32,
              "valtype": "modrate"
            }
          },
          "valtype": "modrate"
        },
        {
          "diagnostics": {
            "chisq": 7.853778000897193e-06,
            "covariance": {
              "matrix": [
                [
                  3.534522220739554e+18,
                  -3.8606592014652206e+18,
                  123730598.49497364
                ],
                [
                  -3.8606592014652206e+18,
                  4.2543795922269686e+18,
                  -185416958.54509094
                ],
                [
                  123730598.49497364,
                  -185416958.54509094,
                  0.12295907120571002
                ]
              ],
              "params": [
                "log_kappa",
                "log_kdeg",
                "log_fmod_0"
              ]
            },
            "ndata": 7,
            "nfree": 4,
            "r2": -1.1423728629722518e-10,
            "reduced_chisq": 1.9634445002242983e-06,
            "status": "completed",
            "success": true,
            "time_max": 200.0,
            "time_min": 0.0
          },
          "nt_id": 112,
          "params": {
            "fmod0": 0.002340000004143611,
            "kdeg": 9.462595528878699e-12,
            "kobs": 0.000423506411693262,
            "log_fmod0": -6.057604347841753,
            "log_fmod0_err": 0.35065520273583567,
            "log_kdeg": -25.383674401693753,
            "log_kdeg_err": 2062614746.438842,
            "log_kobs": -7.766941904215195,
            "log_kobs_err": 1880032505.2348306,
            "metadata": {
              "base": "G",
              "fmod_run_ids": [
                713,
                714,
                715,
                716,
                717,
                718,
                719
              ],
              "site": 33,
              "valtype": "modrate"
            }
          },
          "valtype": "modrate"
        },
        {
          "diagnostics": {
            "chisq": 2.5018472781096964e-06,
            "covariance": {
              "matrix": [
                [
                  1234.402324053046,
                  -1424.9426552286486,
                  15.00618223510913
                ],
                [
                  -1424.9426552286486,
                  1647.279750108811,
                  -17.804394809571964
                ],
                [
                  15.00618223510913,
                  -17.804394809571964,
                  0.32104297862275694
                ]
              ],
              "params": [
                "log_kappa",
                "log_kdeg",
                "log_fmod_0"
              ]
            },
            "ndata": 6,
            "nfree": 3,
            "r2": 0.15729406906646048,
            "reduced_chisq": 8.339490927032321e-07,
            "status": "completed",
            "success": true,
            "time_max": 200.0,
            "time_min": 15.0
          },
          "nt_id": 113,
          "params": {
            "fmod0": 0.0018353429362817704,
            "kdeg": 0.0013040199800836367,
            "kobs": 0.0037401132881292568,
            "log_fmod0": -6.300523928679569,
            "log_fmod0_err": 0.5666065465759789,
            "log_kdeg": -6.642303493445031,
            "log_kdeg_err": 40.586694249579025,
            "log_kobs": -5.588639377070806,
            "log_kobs_err": 35.134062162708226,
            "metadata": {
              "base": "G",
              "fmod_run_ids": [
                713,
                714,
                715,
                716,
                717,
                718
              ],
              "site": 34,
              "valtype": "modrate"
            }
          },
          "valtype": "modrate"
        },
        {
          "diagnostics": {
            "chisq": 7.3411941200322e-07,
            "covariance": {
              "matrix": [
                [
                  0.0006532877037416093,
                  -1.2203729422546825e-05,
                  -0.0028565503051244923
                ],
                [
                  -1.2203729422546825e-05,
                  0.004092186015563267,
                  -0.004651529849458344
                ],
                [
                  -0.0028565503051244923,
                  -0.004651529849458344,
                  0.021336063208916605
                ]
              ],
              "params": [
                "log_kappa",
                "log_kdeg",
                "log_fmod_0"
              ]
            },
            "ndata": 7,
            "nfree": 4,
            "r2": 0.9974439599473218,
            "reduced_chisq": 1.83529853000805e-07,
            "status": "completed",
            "success": true,
            "time_max": 200.0,
            "time_min": 0.0
          },
          "nt_id": 114,
          "params": {
            "fmod0": 0.0027622913455699703,
            "kdeg": 0.028982950551583352,
            "kobs": 0.018489275137440062,
            "log_fmod0": -5.891694746006272,
            "log_fmod0_err": 0.14606869345933304,
            "log_kdeg": -3.541047533898064,
            "log_kdeg_err": 0.06397019630705589,
            "log_kobs": -3.99056443730234,
            "log_kobs_err": 0.025559493417155382,
            "metadata": {
              "base": "A",
              "fmod_run_ids": [
                713,
                714,
                715,
                716,
                717,
                718,
                719
              ],
              "site": 35,
              "valtype": "modrate"
            }
          },
          "valtype": "modrate"
        },
        {
          "diagnostics": {
            "chisq": 7.420478857573274e-06,
            "covariance": {
              "matrix": [
                [
                  1.2418333164168218e+18,
                  -1.2235969290782602e+18,
                  -66656443.64727043
                ],
                [
                  -1.2235969290782602e+18,
                  1.20766535553234e+18,
                  55664079.163568646
                ],
                [
                  -66656443.64727043,
                  55664079.163568646,
                  0.09067479406389821
                ]
              ],
              "params": [
                "log_kappa",
                "log_kdeg",
                "log_fmod_0"
              ]
            },
            "ndata": 7,
            "nfree": 4,
            "r2": -5.800382396614623e-11,
            "reduced_chisq": 1.8551197143933185e-06,
            "status": "completed",
            "success": true,
            "time_max": 200.0,
            "time_min": 0.0
          },
          "nt_id": 115,
          "params": {
            "fmod0": 0.002645142891821115,
            "kdeg": 1.0789317709627508e-11,
            "kobs": 0.0005032289212976228,
            "log_fmod0": -5.935030191758262,
            "log_fmod0_err": 0.30112255655114617,
            "log_kdeg": -25.252464572241937,
            "log_kdeg_err": 1098938285.5885675,
            "log_kobs": -7.594465379472852,
            "log_kobs_err": 1114375751.8973668,
            "metadata": {
              "base": "G",
              "fmod_run_ids": [
                713,
                714,
                715,
                716,
                717,
                718,
                719
              ],
              "site": 36,
              "valtype": "modrate"
            }
          },
          "valtype": "modrate"
        },
        {
          "diagnostics": {
            "chisq": 6.733244657404639e-07,
            "covariance": {
              "matrix": [
                [
                  0.0004036801109586225,
                  -0.0001739207359181237,
                  -0.0011201409773937663
                ],
                [
                  -0.0001739207359181237,
                  0.002861805425235416,
                  -0.002453100558061485
                ],
                [
                  -0.0011201409773937663,
                  -0.002453100558061485,
                  0.007501546771476409
                ]
              ],
              "params": [
                "log_kappa",
                "log_kdeg",
                "log_fmod_0"
              ]
            },
            "ndata": 7,
            "nfree": 4,
            "r2": 0.9984670928001265,
            "reduced_chisq": 1.6833111643511598e-07,
            "status": "completed",
            "success": true,
            "time_max": 200.0,
            "time_min": 0.0
          },
          "nt_id": 116,
          "params": {
            "fmod0": 0.004299360852299112,
            "kdeg": 0.021552569831129628,
            "kobs": 0.023123376160506977,
            "log_fmod0": -5.449288906330698,
            "log_fmod0_err": 0.08661147020733691,
            "log_kdeg": -3.83726021983767,
            "log_kdeg_err": 0.053495844934306966,
            "log_kobs": -3.7669112181353785,
            "log_kobs_err": 0.020091792129091485,
            "metadata": {
              "base": "C",
              "fmod_run_ids": [
                713,
                714,
                715,
                716,
                717,
                718,
                719
              ],
              "site": 37,
              "valtype": "modrate"
            }
          },
          "valtype": "modrate"
        },
        {
          "diagnostics": {
            "chisq": 3.3956745775131304e-06,
            "covariance": {
              "matrix": [
                [
