{
  "artifacts": {},
  "engine": "python_baseline",
  "engine_version": "0.1.0",
  "metadata": {
    "analyst": "demo_user",
    "buffer_pH": 8.0,
    "fmod_run_id": 43,
    "notes": "Baseline python engine demo using examples/nerd.sqlite",
    "rg_id": 130,
    "rg_label": "14",
    "rounds_requested": [
      "round1_free",
      "round2_global",
      "round3_constrained"
    ],
    "temperature_c": 23.0,
    "valtypes": [
      "modrate",
      "GAmodrate"
    ]
  },
  "rounds": [
    {
      "global_params": {},
      "notes": null,
      "per_nt": [
        {
          "diagnostics": {
            "reason": "Non-zero fmod values are required for a fit.",
            "status": "failed"
          },
          "nt_id": 796,
          "params": {},
          "valtype": "modrate"
        },
        {
          "diagnostics": {
            "chisq": 1.6936479672273733e-07,
            "covariance": {
              "matrix": [
                [
                  0.0771718168484502,
                  0.018104489736483542,
                  -0.15637132927504988
                ],
                [
                  0.018104489736483542,
                  0.4983662254134786,
                  -0.17695201259156298
                ],
                [
                  -0.15637132927504988,
                  -0.17695201259156298,
                  0.41865952889963637
                ]
              ],
              "params": [
                "log_kappa",
                "log_kdeg",
                "log_fmod_0"
              ]
            },
            "ndata": 7,
            "nfree": 4,
            "r2": 0.7658007559109847,
            "reduced_chisq": 4.234119918068433e-08,
            "status": "completed",
            "success": true,
            "time_max": 34890.0,
            "time_min": 0.0
          },
          "nt_id": 797,
          "params": {
            "fmod0": 0.0003123556821449707,
            "kdeg": 0.00032101906364334425,
            "kobs": 0.0008040718237602432,
            "log_fmod0": -8.071368012594288,
            "log_fmod0_err": 0.6470390474303976,
            "log_kdeg": -8.04401004830065,
            "log_kdeg_err": 0.7059505828409511,
            "log_kobs": -7.125821959740137,
            "log_kobs_err": 0.27779815846842865,
            "metadata": {
              "base": "G",
              "fmod_run_ids": [
                37,
                38,
                39,
                40,
                41,
                42,
                43
              ],
              "site": 103,
              "valtype": "modrate"
            }
          },
          "valtype": "modrate"
        },
        {
          "diagnostics": {
            "chisq": 4.291882265415e-06,
            "covariance": {
              "matrix": [
                [
                  0.002682770540282,
                  0.0005851360526015446,
                  -0.06846321325504556
                ],
                [
                  0.0005851360526015446,
                  0.016790476276585857,
                  -0.08074411253426546
                ],
                [
                  -0.06846321325504556,
                  -0.08074411253426546,
                  2.361631006253846
                ]
              ],
              "params": [
                "log_kappa",
                "log_kdeg",
                "log_fmod_0"
              ]
            },
            "ndata": 7,
            "nfree": 4,
            "r2": 0.9897020064611677,
            "reduced_chisq": 1.07297056635375e-06,
            "status": "completed",
            "success": true,
            "time_max": 34890.0,
            "time_min": 0.0
          },
          "nt_id": 798,
          "params": {
            "fmod0": 0.0006574580919698854,
            "kdeg": 0.00028603880702120856,
            "kobs": 0.022098953741088417,
            "log_fmod0": -7.327129534392579,
            "log_fmod0_err": 1.5367599052076566,
            "log_kdeg": -8.159383067463981,
            "log_kdeg_err": 0.12957807019934298,
            "log_kobs": -3.8122250136112976,
            "log_kobs_err": 0.05179546833731692,
            "metadata": {
              "base": "A",
              "fmod_run_ids": [
                37,
                38,
                39,
                40,
                41,
                42,
                43
              ],
              "site": 104,
              "valtype": "modrate"
            }
          },
          "valtype": "modrate"
        },
        {
          "diagnostics": {
            "chisq": 1.5355572060373945e-06,
            "covariance": {
              "matrix": [
                [
                  0.0026378563044198436,
                  0.0005964853063851379,
                  -0.0452718695703137
                ],
                [
                  0.0005964853063851379,
                  0.016708785411771114,
                  -0.05257356148161109
                ],
                [
                  -0.0452718695703137,
                  -0.05257356148161109,
                  1.0404323118278727
                ]
              ],
              "params": [
                "log_kappa",
                "log_kdeg",
                "log_fmod_0"
              ]
            },
            "ndata": 7,
            "nfree": 4,
            "r2": 0.9897830958803637,
            "reduced_chisq": 3.8388930150934864e-07,
            "status": "completed",
            "success": true,
            "time_max": 34890.0,
            "time_min": 0.0
          },
          "nt_id": 799,
          "params": {
            "fmod0": 0.0005942272243625276,
            "kdeg": 0.0002992397244762254,
            "kobs": 0.013231072731851609,
            "log_fmod0": -7.428248779151722,
            "log_fmod0_err": 1.0200158390083325,
            "log_kdeg": -8.11426555170563,
            "log_kdeg_err": 0.1292624671425202,
            "log_kobs": -4.32518722085802,
            "log_kobs_err": 0.0513600652688433,
            "metadata": {
              "base": "A",
              "fmod_run_ids": [
                37,
                38,
                39,
                40,
                41,
                42,
                43
              ],
              "site": 105,
              "valtype": "modrate"
            }
          },
          "valtype": "modrate"
        },
        {
          "diagnostics": {
            "chisq": 5.839726890622947e-07,
            "covariance": {
              "matrix": [
                [
                  0.024647160093529494,
                  0.005538630006967911,
                  -0.04846000688002789
                ],
                [
                  0.005538630006967911,
                  0.15652610596449187,
                  -0.058777933294576486
                ],
                [
                  -0.04846000688002789,
                  -0.058777933294576486,
                  0.12959665093884765
                ]
              ],
              "params": [
                "log_kappa",
                "log_kdeg",
                "log_fmod_0"
              ]
            },
            "ndata": 7,
            "nfree": 4,
            "r2": 0.9111268704247425,
            "reduced_chisq": 1.4599317226557367e-07,
            "status": "completed",
            "success": true,
            "time_max": 34890.0,
            "time_min": 0.0
          },
          "nt_id": 800,
          "params": {
            "fmod0": 0.001032897711738694,
            "kdeg": 0.00027953534848456274,
            "kobs": 0.002633124995145045,
            "log_fmod0": -6.875387114329594,
            "log_fmod0_err": 0.35999534849612663,
            "log_kdeg": -8.182381802938057,
            "log_kdeg_err": 0.39563380285876976,
            "log_kobs": -5.939583927074793,
            "log_kobs_err": 0.15699414031590317,
            "metadata": {
              "base": "U",
              "fmod_run_ids": [
                37,
                38,
                39,
                40,
                41,
                42,
                43
              ],
              "site": 106,
              "valtype": "modrate"
            }
          },
          "valtype": "modrate"
        },
        {
          "diagnostics": {
            "chisq": 2.8973829042006046e-07,
            "covariance": {
              "matrix": [
                [
                  0.08517935305850197,
                  0.016717818135259344,
                  -0.05653438133012684
                ],
                [
                  0.016717818135259344,
                  0.5394275786581086,
                  -0.0737570956570685
                ],
                [
                  -0.05653438133012684,
                  -0.0737570956570685,
                  0.05303823872743067
                ]
              ],
              "params": [
                "log_kappa",
                "log_kdeg",
                "log_fmod_0"
              ]
            },
            "ndata": 7,
            "nfree": 4,
            "r2": 0.7472023762827142,
            "reduced_chisq": 7.243457260501512e-08,
            "status": "completed",
            "success": true,
            "time_max": 34890.0,
            "time_min": 0.0
          },
          "nt_id": 801,
          "params": {
            "fmod0": 0.0011238177576594524,
            "kdeg": 0.00024259963755781977,
            "kobs": 0.000990298433027583,
            "log_fmod0": -6.791023677969967,
            "log_fmod0_err": 0.23030032289910207,
            "log_kdeg": -8.32409805544629,
            "log_kdeg_err": 0.734457336172843,
            "log_kobs": -6.917504212759199,
            "log_kobs_err": 0.291855020615548,
            "metadata": {
              "base": "U",
              "fmod_run_ids": [
                37,
                38,
                39,
                40,
                41,
                42,
                43
              ],
              "site": 107,
              "valtype": "modrate"
            }
          },
          "valtype": "modrate"
        },
        {
          "diagnostics": {
            "chisq": 2.5757812316172125e-08,
            "covariance": {
              "matrix": [
                [
                  0.04975439387369651,
                  -0.0035635597588590273,
                  -0.11027979453479128
                ],
                [
                  -0.0035635597588590273,
                  0.5234644071633934,
                  -0.0645731566840099
                ],
                [
                  -0.11027979453479128,
                  -0.0645731566840099,
                  0.29689650433609865
                ]
              ],
              "params": [
                "log_kappa",
                "log_kdeg",
                "log_fmod_0"
              ]
            },
            "ndata": 7,
            "nfree": 4,
            "r2": 0.8341275444033486,
            "reduced_chisq": 6.439453079043031e-09,
            "status": "completed",
            "success": true,
            "time_max": 34890.0,
            "time_min": 0.0
          },
          "nt_id": 802,
          "params": {
            "fmod0": 0.0001472500802932552,
            "kdeg": 0.0007534454649571524,
            "kobs": 0.00039519436523558713,
            "log_fmod0": -8.823378190147462,
            "log_fmod0_err": 0.5448821013174305,
            "log_kdeg": -7.190853918154455,
            "log_kdeg_err": 0.7235084015845243,
            "log_kobs": -7.836132850199325,
            "log_kobs_err": 0.2230569296697516,
            "metadata": {
              "base": "G",
              "fmod_run_ids": [
                37,
                38,
                39,
                40,
                41,
                42,
                43
              ],
              "site": 108,
              "valtype": "modrate"
            }
          },
          "valtype": "modrate"
        },
        {
          "diagnostics": {
            "chisq": 1.1844929267055897e-06,
            "covariance": {
              "matrix": [
                [
                  0.0027475398551923278,
                  0.0006262974792207086,
                  -0.025549776912474377
                ],
                [
                  0.0006262974792207086,
                  0.017730815455637327,
                  -0.027866283742776197
                ],
                [
                  -0.025549776912474377,
                  -0.027866283742776197,
                  0.31097707344918796
                ]
              ],
              "params": [
                "log_kappa",
                "log_kdeg",
                "log_fmod_0"
              ]
            },
            "ndata": 7,
            "nfree": 4,
            "r2": 0.9893417924126643,
            "reduced_chisq": 2.961232316763974e-07,
            "status": "completed",
            "success": true,
            "time_max": 34890.0,
            "time_min": 0.0
          },
          "nt_id": 803,
          "params": {
            "fmod0": 0.0009614400947219222,
            "kdeg": 0.0003376623123608107,
            "kobs": 0.011413713257554782,
            "log_fmod0": -6.9470782988577735,
            "log_fmod0_err": 0.5576531838420614,
            "log_kdeg": -7.993464237745787,
            "log_kdeg_err": 0.13315710816789814,
            "log_kobs": -4.472939729177683,
            "log_kobs_err": 0.05241698059972863,
            "metadata": {
              "base": "C",
              "fmod_run_ids": [
                37,
                38,
                39,
                40,
                41,
                42,
                43
              ],
              "site": 109,
              "valtype": "modrate"
            }
          },
          "valtype": "modrate"
        },
        {
          "diagnostics": {
            "chisq": 3.476457301176056e-08,
            "covariance": {
              "matrix": [
                [
                  0.01777278744935801,
                  0.00010224016543163067,
                  -0.02788726634876334
                ],
                [
                  0.00010224016543163067,
                  0.11888453274625216,
                  -0.04475991632080859
                ],
                [
                  -0.02788726634876334,
                  -0.04475991632080859,
                  0.07250489605413088
                ]
              ],
              "params": [
                "log_kappa",
                "log_kdeg",
                "log_fmod_0"
              ]
            },
            "ndata": 7,
            "nfree": 4,
            "r2": 0.9336720312565213,
            "reduced_chisq": 8.69114325294014e-09,
            "status": "completed",
            "success": true,
            "time_max": 34890.0,
            "time_min": 0.0
          },
          "nt_id": 804,
          "params": {
            "fmod0": 0.00032143430634158654,
            "kdeg": 0.0001725212051230617,
            "kobs": 0.0007437631640731786,
            "log_fmod0": -8.042717370028685,
            "log_fmod0_err": 0.2692673319475106,
            "log_kdeg": -8.664990400798285,
            "log_kdeg_err": 0.34479636417203147,
            "log_kobs": -7.203787901666881,
            "log_kobs_err": 0.1333146182883108,
            "metadata": {
              "base": "G",
              "fmod_run_ids": [
                37,
                38,
                39,
                40,
                41,
                42,
                43
              ],
              "site": 110,
              "valtype": "modrate"
            }
          },
          "valtype": "modrate"
        },
        {
          "diagnostics": {
            "chisq": 5.5338373661534484e-08,
            "covariance": {
              "matrix": [
                [
                  0.5046726641329874,
                  0.0002784768522451474,
                  -0.4417708510759125
                ],
                [
                  0.0002784768522451474,
                  4.6414942506445485,
                  -0.28697696085082697
                ],
                [
                  -0.4417708510759125,
                  -0.28697696085082697,
                  0.47187672376093875
                ]
              ],
              "params": [
                "log_kappa",
                "log_kdeg",
                "log_fmod_0"
              ]
            },
            "ndata": 7,
            "nfree": 4,
            "r2": 0.3312906486510079,
            "reduced_chisq": 1.3834593415383621e-08,
            "status": "completed",
            "success": true,
            "time_max": 34890.0,
            "time_min": 0.0
          },
          "nt_id": 805,
          "params": {
            "fmod0": 0.00017115938598346084,
            "kdeg": 0.0006771437190464383,
            "kobs": 0.00018186117190754705,
            "log_fmod0": -8.672915353805472,
            "log_fmod0_err": 0.6869328378822334,
            "log_kdeg": -7.297627019477885,
            "log_kdeg_err": 2.154412739157599,
            "log_kobs": -8.612266953677883,
            "log_kobs_err": 0.7104031701315721,
            "metadata": {
              "base": "G",
              "fmod_run_ids": [
                37,
                38,
                39,
                40,
                41,
                42,
                43
              ],
              "site": 111,
              "valtype": "modrate"
            }
          },
          "valtype": "modrate"
        },
        {
          "diagnostics": {
            "chisq": 1.4729640784375394e-07,
            "covariance": {
              "matrix": [
                [
                  0.2067914092711521,
                  0.03919841995200349,
                  -0.3353468071923597
                ],
                [
                  0.03919841995200349,
                  1.3110039510757365,
                  -0.4429600090625402
                ],
                [
                  -0.3353468071923597,
                  -0.4429600090625402,
                  0.7743593249808246
                ]
              ],
              "params": [
                "log_kappa",
                "log_kdeg",
                "log_fmod_0"
              ]
            },
            "ndata": 7,
            "nfree": 4,
            "r2": 0.5488194214515856,
            "reduced_chisq": 3.6824101960938486e-08,
            "status": "completed",
            "success": true,
            "time_max": 34890.0,
            "time_min": 0.0
          },
          "nt_id": 806,
          "params": {
            "fmod0": 0.00020925742444544656,
            "kdeg": 0.00023703710689053812,
            "kobs": 0.00045250424855416933,
            "log_fmod0": -8.471945368003361,
            "log_fmod0_err": 0.8799768888901711,
            "log_kdeg": -8.347293859926426,
            "log_kdeg_err": 1.144990808293122,
            "log_kobs": -7.700713405798383,
            "log_kobs_err": 0.4547432344424182,
            "metadata": {
              "base": "G",
              "fmod_run_ids": [
                37,
                38,
                39,
                40,
                41,
                42,
                43
              ],
              "site": 112,
              "valtype": "modrate"
            }
          },
          "valtype": "modrate"
        },
        {
          "diagnostics": {
            "chisq": 4.608423955252835e-06,
            "covariance": {
              "matrix": [
                [
                  0.017773478299247747,
                  0.0040215430490039205,
                  -0.20329577795418088
                ],
                [
                  0.0040215430490039205,
                  0.11268351224901378,
                  -0.2402812671129722
                ],
                [
                  -0.20329577795418088,
                  -0.2402812671129722,
                  3.1325190201662445
                ]
              ],
              "params": [
                "log_kappa",
                "log_kdeg",
                "log_fmod_0"
              ]
            },
            "ndata": 7,
            "nfree": 4,
            "r2": 0.9346876038560161,
            "reduced_chisq": 1.1521059888132087e-06,
            "status": "completed",
            "success": true,
            "time_max": 34890.0,
            "time_min": 0.0
          },
          "nt_id": 807,
          "params": {
            "fmod0": 0.0005921484527091357,
            "kdeg": 0.00029124118673879405,
            "kobs": 0.008780589169903449,
            "log_fmod0": -7.4317531898051055,
            "log_fmod0_err": 1.76989237530598,
            "log_kdeg": -8.141358813666523,
            "log_kdeg_err": 0.33568364906413567,
            "log_kobs": -4.73521176995281,
            "log_kobs_err": 0.1333172093139057,
            "metadata": {
              "base": "A",
              "fmod_run_ids": [
                37,
                38,
                39,
                40,
                41,
                42,
                43
              ],
              "site": 113,
              "valtype": "modrate"
            }
          },
          "valtype": "modrate"
        },
        {
          "diagnostics": {
            "chisq": 9.661288775558224e-06,
            "covariance": {
              "matrix": [
                [
                  0.003230076015062798,
                  0.0006373033593781844,
                  -0.07170414736095553
                ],
                [
                  0.0006373033593781844,
                  0.019947652058232884,
                  -0.08877033083827596
                ],
                [
                  -0.07170414736095553,
                  -0.08877033083827596,
                  2.2099010671704526
                ]
              ],
              "params": [
                "log_kappa",
                "log_kdeg",
                "log_fmod_0"
              ]
            },
            "ndata": 7,
            "nfree": 4,
            "r2": 0.9877167138889947,
            "reduced_chisq": 2.415322193889556e-06,
            "status": "completed",
            "success": true,
            "time_max": 34890.0,
            "time_min": 0.0
          },
          "nt_id": 808,
          "params": {
            "fmod0": 0.0010116140140434538,
            "kdeg": 0.00025636324195635226,
            "kobs": 0.030347517459514563,
            "log_fmod0": -6.896208189919765,
            "log_fmod0_err": 1.4865735996480136,
            "log_kdeg": -8.268915205299798,
            "log_kdeg_err": 0.1412361570499314,
            "log_kobs": -3.495040561872782,
            "log_kobs_err": 0.05683375770669047,
            "metadata": {
              "base": "A",
              "fmod_run_ids": [
                37,
                38,
                39,
                40,
                41,
                42,
                43
              ],
              "site": 114,
              "valtype": "modrate"
            }
          },
          "valtype": "modrate"
        },
        {
          "diagnostics": {
            "chisq": 2.628282795874935e-06,
            "covariance": {
              "matrix": [
                [
                  0.0006935684865273775,
                  0.0001472325332826459,
                  -0.13772572725807503
                ],
                [
                  0.0001472325332826459,
                  0.0042961551431116895,
                  -0.16061979240044807
                ],
                [
                  -0.13772572725807503,
                  -0.16061979240044807,
                  36.93583488675486
                ]
              ],
              "params": [
                "log_kappa",
                "log_kdeg",
                "log_fmod_0"
              ]
            },
            "ndata": 7,
            "nfree": 4,
            "r2": 0.9973514134948874,
            "reduced_chisq": 6.570706989687337e-07,
            "status": "completed",
            "success": true,
            "time_max": 34890.0,
            "time_min": 0.0
          },
          "nt_id": 809,
          "params": {
            "fmod0": 0.00013016698933030873,
            "kdeg": 0.00028638851180505656,
            "kobs": 0.03445272411737439,
            "log_fmod0": -8.946692398505713,
            "log_fmod0_err": 6.07748590181457,
            "log_kdeg": -8.15816123609482,
            "log_kdeg_err": 0.06554506192774319,
            "log_kobs": -3.368167210124039,
            "log_kobs_err": 0.02633568845744074,
            "metadata": {
              "base": "A",
              "fmod_run_ids": [
                37,
                38,
                39,
                40,
                41,
                42,
                43
              ],
              "site": 115,
              "valtype": "modrate"
            }
          },
          "valtype": "modrate"
        },
        {
          "diagnostics": {
            "chisq": 6.862933333333334e-08,
            "ndata": 7,
            "nfree": 4,
            "r2": 0.38876462440316983,
            "reduced_chisq": 1.7157333333333335e-08,
            "status": "completed",
            "success": true,
            "time_max": 34890.0,
            "time_min": 0.0
          },
          "nt_id": 810,
          "params": {
            "fmod0": 0.0005350000001254155,
            "kdeg": 8565793670116.529,
            "kobs": 0.00022569213322170878,
            "log_fmod0": -7.533243810833846,
            "log_kdeg": 29.778797907756744,
            "log_kobs": -8.396338729769463,
            "metadata": {
              "base": "G",
              "fmod_run_ids": [
                37,
                38,
                39,
                40,
                41,
                42,
                43
              ],
              "site": 116,
              "valtype": "modrate"
            }
          },
          "valtype": "modrate"
        },
        {
          "diagnostics": {
            "chisq": 4.631533333333336e-08,
            "ndata": 7,
            "nfree": 4,
            "r2": 0.4270031753886756,
            "reduced_chisq": 1.157883333333334e-08,
            "status": "completed",
            "success": true,
            "time_max": 34890.0,
            "time_min": 0.0
          },
          "nt_id": 811,
          "params": {
            "fmod0": 0.00023900000001737064,
            "kdeg": 5.613109948932506e+46,
            "kobs": 0.00020068680316799684,
            "log_fmod0": -8.339047005960083,
            "log_kdeg": 107.6440192017595,
            "log_kobs": -8.513765058344815,
            "metadata": {
              "base": "G",
              "fmod_run_ids": [
                37,
                38,
                39,
                40,
                41,
                42,
                43
              ],
              "site": 117,
              "valtype": "modrate"
            }
          },
          "valtype": "modrate"
        },
        {
          "diagnostics": {
            "chisq": 1.3613656608179176e-07,
            "covariance": {
              "matrix": [
                [
                  0.7473155341968515,
                  -0.16660675615623394,
                  -0.2392442228356102
                ],
                [
                  -0.16660675615623394,
                  5.368892608012276,
                  -0.4526648221406387
                ],
                [
                  -0.2392442228356102,
                  -0.4526648221406387,
                  0.1507165276950962
                ]
              ],
              "params": [
                "log_kappa",
                "log_kdeg",
                "log_fmod_0"
              ]
            },
            "ndata": 7,
            "nfree": 4,
            "r2": 0.2520743827385683,
            "reduced_chisq": 3.403414152044794e-08,
            "status": "completed",
            "success": true,
            "time_max": 34890.0,
            "time_min": 0.0
          },
          "nt_id": 812,
          "params": {
            "fmod0": 0.0004315574531637317,
            "kdeg": 0.00014286779547872965,
            "kobs": 0.00022824342196573125,
            "log_fmod0": -7.748109908763625,
            "log_fmod0_err": 0.3882222658414844,
            "log_kdeg": -8.853590862466424,
            "log_kdeg_err": 2.31708709547403,
            "log_kobs": -8.38509785833173,
            "log_kobs_err": 0.864474137378818,
            "metadata": {
              "base": "G",
              "fmod_run_ids": [
                37,
                38,
                39,
                40,
                41,
                42,
                43
              ],
              "site": 118,
              "valtype": "modrate"
            }
          },
          "valtype": "modrate"
        },
        {
          "diagnostics": {
            "chisq": 1.562855247797901e-08,
            "covariance": {
              "matrix": [
                [
                  0.029992098041625486,
                  0.006690092371748382,
                  -0.02239416617109466
                ],
                [
                  0.006690092371748382,
                  0.1997303580346659,
                  -0.023085511936064444
                ],
                [
                  -0.02239416617109466,
                  -0.023085511936064444,
                  0.021504551753812242
                ]
              ],
              "params": [
                "log_kappa",
                "log_kdeg",
                "log_fmod_0"
              ]
            },
            "ndata": 7,
            "nfree": 4,
            "r2": 0.8936293558580222,
            "reduced_chisq": 3.907138119494753e-09,
            "status": "completed",
            "success": true,
            "time_max": 34890.0,
            "time_min": 0.0
          },
          "nt_id": 813,
          "params": {
            "fmod0": 0.00042209440507685067,
            "kdeg": 0.0003783358442045028,
            "kobs": 0.0003937042148972928,
            "log_fmod0": -7.770281560234409,
            "log_fmod0_err": 0.14664430351640748,
            "log_kdeg": -7.879728280075019,
            "log_kdeg_err": 0.44691202493853965,
            "log_kobs": -7.839910654211354,
            "log_kobs_err": 0.17318226826562091,
            "metadata": {
              "base": "G",
              "fmod_run_ids": [
                37,
                38,
                39,
                40,
                41,
                42,
                43
              ],
              "site": 119,
              "valtype": "modrate"
            }
          },
          "valtype": "modrate"
        },
        {
          "diagnostics": {
            "chisq": 8.964151477790918e-08,
            "covariance": {
              "matrix": [
                [
                  9.254249292739624,
                  -12.905472734439549,
                  0.14012938963137841
                ],
                [
                  -12.905472734439549,
                  18.299830188805064,
                  -0.23028519071871323
                ],
                [
                  0.14012938963137841,
                  -0.23028519071871323,
                  0.008135734237008616
                ]
              ],
              "params": [
                "log_kappa",
                "log_kdeg",
                "log_fmod_0"
              ]
            },
            "ndata": 7,
            "nfree": 4,
            "r2": 0.6204204150664415,
            "reduced_chisq": 2.2410378694477296e-08,
            "status": "completed",
            "success": true,
            "time_max": 34890.0,
            "time_min": 0.0
          },
          "nt_id": 814,
          "params": {
            "fmod0": 0.0012665992345961845,
            "kdeg": 1.9695159725805875e-05,
            "kobs": 0.0008412259347519508,
            "log_fmod0": -6.671419738180102,
            "log_fmod0_err": 0.09019830506727172,
            "log_kdeg": -10.835137651606995,
            "log_kdeg_err": 4.277830079468452,
            "log_kobs": -7.0806502839500824,
            "log_kobs_err": 3.042079764361813,
            "metadata": {
              "base": "U",
              "fmod_run_ids": [
                37,
                38,
                39,
                40,
                41,
                42,
                43
              ],
              "site": 120,
              "valtype": "modrate"
            }
          },
          "valtype": "modrate"
        },
        {
          "diagnostics": {
            "chisq": 8.30988591785593e-07,
            "covariance": {
              "matrix": [
                [
                  0.012294887910601765,
                  0.002657066571908192,
                  -0.04437357217376516
                ],
                [
                  0.002657066571908192,
                  0.07772984958894007,
                  -0.05510142819437719
                ],
                [
                  -0.04437357217376516,
                  -0.05510142819437719,
                  0.22051368345425879
                ]
              ],
              "params": [
                "log_kappa",
                "log_kdeg",
                "log_fmod_0"
              ]
            },
            "ndata": 7,
            "nfree": 4,
            "r2": 0.9536603058090639,
            "reduced_chisq": 2.0774714794639824e-07,
            "status": "completed",
            "success": true,
            "time_max": 34890.0,
            "time_min": 0.0
          },
          "nt_id": 815,
          "params": {
            "fmod0": 0.0009409476038728816,
            "kdeg": 0.0002659318442195812,
            "kobs": 0.0044467865930980345,
            "log_fmod0": -6.968623101254469,
            "log_fmod0_err": 0.4695888451126781,
            "log_kdeg": -8.232270506752158,
            "log_kdeg_err": 0.278800734555955,
            "log_kobs": -5.415573557564375,
            "log_kobs_err": 0.11088231559000634,
            "metadata": {
              "base": "C",
              "fmod_run_ids": [
                37,
                38,
                39,
                40,
                41,
                42,
                43
              ],
              "site": 121,
              "valtype": "modrate"
            }
          },
          "valtype": "modrate"
        },
        {
          "diagnostics": {
            "chisq": 1.5504925987294532e-06,
            "covariance": {
              "matrix": [
                [
                  0.0009851669629701932,
                  0.00019725539391286594,
                  -0.025510529950952834
                ],
                [
                  0.00019725539391286594,
                  0.006128279063570433,
                  -0.03187192866835239
                ],
                [
                  -0.025510529950952834,
                  -0.03187192866835239,
                  0.9185964265908699
                ]
              ],
              "params": [
                "log_kappa",
                "log_kdeg",
                "log_fmod_0"
              ]
            },
            "ndata": 7,
            "nfree": 4,
            "r2": 0.9961881959099597,
            "reduced_chisq": 3.876231496823633e-07,
            "status": "completed",
            "success": true,
            "time_max": 34890.0,
            "time_min": 0.0
          },
          "nt_id": 816,
          "params": {
            "fmod0": 0.0006280719715006585,
            "kdeg": 0.00025534832845013663,
            "kobs": 0.021815033662802102,
            "log_fmod0": -7.372855793762235,
            "log_fmod0_err": 0.9584343621713852,
            "log_kdeg": -8.27288195100469,
            "log_kdeg_err": 0.07828332557812318,
            "log_kobs": -3.825155929304289,
            "log_kobs_err": 0.03138736948153179,
            "metadata": {
              "base": "A",
              "fmod_run_ids": [
                37,
                38,
                39,
                40,
                41,
                42,
                43
              ],
              "site": 122,
              "valtype": "modrate"
            }
          },
          "valtype": "modrate"
        },
        {
          "diagnostics": {
            "chisq": 1.911342945328057e-06,
            "covariance": {
              "matrix": [
                [
                  0.005807286572396302,
                  0.0013228814052752337,
                  -0.13579252357347496
                ],
                [
                  0.0013228814052752337,
                  0.03688916429807414,
                  -0.15809902871143372
                ],
                [
                  -0.13579252357347496,
                  -0.15809902871143372,
                  4.252066837174851
                ]
              ],
              "params": [
                "log_kappa",
                "log_kdeg",
                "log_fmod_0"
              ]
            },
            "ndata": 7,
            "nfree": 4,
            "r2": 0.9777077094707755,
            "reduced_chisq": 4.778357363320143e-07,
            "status": "completed",
            "success": true,
            "time_max": 34890.0,
            "time_min": 0.0
          },
          "nt_id": 817,
          "params": {
            "fmod0": 0.00032790194104625857,
            "kdeg": 0.0002994081086373283,
            "kobs": 0.009914848046106898,
            "log_fmod0": -8.022795954502469,
            "log_fmod0_err": 2.0620540335245465,
            "log_kdeg": -8.113703003388474,
            "log_kdeg_err": 0.19206552084659584,
            "log_kobs": -4.613721842785215,
            "log_kobs_err": 0.07620555473452248,
            "metadata": {
              "base": "A",
              "fmod_run_ids": [
                37,
                38,
                39,
                40,
                41,
                42,
                43
              ],
              "site": 123,
              "valtype": "modrate"
            }
          },
          "valtype": "modrate"
        },
        {
          "diagnostics": {
            "chisq": 7.537856500693444e-07,
            "covariance": {
              "matrix": [
                [
                  0.0003525891187221426,
                  7.550036547131323e-05,
                  -0.007273248420884201
                ],
                [
                  7.550036547131323e-05,
                  0.002196354593108938,
                  -0.008642245845947093
                ],
                [
                  -0.007273248420884201,
                  -0.008642245845947093,
                  0.20372561425379745
                ]
              ],
              "params": [
                "log_kappa",
                "log_kdeg",
                "log_fmod_0"
              ]
            },
            "ndata": 7,
            "nfree": 4,
            "r2": 0.998639092873853,
            "reduced_chisq": 1.884464125173361e-07,
            "status": "completed",
            "success": true,
            "time_max": 34890.0,
            "time_min": 0.0
          },
          "nt_id": 818,
          "params": {
            "fmod0": 0.0009368691548111863,
            "kdeg": 0.0002802011979902978,
            "kobs": 0.02561964546745669,
            "log_fmod0": -6.972966928154294,
            "log_fmod0_err": 0.4513597392920612,
            "log_kdeg": -8.180002648587646,
            "log_kdeg_err": 0.046865281318999225,
            "log_kobs": -3.664395820725741,
            "log_kobs_err": 0.01877735654244608,
            "metadata": {
              "base": "C",
              "fmod_run_ids": [
                37,
                38,
                39,
                40,
                41,
                42,
                43
