{
  "artifacts": {},
  "engine": "python_baseline",
  "engine_version": "0.1.0",
  "metadata": {
    "analyst": "demo_user",
    "buffer_pH": 6.5,
    "fmod_run_id": 515,
    "notes": "Baseline python engine demo using examples/nerd.sqlite",
    "rg_id": 16,
    "rg_label": "60_1",
    "rounds_requested": [
      "round1_free",
      "round2_global",
      "round3_constrained"
    ],
    "temperature_c": 60.0,
    "valtypes": [
      "modrate",
      "GAmodrate"
    ]
  },
  "rounds": [
    {
      "global_params": {},
      "notes": null,
      "per_nt": [
        {
          "diagnostics": {
            "reason": "Non-zero fmod values are required for a fit.",
            "status": "failed"
          },
          "nt_id": 390,
          "params": {},
          "valtype": "modrate"
        },
        {
          "diagnostics": {
            "reason": "Non-zero fmod values are required for a fit.",
            "status": "failed"
          },
          "nt_id": 391,
          "params": {},
          "valtype": "modrate"
        },
        {
          "diagnostics": {
            "reason": "Non-zero fmod values are required for a fit.",
            "status": "failed"
          },
          "nt_id": 392,
          "params": {},
          "valtype": "modrate"
        },
        {
          "diagnostics": {
            "reason": "Non-zero fmod values are required for a fit.",
            "status": "failed"
          },
          "nt_id": 393,
          "params": {},
          "valtype": "modrate"
        },
        {
          "diagnostics": {
            "chisq": 2.1119955050056597e-07,
            "covariance": {
              "matrix": [
                [
                  0.03744812908349202,
                  0.008645241128001229,
                  -0.07983305629013702
                ],
                [
                  0.008645241128001229,
                  0.20150648128783938,
                  -0.08502574423225469
                ],
                [
                  -0.07983305629013702,
                  -0.08502574423225469,
                  0.22570514057478197
                ]
              ],
              "params": [
                "log_kappa",
                "log_kdeg",
                "log_fmod_0"
              ]
            },
            "ndata": 7,
            "nfree": 4,
            "r2": 0.8709931927905459,
            "reduced_chisq": 5.279988762514149e-08,
            "status": "completed",
            "success": true,
            "time_max": 540.0,
            "time_min": 0.0
          },
          "nt_id": 394,
          "params": {
            "fmod0": 0.00047602976973629184,
            "kdeg": 0.02505383184246647,
            "kobs": 0.0013047062157790382,
            "log_fmod0": -7.650030164225692,
            "log_fmod0_err": 0.475084351010199,
            "log_kdeg": -3.686728495386506,
            "log_kdeg_err": 0.44889473296958987,
            "log_kobs": -6.641777385559643,
            "log_kobs_err": 0.19351519083392915,
            "metadata": {
              "base": "U",
              "fmod_run_ids": [
                509,
                510,
                511,
                512,
                513,
                514,
                515
              ],
              "site": 5,
              "valtype": "modrate"
            }
          },
          "valtype": "modrate"
        },
        {
          "diagnostics": {
            "chisq": 5.655328333333334e-07,
            "ndata": 7,
            "nfree": 4,
            "r2": 0.8753142527288535,
            "reduced_chisq": 1.4138320833333336e-07,
            "status": "completed",
            "success": true,
            "time_max": 540.0,
            "time_min": 0.0
          },
          "nt_id": 395,
          "params": {
            "fmod0": 0.0003000000000030441,
            "kdeg": 1.851597246287031,
            "kobs": 0.002154485905539286,
            "log_fmod0": -8.111728083297926,
            "log_kdeg": 0.616048642966609,
            "log_kobs": -6.1402031428006145,
            "metadata": {
              "base": "G",
              "fmod_run_ids": [
                509,
                510,
                511,
                512,
                513,
                514,
                515
              ],
              "site": 6,
              "valtype": "modrate"
            }
          },
          "valtype": "modrate"
        },
        {
          "diagnostics": {
            "chisq": 2.2957576242427966e-06,
            "covariance": {
              "matrix": [
                [
                  0.0005729717672570924,
                  -2.1949218016490934e-05,
                  -0.44861921002725863
                ],
                [
                  -2.1949218016490934e-05,
                  0.004014652924848199,
                  -0.9027132254411423
                ],
                [
                  -0.44861921002725863,
                  -0.9027132254411423,
                  681.1289783941852
                ]
              ],
              "params": [
                "log_kappa",
                "log_kdeg",
                "log_fmod_0"
              ]
            },
            "ndata": 7,
            "nfree": 4,
            "r2": 0.9977965896178255,
            "reduced_chisq": 5.739394060606992e-07,
            "status": "completed",
            "success": true,
            "time_max": 540.0,
            "time_min": 0.0
          },
          "nt_id": 396,
          "params": {
            "fmod0": 2.6241574674185017e-05,
            "kdeg": 0.01026682903257354,
            "kobs": 0.034647471907973966,
            "log_fmod0": -10.548165585239817,
            "log_fmod0_err": 26.098447815802864,
            "log_kdeg": -4.578837062934713,
            "log_kdeg_err": 0.06336128885090801,
            "log_kobs": -3.3625305168168262,
            "log_kobs_err": 0.0239368286800297,
            "metadata": {
              "base": "A",
              "fmod_run_ids": [
                509,
                510,
                511,
                512,
                513,
                514,
                515
              ],
              "site": 7,
              "valtype": "modrate"
            }
          },
          "valtype": "modrate"
        },
        {
          "diagnostics": {
            "chisq": 2.2386364482008316e-06,
            "covariance": {
              "matrix": [
                [
                  0.0005089778281804315,
                  4.304605580698694e-06,
                  -0.028916586581602052
                ],
                [
                  4.304605580698694e-06,
                  0.003481818649326192,
                  -0.056083719690364624
                ],
                [
                  -0.028916586581602052,
                  -0.056083719690364624,
                  3.069206313206764
                ]
              ],
              "params": [
                "log_kappa",
                "log_kdeg",
                "log_fmod_0"
              ]
            },
            "ndata": 7,
            "nfree": 4,
            "r2": 0.9980455685872407,
            "reduced_chisq": 5.596591120502079e-07,
            "status": "completed",
            "success": true,
            "time_max": 540.0,
            "time_min": 0.0
          },
          "nt_id": 397,
          "params": {
            "fmod0": 0.00038807166499871737,
            "kdeg": 0.010639749999917803,
            "kobs": 0.03636467571830828,
            "log_fmod0": -7.85432053179167,
            "log_fmod0_err": 1.7519150416634832,
            "log_kdeg": -4.543158291593007,
            "log_kdeg_err": 0.0590069372983058,
            "log_kobs": -3.314157422827513,
            "log_kobs_err": 0.02256053696569369,
            "metadata": {
              "base": "A",
              "fmod_run_ids": [
                509,
                510,
                511,
                512,
                513,
                514,
                515
              ],
              "site": 8,
              "valtype": "modrate"
            }
          },
          "valtype": "modrate"
        },
        {
          "diagnostics": {
            "chisq": 7.038706320291083e-06,
            "covariance": {
              "matrix": [
                [
                  0.0010516134013013416,
                  0.0001459328383202399,
                  -0.07719447751774504
                ],
                [
                  0.0001459328383202399,
                  0.00657641460859444,
                  -0.13161737067345966
                ],
                [
                  -0.07719447751774504,
                  -0.13161737067345966,
                  9.474907636419788
                ]
              ],
              "params": [
                "log_kappa",
                "log_kdeg",
                "log_fmod_0"
              ]
            },
            "ndata": 7,
            "nfree": 4,
            "r2": 0.9960226248901402,
            "reduced_chisq": 1.7596765800727707e-06,
            "status": "completed",
            "success": true,
            "time_max": 540.0,
            "time_min": 0.0
          },
          "nt_id": 398,
          "params": {
            "fmod0": 0.00039902219710976787,
            "kdeg": 0.012162227771014503,
            "kobs": 0.045457626347071074,
            "log_fmod0": -7.82649351076775,
            "log_fmod0_err": 3.0781337911825384,
            "log_kdeg": -4.409420214370909,
            "log_kdeg_err": 0.08109509608228133,
            "log_kobs": -3.090974676019688,
            "log_kobs_err": 0.03242858925857463,
            "metadata": {
              "base": "C",
              "fmod_run_ids": [
                509,
                510,
                511,
                512,
                513,
                514,
                515
              ],
              "site": 9,
              "valtype": "modrate"
            }
          },
          "valtype": "modrate"
        },
        {
          "diagnostics": {
            "chisq": 9.062772472143466e-08,
            "covariance": {
              "matrix": [
                [
                  0.11375514764372394,
                  0.03227820361377111,
                  -0.05508097297776199
                ],
                [
                  0.03227820361377111,
                  0.6232275502990358,
                  -0.0709766369530926
                ],
                [
                  -0.05508097297776199,
                  -0.0709766369530926,
                  0.037377452511303984
                ]
              ],
              "params": [
                "log_kappa",
                "log_kdeg",
                "log_fmod_0"
              ]
            },
            "ndata": 7,
            "nfree": 4,
            "r2": 0.6905443070888441,
            "reduced_chisq": 2.2656931180358666e-08,
            "status": "completed",
            "success": true,
            "time_max": 540.0,
            "time_min": 0.0
          },
          "nt_id": 399,
          "params": {
            "fmod0": 0.0007523283592937845,
            "kdeg": 0.018778474444806785,
            "kobs": 0.00048427697749863646,
            "log_fmod0": -7.192337681320375,
            "log_fmod0_err": 0.1933324921251055,
            "log_kdeg": -3.9750440414724815,
            "log_kdeg_err": 0.7894476235311851,
            "log_kobs": -7.632853547371112,
            "log_kobs_err": 0.337276070369251,
            "metadata": {
              "base": "U",
              "fmod_run_ids": [
                509,
                510,
                511,
                512,
                513,
                514,
                515
              ],
              "site": 10,
              "valtype": "modrate"
            }
          },
          "valtype": "modrate"
        },
        {
          "diagnostics": {
            "chisq": 5.149886366997746e-08,
            "covariance": {
              "matrix": [
                [
                  0.03279385397458589,
                  0.008510233079869346,
                  -0.02360578767606931
                ],
                [
                  0.008510233079869346,
                  0.17587588396170925,
                  -0.027100857318442962
                ],
                [
                  -0.02360578767606931,
                  -0.027100857318442962,
                  0.022951155704603453
                ]
              ],
              "params": [
                "log_kappa",
                "log_kdeg",
                "log_fmod_0"
              ]
            },
            "ndata": 7,
            "nfree": 4,
            "r2": 0.8853918807687331,
            "reduced_chisq": 1.2874715917494365e-08,
            "status": "completed",
            "success": true,
            "time_max": 540.0,
            "time_min": 0.0
          },
          "nt_id": 400,
          "params": {
            "fmod0": 0.0007326916696165654,
            "kdeg": 0.0223873559191957,
            "kobs": 0.0006853970379293075,
            "log_fmod0": -7.218785586295819,
            "log_fmod0_err": 0.15149638842098995,
            "log_kdeg": -3.7992589473861695,
            "log_kdeg_err": 0.41937558818046294,
            "log_kobs": -7.285512270200295,
            "log_kobs_err": 0.1810907340936744,
            "metadata": {
              "base": "U",
              "fmod_run_ids": [
                509,
                510,
                511,
                512,
                513,
                514,
                515
              ],
              "site": 11,
              "valtype": "modrate"
            }
          },
          "valtype": "modrate"
        },
        {
          "diagnostics": {
            "chisq": 1.1456083331510655e-07,
            "covariance": {
              "matrix": [
                [
                  0.027749754674527234,
                  0.007787564537168208,
                  -0.0264951990131101
                ],
                [
                  0.007787564537168208,
                  0.1508419591548293,
                  -0.03327678028737986
                ],
                [
                  -0.0264951990131101,
                  -0.03327678028737986,
                  0.035132087955849524
                ]
              ],
              "params": [
                "log_kappa",
                "log_kdeg",
                "log_fmod_0"
              ]
            },
            "ndata": 7,
            "nfree": 4,
            "r2": 0.9014951963773233,
            "reduced_chisq": 2.8640208328776636e-08,
            "status": "completed",
            "success": true,
            "time_max": 540.0,
            "time_min": 0.0
          },
          "nt_id": 401,
          "params": {
            "fmod0": 0.0008750852205551589,
            "kdeg": 0.019508125299367973,
            "kobs": 0.001105190531245256,
            "log_fmod0": -7.041189281429055,
            "log_fmod0_err": 0.18743555680779866,
            "log_kdeg": -3.93692421818141,
            "log_kdeg_err": 0.38838377818187686,
            "log_kobs": -6.807737532409861,
            "log_kobs_err": 0.16658257614326666,
            "metadata": {
              "base": "U",
              "fmod_run_ids": [
                509,
                510,
                511,
                512,
                513,
                514,
                515
              ],
              "site": 12,
              "valtype": "modrate"
            }
          },
          "valtype": "modrate"
        },
        {
          "diagnostics": {
            "chisq": 7.576768419577733e-08,
            "covariance": {
              "matrix": [
                [
                  0.017433552435266158,
                  0.004549952877345822,
                  -0.03270565463624185
                ],
                [
                  0.004549952877345822,
                  0.09348584437808308,
                  -0.037738263355145574
                ],
                [
                  -0.03270565463624185,
                  -0.037738263355145574,
                  0.08299662810034225
                ]
              ],
              "params": [
                "log_kappa",
                "log_kdeg",
                "log_fmod_0"
              ]
            },
            "ndata": 7,
            "nfree": 4,
            "r2": 0.9356551609355065,
            "reduced_chisq": 1.8941921048944333e-08,
            "status": "completed",
            "success": true,
            "time_max": 540.0,
            "time_min": 0.0
          },
          "nt_id": 402,
          "params": {
            "fmod0": 0.00046712017138514415,
            "kdeg": 0.02220166960717278,
            "kobs": 0.0011403941389157837,
            "log_fmod0": -7.668924007091594,
            "log_fmod0_err": 0.28809135374103517,
            "log_kdeg": -3.8075877854015423,
            "log_kdeg_err": 0.3057545492353026,
            "log_kobs": -6.776381340437576,
            "log_kobs_err": 0.13203617850902138,
            "metadata": {
              "base": "U",
              "fmod_run_ids": [
                509,
                510,
                511,
                512,
                513,
                514,
                515
              ],
              "site": 13,
              "valtype": "modrate"
            }
          },
          "valtype": "modrate"
        },
        {
          "diagnostics": {
            "chisq": 1.2922712857609768e-05,
            "covariance": {
              "matrix": [
                [
                  3.6978961312414433e+18,
                  -3.620691500464526e+18,
                  -17688381.947955105
                ],
                [
                  -3.620691500464526e+18,
                  3.5608606004195784e+18,
                  -6928949.689118785
                ],
                [
                  -17688381.947955105,
                  -6928949.689118785,
                  0.0723891117224333
                ]
              ],
              "params": [
                "log_kappa",
                "log_kdeg",
                "log_fmod_0"
              ]
            },
            "ndata": 7,
            "nfree": 4,
            "r2": -3.6131098113401094e-11,
            "reduced_chisq": 3.230678214402442e-06,
            "status": "completed",
            "success": true,
            "time_max": 540.0,
            "time_min": 0.0
          },
          "nt_id": 403,
          "params": {
            "fmod0": 0.0036311428683712343,
            "kdeg": 5.655747736190841e-10,
            "kobs": 2.493516826482437e-06,
            "log_fmod0": -5.618207840485328,
            "log_fmod0_err": 0.26905224719825943,
            "log_kdeg": -21.293178603438644,
            "log_kdeg_err": 1887024271.2852366,
            "log_kobs": -12.901816463844868,
            "log_kobs_err": 1922991453.7619357,
            "metadata": {
              "base": "G",
              "fmod_run_ids": [
                509,
                510,
                511,
                512,
                513,
                514,
                515
              ],
              "site": 14,
              "valtype": "modrate"
            }
          },
          "valtype": "modrate"
        },
        {
          "diagnostics": {
            "chisq": 1.0342457895239905e-05,
            "covariance": {
              "matrix": [
                [
                  0.0023462922526750127,
                  -0.0006520351796843816,
                  -0.03653463626218794
                ],
                [
                  -0.0006520351796843816,
                  0.017873255637430037,
                  -0.08578149664993134
                ],
                [
                  -0.03653463626218794,
                  -0.08578149664993134,
                  1.331826855854565
                ]
              ],
              "params": [
                "log_kappa",
                "log_kdeg",
                "log_fmod_0"
              ]
            },
            "ndata": 7,
            "nfree": 4,
            "r2": 0.9911405791625449,
            "reduced_chisq": 2.5856144738099763e-06,
            "status": "completed",
            "success": true,
            "time_max": 540.0,
            "time_min": 0.0
          },
          "nt_id": 404,
          "params": {
            "fmod0": 0.0012335318153768174,
            "kdeg": 0.008918044540102733,
            "kobs": 0.036688521816807804,
            "log_fmod0": -6.697873829561526,
            "log_fmod0_err": 1.1540480301333065,
            "log_kdeg": -4.719678578384443,
            "log_kdeg_err": 0.13369089586591165,
            "log_kobs": -3.305291329875504,
            "log_kobs_err": 0.04843854098416892,
            "metadata": {
              "base": "A",
              "fmod_run_ids": [
                509,
                510,
                511,
                512,
                513,
                514,
                515
              ],
              "site": 15,
              "valtype": "modrate"
            }
          },
          "valtype": "modrate"
        },
        {
          "diagnostics": {
            "chisq": 5.090987346818741e-06,
            "covariance": {
              "matrix": [
                [
                  0.001521467011249314,
                  -0.0003641908406552925,
                  -0.030946621206057196
                ],
                [
                  -0.0003641908406552925,
                  0.011514062293036597,
                  -0.07126045129395818
                ],
                [
                  -0.030946621206057196,
                  -0.07126045129395818,
                  1.4303945293451363
                ]
              ],
              "params": [
                "log_kappa",
                "log_kdeg",
                "log_fmod_0"
              ]
            },
            "ndata": 7,
            "nfree": 4,
            "r2": 0.994192521389395,
            "reduced_chisq": 1.2727468367046852e-06,
            "status": "completed",
            "success": true,
            "time_max": 540.0,
            "time_min": 0.0
          },
          "nt_id": 405,
          "params": {
            "fmod0": 0.0008372623258480024,
            "kdeg": 0.009096368725922564,
            "kobs": 0.03173931308359873,
            "log_fmod0": -7.0853731245733,
            "log_fmod0_err": 1.1959910239400362,
            "log_kdeg": -4.699879986204833,
            "log_kdeg_err": 0.10730359869564765,
            "log_kobs": -3.450199206096681,
            "log_kobs_err": 0.03900598686418937,
            "metadata": {
              "base": "A",
              "fmod_run_ids": [
                509,
                510,
                511,
                512,
                513,
                514,
                515
              ],
              "site": 16,
              "valtype": "modrate"
            }
          },
          "valtype": "modrate"
        },
        {
          "diagnostics": {
            "chisq": 3.595413902880694e-08,
            "covariance": {
              "matrix": [
                [
                  0.007589254330432331,
                  0.0021079127240158,
                  -0.014718600802057643
                ],
                [
                  0.0021079127240158,
                  0.04107591277113064,
                  -0.018161620554738616
                ],
                [
                  -0.014718600802057643,
                  -0.018161620554738616,
                  0.03940558340341547
                ]
              ],
              "params": [
                "log_kappa",
                "log_kdeg",
                "log_fmod_0"
              ]
            },
            "ndata": 7,
            "nfree": 4,
            "r2": 0.9709788884387334,
            "reduced_chisq": 8.988534757201736e-09,
            "status": "completed",
            "success": true,
            "time_max": 540.0,
            "time_min": 0.0
          },
          "nt_id": 406,
          "params": {
            "fmod0": 0.00046381029024374006,
            "kdeg": 0.020040053320341263,
            "kobs": 0.001185524659848864,
            "log_fmod0": -7.676034946576245,
            "log_fmod0_err": 0.19850839630457817,
            "log_kdeg": -3.910022342073341,
            "log_kdeg_err": 0.20267193385155882,
            "log_kobs": -6.737569851453002,
            "log_kobs_err": 0.08711632642870297,
            "metadata": {
              "base": "U",
              "fmod_run_ids": [
                509,
                510,
                511,
                512,
                513,
                514,
                515
              ],
              "site": 17,
              "valtype": "modrate"
            }
          },
          "valtype": "modrate"
        },
        {
          "diagnostics": {
            "chisq": 4.87172293189929e-07,
            "covariance": {
              "matrix": [
                [
                  0.00013291472404897104,
                  1.1776952854841972e-05,
                  -0.0032514981224151442
                ],
                [
                  1.1776952854841972e-05,
                  0.0008730765966551165,
                  -0.005914186656197562
                ],
                [
                  -0.0032514981224151442,
                  -0.005914186656197562,
                  0.1395077823449757
                ]
              ],
              "params": [
                "log_kappa",
                "log_kdeg",
                "log_fmod_0"
              ]
            },
            "ndata": 7,
            "nfree": 4,
            "r2": 0.9994877069928293,
            "reduced_chisq": 1.2179307329748224e-07,
            "status": "completed",
            "success": true,
            "time_max": 540.0,
            "time_min": 0.0
          },
          "nt_id": 407,
          "params": {
            "fmod0": 0.0008573568762112316,
            "kdeg": 0.011431108390794845,
            "kobs": 0.03312542745378733,
            "log_fmod0": -7.061656301063381,
            "log_fmod0_err": 0.3735074060108791,
            "log_kdeg": -4.471416833803866,
            "log_kdeg_err": 0.02954786957895808,
            "log_kobs": -3.407454090493732,
            "log_kobs_err": 0.011528864820483023,
            "metadata": {
              "base": "A",
              "fmod_run_ids": [
                509,
                510,
                511,
                512,
                513,
                514,
                515
              ],
              "site": 18,
              "valtype": "modrate"
            }
          },
          "valtype": "modrate"
        },
        {
          "diagnostics": {
            "chisq": 8.149250992476267e-08,
            "covariance": {
              "matrix": [
                [
                  0.01051559934045069,
                  0.0009322184281649105,
                  -0.023329150461095433
                ],
                [
                  0.0009322184281649105,
                  0.06423247067734686,
                  -0.019149534659252378
                ],
                [
                  -0.023329150461095433,
                  -0.019149534659252378,
                  0.06578549199630941
                ]
              ],
              "params": [
                "log_kappa",
                "log_kdeg",
                "log_fmod_0"
              ]
            },
            "ndata": 7,
            "nfree": 4,
            "r2": 0.9597430680455253,
            "reduced_chisq": 2.0373127481190666e-08,
            "status": "completed",
            "success": true,
            "time_max": 540.0,
            "time_min": 0.0
          },
          "nt_id": 408,
          "params": {
            "fmod0": 0.0005540302926514293,
            "kdeg": 0.03623947292295763,
            "kobs": 0.0015398937125035484,
            "log_fmod0": -7.498291192835654,
            "log_fmod0_err": 0.25648682616522317,
            "log_kdeg": -3.3176063419816226,
            "log_kdeg_err": 0.25344125685717955,
            "log_kobs": -6.47604188279328,
            "log_kobs_err": 0.10254559639716711,
            "metadata": {
              "base": "G",
              "fmod_run_ids": [
                509,
                510,
                511,
                512,
                513,
                514,
                515
              ],
              "site": 19,
              "valtype": "modrate"
            }
          },
          "valtype": "modrate"
        },
        {
          "diagnostics": {
            "chisq": 2.325193071546157e-07,
            "covariance": {
              "matrix": [
                [
                  0.04966698145564707,
                  -0.0017915049235246573,
                  -0.05944344404835128
                ],
                [
                  -0.0017915049235246573,
                  0.3711230330709943,
                  -0.040659479423195075
                ],
                [
                  -0.05944344404835128,
                  -0.040659479423195075,
                  0.08880642233244845
                ]
              ],
              "params": [
                "log_kappa",
                "log_kdeg",
                "log_fmod_0"
              ]
            },
            "ndata": 7,
            "nfree": 4,
            "r2": 0.8344400449022031,
            "reduced_chisq": 5.8129826788653924e-08,
            "status": "completed",
            "success": true,
            "time_max": 540.0,
            "time_min": 0.0
          },
          "nt_id": 409,
          "params": {
            "fmod0": 0.0008078207274614795,
            "kdeg": 0.045887721250764284,
            "kobs": 0.0011970792125078123,
            "log_fmod0": -7.1211703960140165,
            "log_fmod0_err": 0.2980040642884732,
            "log_kdeg": -3.0815577085796497,
            "log_kdeg_err": 0.6091986811139649,
            "log_kobs": -6.727870678732993,
            "log_kobs_err": 0.22286090158582567,
            "metadata": {
              "base": "U",
              "fmod_run_ids": [
                509,
                510,
                511,
                512,
                513,
                514,
                515
              ],
              "site": 20,
              "valtype": "modrate"
            }
          },
          "valtype": "modrate"
        },
        {
          "diagnostics": {
            "chisq": 1.2222288333599661e-06,
            "ndata": 7,
            "nfree": 4,
            "r2": 0.8782264298247463,
            "reduced_chisq": 3.0555720833999154e-07,
            "status": "completed",
            "success": true,
            "time_max": 540.0,
            "time_min": 0.0
          },
          "nt_id": 410,
          "params": {
            "fmod0": 0.0006060000000447782,
            "kdeg": 0.8548806140362398,
            "kobs": 0.0032119862426476476,
            "log_fmod0": -7.408630571821068,
            "log_kdeg": -0.156793452501083,
            "log_kobs": -5.7408657660177385,
            "metadata": {
              "base": "G",
              "fmod_run_ids": [
                509,
                510,
                511,
                512,
                513,
                514,
                515
              ],
              "site": 21,
              "valtype": "modrate"
            }
          },
          "valtype": "modrate"
        },
        {
          "diagnostics": {
            "chisq": 1.655194683371322e-05,
            "covariance": {
              "matrix": [
                [
                  0.0032873076070698247,
                  -0.0007371137886757483,
                  -0.03530061003976273
                ],
                [
                  -0.0007371137886757483,
                  0.024580864138153878,
                  -0.08004547510531167
                ],
                [
                  -0.03530061003976273,
                  -0.08004547510531167,
                  0.8494134881169132
                ]
              ],
              "params": [
                "log_kappa",
                "log_kdeg",
                "log_fmod_0"
              ]
            },
            "ndata": 7,
            "nfree": 4,
            "r2": 0.9876226794330083,
            "reduced_chisq": 4.137986708428305e-06,
            "status": "completed",
            "success": true,
            "time_max": 540.0,
            "time_min": 0.0
          },
          "nt_id": 411,
          "params": {
            "fmod0": 0.0019626366171021105,
            "kdeg": 0.009164781371480964,
            "kobs": 0.03921729232897579,
            "log_fmod0": -6.233466496920647,
            "log_fmod0_err": 0.9216363101120274,
            "log_kdeg": -4.692387252696114,
            "log_kdeg_err": 0.156782856646235,
            "log_kobs": -3.2386374986141058,
            "log_kobs_err": 0.05733504693527184,
            "metadata": {
              "base": "A",
              "fmod_run_ids": [
                509,
                510,
                511,
                512,
                513,
                514,
                515
              ],
              "site": 22,
              "valtype": "modrate"
            }
          },
          "valtype": "modrate"
        },
        {
          "diagnostics": {
            "chisq": 2.600333486848791e-07,
            "covariance": {
              "matrix": [
                [
                  0.09839109140791329,
                  0.008981460270581712,
                  -0.06087076640111396
                ],
                [
                  0.008981460270581712,
                  0.5994112479041542,
                  -0.05017810168336304
                ],
                [
                  -0.06087076640111396,
                  -0.05017810168336304,
                  0.04788733973381995
                ]
              ],
              "params": [
                "log_kappa",
                "log_kdeg",
                "log_fmod_0"
              ]
            },
            "ndata": 7,
            "nfree": 4,
            "r2": 0.7180314300736133,
            "reduced_chisq": 6.500833717121977e-08,
            "status": "completed",
            "success": true,
            "time_max": 540.0,
            "time_min": 0.0
          },
          "nt_id": 412,
          "params": {
            "fmod0": 0.0011598853783400236,
            "kdeg": 0.03605831188362208,
            "kobs": 0.0008986401215101662,
            "log_fmod0": -6.759434090521911,
            "log_fmod0_err": 0.21883176125466786,
            "log_kdeg": -3.322617876400892,
            "log_kdeg_err": 0.7742165381236403,
            "log_kobs": -7.014627913415348,
            "log_kobs_err": 0.31367354272860387,
            "metadata": {
              "base": "U",
              "fmod_run_ids": [
                509,
                510,
                511,
                512,
                513,
                514,
                515
              ],
              "site": 23,
              "valtype": "modrate"
            }
          },
          "valtype": "modrate"
        },
        {
          "diagnostics": {
            "chisq": 3.865823582440194e-07,
            "covariance": {
              "matrix": [
                [
                  0.07569728248223513,
                  0.005561204483109203,
                  -0.08382158048849106
                ],
                [
                  0.005561204483109203,
                  0.4722596085594001,
                  -0.06719396890607789
                ],
                [
                  -0.08382158048849106,
                  -0.06719396890607789,
                  0.11765011713423355
                ]
              ],
              "params": [
                "log_kappa",
                "log_kdeg",
                "log_fmod_0"
              ]
            },
            "ndata": 7,
            "nfree": 4,
            "r2": 0.7679529927122376,
            "reduced_chisq": 9.664558956100485e-08,
            "status": "completed",
            "success": true,
            "time_max": 540.0,
            "time_min": 0.0
          },
          "nt_id": 413,
          "params": {
            "fmod0": 0.0009028268538442275,
            "kdeg": 0.037417234374214986,
            "kobs": 0.0012499479536536688,
            "log_fmod0": -7.009979768398773,
            "log_fmod0_err": 0.34300162847169335,
            "log_kdeg": -3.2856238685581753,
            "log_kdeg_err": 0.68721147295385,
            "log_kobs": -6.684653365611839,
            "log_kobs_err": 0.2751313913064722,
            "metadata": {
              "base": "U",
              "fmod_run_ids": [
                509,
                510,
                511,
                512,
                513,
                514,
                515
              ],
              "site": 24,
              "valtype": "modrate"
            }
          },
          "valtype": "modrate"
        },
        {
          "diagnostics": {
            "chisq": 1.2574426070763459e-05,
            "covariance": {
              "matrix": [
                [
                  0.001827194224155004,
                  -0.00012009722110096918,
                  -0.030382116108002302
                ],
                [
                  -0.00012009722110096918,
                  0.01280129033652564,
                  -0.0616993019821661
                ],
                [
                  -0.030382116108002302,
                  -0.0616993019821661,
                  0.9972184172619813
                ]
              ],
              "params": [
                "log_kappa",
                "log_kdeg",
                "log_fmod_0"
              ]
            },
            "ndata": 7,
            "nfree": 4,
            "r2": 0.9930922443394751,
            "reduced_chisq": 3.1436065176908647e-06,
            "status": "completed",
            "success": true,
            "time_max": 540.0,
            "time_min": 0.0
          },
          "nt_id": 414,
          "params": {
            "fmod0": 0.0016023489963242533,
            "kdeg": 0.01007798784282386,
            "kobs": 0.04596900501074044,
            "log_fmod0": -6.436284603672249,
            "log_fmod0_err": 0.9986082401332272,
            "log_kdeg": -4.597401655032867,
            "log_kdeg_err": 0.11314278738181079,
            "log_kobs": -3.079787913715396,
            "log_kobs_err": 0.04274569246315942,
            "metadata": {
              "base": "C",
              "fmod_run_ids": [
                509,
                510,
                511,
                512,
                513,
                514,
                515
              ],
              "site": 25,
              "valtype": "modrate"
            }
          },
          "valtype": "modrate"
        },
        {
          "diagnostics": {
            "chisq": 2.0043210952081245e-06,
            "covariance": {
              "matrix": [
                [
                  0.0004599706115917871,
                  -2.7679466979306573e-05,
                  -0.009359940471703366
                ],
                [
                  -2.7679466979306573e-05,
                  0.0032484769821155097,
                  -0.019104198629838084
                ],
                [
                  -0.009359940471703366,
                  -0.019104198629838084,
                  0.37550584434915385
                ]
              ],
              "params": [
                "log_kappa",
                "log_kdeg",
                "log_fmod_0"
              ]
            },
            "ndata": 7,
            "nfree": 4,
            "r2": 0.9982335290460144,
