{
  "artifacts": {},
  "engine": "python_baseline",
  "engine_version": "0.1.0",
  "metadata": {
    "analyst": "demo_user",
    "buffer_pH": 6.5,
    "fmod_run_id": 634,
    "notes": "Baseline python engine demo using examples/nerd.sqlite",
    "rg_id": 26,
    "rg_label": "70_1_A8C",
    "rounds_requested": [
      "round1_free",
      "round2_global",
      "round3_constrained"
    ],
    "temperature_c": 70.0,
    "valtypes": [
      "modrate",
      "GAmodrate"
    ]
  },
  "rounds": [
    {
      "global_params": {},
      "notes": null,
      "per_nt": [
        {
          "diagnostics": {
            "reason": "Non-zero fmod values are required for a fit.",
            "status": "failed"
          },
          "nt_id": 470,
          "params": {},
          "valtype": "modrate"
        },
        {
          "diagnostics": {
            "reason": "Non-zero fmod values are required for a fit.",
            "status": "failed"
          },
          "nt_id": 471,
          "params": {},
          "valtype": "modrate"
        },
        {
          "diagnostics": {
            "reason": "Non-zero fmod values are required for a fit.",
            "status": "failed"
          },
          "nt_id": 472,
          "params": {},
          "valtype": "modrate"
        },
        {
          "diagnostics": {
            "reason": "Non-zero fmod values are required for a fit.",
            "status": "failed"
          },
          "nt_id": 473,
          "params": {},
          "valtype": "modrate"
        },
        {
          "diagnostics": {
            "chisq": 7.69171999273824e-08,
            "covariance": {
              "matrix": [
                [
                  0.017736142547355834,
                  0.0031431899826982364,
                  -0.024858421909205987
                ],
                [
                  0.0031431899826982364,
                  0.09935483840507714,
                  -0.027457132736927736
                ],
                [
                  -0.024858421909205987,
                  -0.027457132736927736,
                  0.047279934962498375
                ]
              ],
              "params": [
                "log_kappa",
                "log_kdeg",
                "log_fmod_0"
              ]
            },
            "ndata": 7,
            "nfree": 4,
            "r2": 0.9341706773889151,
            "reduced_chisq": 1.92292999818456e-08,
            "status": "completed",
            "success": true,
            "time_max": 300.0,
            "time_min": 0.0
          },
          "nt_id": 474,
          "params": {
            "fmod0": 0.0006237213935958737,
            "kdeg": 0.034926081112874104,
            "kobs": 0.0011396400124842425,
            "log_fmod0": -7.379806773920781,
            "log_fmod0_err": 0.21743949724578185,
            "log_kdeg": -3.3545214190462302,
            "log_kdeg_err": 0.3152060253311747,
            "log_kobs": -6.777042844966863,
            "log_kobs_err": 0.13317710969740945,
            "metadata": {
              "base": "U",
              "fmod_run_ids": [
                629,
                630,
                631,
                632,
                633,
                634,
                635
              ],
              "site": 5,
              "valtype": "modrate"
            }
          },
          "valtype": "modrate"
        },
        {
          "diagnostics": {
            "chisq": 3.542817002797793e-09,
            "covariance": {
              "matrix": [
                [
                  0.0015337088227091176,
                  -7.842250131343311e-05,
                  -0.002435092449754909
                ],
                [
                  -7.842250131343311e-05,
                  0.010185849854313691,
                  -0.0045701308159196265
                ],
                [
                  -0.002435092449754909,
                  -0.0045701308159196265,
                  0.007277228981423611
                ]
              ],
              "params": [
                "log_kappa",
                "log_kdeg",
                "log_fmod_0"
              ]
            },
            "ndata": 7,
            "nfree": 4,
            "r2": 0.9939097226437642,
            "reduced_chisq": 8.857042506994483e-10,
            "status": "completed",
            "success": true,
            "time_max": 300.0,
            "time_min": 0.0
          },
          "nt_id": 475,
          "params": {
            "fmod0": 0.0003186048398347318,
            "kdeg": 0.016656465080045455,
            "kobs": 0.0008141804854301893,
            "log_fmod0": -8.05155896965979,
            "log_fmod0_err": 0.08530667606596573,
            "log_kdeg": -4.094956844826116,
            "log_kdeg_err": 0.1009249714110125,
            "log_kobs": -7.113328489966723,
            "log_kobs_err": 0.03916259468816025,
            "metadata": {
              "base": "G",
              "fmod_run_ids": [
                629,
                630,
                631,
                632,
                633,
                634,
                635
              ],
              "site": 6,
              "valtype": "modrate"
            }
          },
          "valtype": "modrate"
        },
        {
          "diagnostics": {
            "chisq": 1.5788693046082205e-06,
            "covariance": {
              "matrix": [
                [
                  0.0005246002925717293,
                  8.377490450702499e-05,
                  -0.014266173689006076
                ],
                [
                  8.377490450702499e-05,
                  0.0028714935828379135,
                  -0.019245019173336302
                ],
                [
                  -0.014266173689006076,
                  -0.019245019173336302,
                  0.5805374735481259
                ]
              ],
              "params": [
                "log_kappa",
                "log_kdeg",
                "log_fmod_0"
              ]
            },
            "ndata": 7,
            "nfree": 4,
            "r2": 0.9979820060907602,
            "reduced_chisq": 3.9471732615205514e-07,
            "status": "completed",
            "success": true,
            "time_max": 300.0,
            "time_min": 0.0
          },
          "nt_id": 476,
          "params": {
            "fmod0": 0.000783469860331139,
            "kdeg": 0.02380746442232568,
            "kobs": 0.0305642426018462,
            "log_fmod0": -7.151777964896446,
            "log_fmod0_err": 0.7619300975470952,
            "log_kdeg": -3.7377561162865343,
            "log_kdeg_err": 0.053586318989439025,
            "log_kobs": -3.487924495725171,
            "log_kobs_err": 0.022904154482794804,
            "metadata": {
              "base": "A",
              "fmod_run_ids": [
                629,
                630,
                631,
                632,
                633,
                634,
                635
              ],
              "site": 7,
              "valtype": "modrate"
            }
          },
          "valtype": "modrate"
        },
        {
          "diagnostics": {
            "chisq": 0.00013991570214230584,
            "covariance": {
              "matrix": [
                [
                  0.011493107864614044,
                  0.0017651660329516452,
                  -0.03084146355769799
                ],
                [
                  0.0017651660329516452,
                  0.06050125219114709,
                  -0.03340404608046574
                ],
                [
                  -0.03084146355769799,
                  -0.03340404608046574,
                  0.11341764062224306
                ]
              ],
              "params": [
                "log_kappa",
                "log_kdeg",
                "log_fmod_0"
              ]
            },
            "ndata": 7,
            "nfree": 4,
            "r2": 0.958974105918658,
            "reduced_chisq": 3.497892553557646e-05,
            "status": "completed",
            "success": true,
            "time_max": 300.0,
            "time_min": 0.0
          },
          "nt_id": 477,
          "params": {
            "fmod0": 0.01713877535580357,
            "kdeg": 0.032719267076280305,
            "kobs": 0.06434722534473122,
            "log_fmod0": -4.066411817851512,
            "log_fmod0_err": 0.3367753563167042,
            "log_kdeg": -3.4197911673676553,
            "log_kdeg_err": 0.24597002295228396,
            "log_kobs": -2.743461464055612,
            "log_kobs_err": 0.10720591338454258,
            "metadata": {
              "base": "C",
              "fmod_run_ids": [
                629,
                630,
                631,
                632,
                633,
                634,
                635
              ],
              "site": 8,
              "valtype": "modrate"
            }
          },
          "valtype": "modrate"
        },
        {
          "diagnostics": {
            "chisq": 1.0571607357213519e-06,
            "covariance": {
              "matrix": [
                [
                  0.0004278612137733382,
                  6.74825923478126e-05,
                  -0.007792275218973936
                ],
                [
                  6.74825923478126e-05,
                  0.0023568197013760592,
                  -0.01064631519823428
                ],
                [
                  -0.007792275218973936,
                  -0.01064631519823428,
                  0.21362099419786162
                ]
              ],
              "params": [
                "log_kappa",
                "log_kdeg",
                "log_fmod_0"
              ]
            },
            "ndata": 7,
            "nfree": 4,
            "r2": 0.9983481166866813,
            "reduced_chisq": 2.6429018393033797e-07,
            "status": "completed",
            "success": true,
            "time_max": 300.0,
            "time_min": 0.0
          },
          "nt_id": 478,
          "params": {
            "fmod0": 0.001055134073222991,
            "kdeg": 0.02345367039846692,
            "kobs": 0.02759177940526474,
            "log_fmod0": -6.854087436504859,
            "log_fmod0_err": 0.4621915124684373,
            "log_kdeg": -3.752728276147369,
            "log_kdeg_err": 0.04854708746542947,
            "log_kobs": -3.590237398259785,
            "log_kobs_err": 0.02068480635087837,
            "metadata": {
              "base": "C",
              "fmod_run_ids": [
                629,
                630,
                631,
                632,
                633,
                634,
                635
              ],
              "site": 9,
              "valtype": "modrate"
            }
          },
          "valtype": "modrate"
        },
        {
          "diagnostics": {
            "chisq": 3.0315410224638374e-08,
            "covariance": {
              "matrix": [
                [
                  0.0315914921349703,
                  0.0011038799465130727,
                  -0.02282687811606624
                ],
                [
                  0.0011038799465130727,
                  0.22658929994670005,
                  -0.01784927664174561
                ],
                [
                  -0.02282687811606624,
                  -0.01784927664174561,
                  0.02075767983643277
                ]
              ],
              "params": [
                "log_kappa",
                "log_kdeg",
                "log_fmod_0"
              ]
            },
            "ndata": 7,
            "nfree": 4,
            "r2": 0.8878749489736507,
            "reduced_chisq": 7.578852556159594e-09,
            "status": "completed",
            "success": true,
            "time_max": 300.0,
            "time_min": 0.0
          },
          "nt_id": 479,
          "params": {
            "fmod0": 0.0006026947261462881,
            "kdeg": 0.06062499338672918,
            "kobs": 0.0005401085274345999,
            "log_fmod0": -7.414099747893039,
            "log_fmod0_err": 0.1440752575442181,
            "log_kdeg": -2.8030480388093753,
            "log_kdeg_err": 0.4760139703272374,
            "log_kobs": -7.523740461868331,
            "log_kobs_err": 0.1777399564953539,
            "metadata": {
              "base": "U",
              "fmod_run_ids": [
                629,
                630,
                631,
                632,
                633,
                634,
                635
              ],
              "site": 10,
              "valtype": "modrate"
            }
          },
          "valtype": "modrate"
        },
        {
          "diagnostics": {
            "chisq": 1.20684686786369e-08,
            "covariance": {
              "matrix": [
                [
                  0.007450720032536743,
                  -0.0005989022248807828,
                  -0.00548328508216164
                ],
                [
                  -0.0005989022248807828,
                  0.06739069654228846,
                  -0.0035107144591306903
                ],
                [
                  -0.00548328508216164,
                  -0.0035107144591306903,
                  0.004979418077485527
                ]
              ],
              "params": [
                "log_kappa",
                "log_kdeg",
                "log_fmod_0"
              ]
            },
            "ndata": 7,
            "nfree": 4,
            "r2": 0.9710973254019797,
            "reduced_chisq": 3.017117169659225e-09,
            "status": "completed",
            "success": true,
            "time_max": 300.0,
            "time_min": 0.0
          },
          "nt_id": 480,
          "params": {
            "fmod0": 0.0007779185211753337,
            "kdeg": 0.07712833793114712,
            "kobs": 0.0007016589526326015,
            "log_fmod0": -7.158888767836711,
            "log_fmod0_err": 0.0705649918690956,
            "log_kdeg": -2.5622845181968805,
            "log_kdeg_err": 0.2595971813065166,
            "log_kobs": -7.262063094449112,
            "log_kobs_err": 0.08631755344387805,
            "metadata": {
              "base": "U",
              "fmod_run_ids": [
                629,
                630,
                631,
                632,
                633,
                634,
                635
              ],
              "site": 11,
              "valtype": "modrate"
            }
          },
          "valtype": "modrate"
        },
        {
          "diagnostics": {
            "chisq": 5.7260721350964574e-08,
            "covariance": {
              "matrix": [
                [
                  0.022147264126975274,
                  -0.01058791536537829,
                  -0.016520902830538312
                ],
                [
                  -0.01058791536537829,
                  0.48645465641348473,
                  -0.006832392046000915
                ],
                [
                  -0.016520902830538312,
                  -0.006832392046000915,
                  0.014903791274045924
                ]
              ],
              "params": [
                "log_kappa",
                "log_kdeg",
                "log_fmod_0"
              ]
            },
            "ndata": 7,
            "nfree": 4,
            "r2": 0.9194585716892967,
            "reduced_chisq": 1.4315180337741144e-08,
            "status": "completed",
            "success": true,
            "time_max": 300.0,
            "time_min": 0.0
          },
          "nt_id": 481,
          "params": {
            "fmod0": 0.0009800093596964222,
            "kdeg": 0.1215963303662176,
            "kobs": 0.0008839486070620589,
            "log_fmod0": -6.9279484356346295,
            "log_fmod0_err": 0.12208108483317931,
            "log_kdeg": -2.1070484878148275,
            "log_kdeg_err": 0.6974630143695684,
            "log_kobs": -7.031111633824266,
            "log_kobs_err": 0.14881956903235297,
            "metadata": {
              "base": "U",
              "fmod_run_ids": [
                629,
                630,
                631,
                632,
                633,
                634,
                635
              ],
              "site": 12,
              "valtype": "modrate"
            }
          },
          "valtype": "modrate"
        },
        {
          "diagnostics": {
            "chisq": 4.636101880531693e-08,
            "covariance": {
              "matrix": [
                [
                  0.012385421064837986,
                  0.0014468003144133062,
                  -0.02348958074840723
                ],
                [
                  0.0014468003144133062,
                  0.07670251807764727,
                  -0.02180740428239986
                ],
                [
                  -0.02348958074840723,
                  -0.02180740428239986,
                  0.05766774373023699
                ]
              ],
              "params": [
                "log_kappa",
                "log_kdeg",
                "log_fmod_0"
              ]
            },
            "ndata": 7,
            "nfree": 4,
            "r2": 0.9529419301740961,
            "reduced_chisq": 1.1590254701329233e-08,
            "status": "completed",
            "success": true,
            "time_max": 300.0,
            "time_min": 0.0
          },
          "nt_id": 482,
          "params": {
            "fmod0": 0.0004447458412707393,
            "kdeg": 0.047319388453978546,
            "kobs": 0.0010652188408170789,
            "log_fmod0": -7.71800758217427,
            "log_fmod0_err": 0.24014109129892158,
            "log_kdeg": -3.050835163582289,
            "log_kdeg_err": 0.27695219457091735,
            "log_kobs": -6.844575016594478,
            "log_kobs_err": 0.11128980665289157,
            "metadata": {
              "base": "U",
              "fmod_run_ids": [
                629,
                630,
                631,
                632,
                633,
                634,
                635
              ],
              "site": 13,
              "valtype": "modrate"
            }
          },
          "valtype": "modrate"
        },
        {
          "diagnostics": {
            "chisq": 4.154016058690885e-08,
            "covariance": {
              "matrix": [
                [
                  0.08334253691665082,
                  0.015904485453544618,
                  -0.1976915881482428
                ],
                [
                  0.015904485453544618,
                  0.4581586269421175,
                  -0.24200696488001394
                ],
                [
                  -0.1976915881482428,
                  -0.24200696488001394,
                  0.662155862477226
                ]
              ],
              "params": [
                "log_kappa",
                "log_kdeg",
                "log_fmod_0"
              ]
            },
            "ndata": 7,
            "nfree": 4,
            "r2": 0.7512854585708061,
            "reduced_chisq": 1.0385040146727212e-08,
            "status": "completed",
            "success": true,
            "time_max": 300.0,
            "time_min": 0.0
          },
          "nt_id": 483,
          "params": {
            "fmod0": 0.00012088123094673095,
            "kdeg": 0.029007919471386787,
            "kobs": 0.00038384116166662036,
            "log_fmod0": -9.020702056839106,
            "log_fmod0_err": 0.8137296003447496,
            "log_kdeg": -3.5401864010564106,
            "log_kdeg_err": 0.6768741588671542,
            "log_kobs": -7.8652817324429645,
            "log_kobs_err": 0.28869107522860976,
            "metadata": {
              "base": "G",
              "fmod_run_ids": [
                629,
                630,
                631,
                632,
                633,
                634,
                635
              ],
              "site": 14,
              "valtype": "modrate"
            }
          },
          "valtype": "modrate"
        },
        {
          "diagnostics": {
            "chisq": 7.592621407783759e-07,
            "covariance": {
              "matrix": [
                [
                  0.00022353211073984953,
                  3.8643651047301217e-05,
                  -0.009392809640286515
                ],
                [
                  3.8643651047301217e-05,
                  0.0012004953731286742,
                  -0.01182922822012456
                ],
                [
                  -0.009392809640286515,
                  -0.01182922822012456,
                  0.5705176198848363
                ]
              ],
              "params": [
                "log_kappa",
                "log_kdeg",
                "log_fmod_0"
              ]
            },
            "ndata": 7,
            "nfree": 4,
            "r2": 0.9991417884953432,
            "reduced_chisq": 1.8981553519459398e-07,
            "status": "completed",
            "success": true,
            "time_max": 300.0,
            "time_min": 0.0
          },
          "nt_id": 484,
          "params": {
            "fmod0": 0.0005532313204581737,
            "kdeg": 0.02641519945964859,
            "kobs": 0.03266487669419681,
            "log_fmod0": -7.499734342896061,
            "log_fmod0_err": 0.7553261678803643,
            "log_kdeg": -3.6338156973949878,
            "log_kdeg_err": 0.034648165508850165,
            "log_kobs": -3.421454885556588,
            "log_kobs_err": 0.01495099029294881,
            "metadata": {
              "base": "A",
              "fmod_run_ids": [
                629,
                630,
                631,
                632,
                633,
                634,
                635
              ],
              "site": 15,
              "valtype": "modrate"
            }
          },
          "valtype": "modrate"
        },
        {
          "diagnostics": {
            "chisq": 1.1819532899409983e-06,
            "covariance": {
              "matrix": [
                [
                  0.000540062309105851,
                  9.147594649506295e-05,
                  -0.017078566598759292
                ],
                [
                  9.147594649506295e-05,
                  0.0029416788902748778,
                  -0.022463083644372665
                ],
                [
                  -0.017078566598759292,
                  -0.022463083644372665,
                  0.7959535029160653
                ]
              ],
              "params": [
                "log_kappa",
                "log_kdeg",
                "log_fmod_0"
              ]
            },
            "ndata": 7,
            "nfree": 4,
            "r2": 0.9979137890881163,
            "reduced_chisq": 2.9548832248524957e-07,
            "status": "completed",
            "success": true,
            "time_max": 300.0,
            "time_min": 0.0
          },
          "nt_id": 485,
          "params": {
            "fmod0": 0.0005811179897330966,
            "kdeg": 0.02487857305138076,
            "kobs": 0.025980631781034814,
            "log_fmod0": -7.450556741294781,
            "log_fmod0_err": 0.8921622626608151,
            "log_kdeg": -3.6937483659962416,
            "log_kdeg_err": 0.054237246337502036,
            "log_kobs": -3.650403950058655,
            "log_kobs_err": 0.023239240717068423,
            "metadata": {
              "base": "A",
              "fmod_run_ids": [
                629,
                630,
                631,
                632,
                633,
                634,
                635
              ],
              "site": 16,
              "valtype": "modrate"
            }
          },
          "valtype": "modrate"
        },
        {
          "diagnostics": {
            "chisq": 1.1821222985659151e-07,
            "covariance": {
              "matrix": [
                [
                  0.027775261358933122,
                  0.005266109672015618,
                  -0.04665144397818599
                ],
                [
                  0.005266109672015618,
                  0.15275382664217277,
                  -0.05582770327726768
                ],
                [
                  -0.04665144397818599,
                  -0.05582770327726768,
                  0.10960537645442009
                ]
              ],
              "params": [
                "log_kappa",
                "log_kdeg",
                "log_fmod_0"
              ]
            },
            "ndata": 7,
            "nfree": 4,
            "r2": 0.9006962056294961,
            "reduced_chisq": 2.9553057464147878e-08,
            "status": "completed",
            "success": true,
            "time_max": 300.0,
            "time_min": 0.0
          },
          "nt_id": 486,
          "params": {
            "fmod0": 0.0005027325821925881,
            "kdeg": 0.03016435986523636,
            "kobs": 0.0011239908527473199,
            "log_fmod0": -7.595452174978623,
            "log_fmod0_err": 0.3310670271326036,
            "log_kdeg": -3.501094188423936,
            "log_kdeg_err": 0.39083734038877704,
            "log_kobs": -6.790869665668913,
            "log_kobs_err": 0.16665911723915114,
            "metadata": {
              "base": "U",
              "fmod_run_ids": [
                629,
                630,
                631,
                632,
                633,
                634,
                635
              ],
              "site": 17,
              "valtype": "modrate"
            }
          },
          "valtype": "modrate"
        },
        {
          "diagnostics": {
            "chisq": 1.8112660371868481e-06,
            "covariance": {
              "matrix": [
                [
                  0.0007999463925610485,
                  0.00012205587753453071,
                  -0.016418848834312185
                ],
                [
                  0.00012205587753453071,
                  0.00443852890122009,
                  -0.022817078643477175
                ],
                [
                  -0.016418848834312185,
                  -0.022817078643477175,
                  0.5119690593166448
                ]
              ],
              "params": [
                "log_kappa",
                "log_kdeg",
                "log_fmod_0"
              ]
            },
            "ndata": 7,
            "nfree": 4,
            "r2": 0.996910853699869,
            "reduced_chisq": 4.5281650929671203e-07,
            "status": "completed",
            "success": true,
            "time_max": 300.0,
            "time_min": 0.0
          },
          "nt_id": 487,
          "params": {
            "fmod0": 0.0008901966284638069,
            "kdeg": 0.0229223929220945,
            "kobs": 0.02635687532214984,
            "log_fmod0": -7.024068188781507,
            "log_fmod0_err": 0.7155201320135198,
            "log_kdeg": -3.775640989352492,
            "log_kdeg_err": 0.06662228531970432,
            "log_kobs": -3.636026114987523,
            "log_kobs_err": 0.028283323576995836,
            "metadata": {
              "base": "A",
              "fmod_run_ids": [
                629,
                630,
                631,
                632,
                633,
                634,
                635
              ],
              "site": 18,
              "valtype": "modrate"
            }
          },
          "valtype": "modrate"
        },
        {
          "diagnostics": {
            "chisq": 1.5081407075860686e-08,
            "covariance": {
              "matrix": [
                [
                  0.011002376787801868,
                  0.001981535119054984,
                  -0.014408556169097858
                ],
                [
                  0.001981535119054984,
                  0.06140599571430911,
                  -0.01611077399412846
                ],
                [
                  -0.014408556169097858,
                  -0.01611077399412846,
                  0.025712033948983498
                ]
              ],
              "params": [
                "log_kappa",
                "log_kdeg",
                "log_fmod_0"
              ]
            },
            "ndata": 7,
            "nfree": 4,
            "r2": 0.9581041767575973,
            "reduced_chisq": 3.7703517689651716e-09,
            "status": "completed",
            "success": true,
            "time_max": 300.0,
            "time_min": 0.0
          },
          "nt_id": 488,
          "params": {
            "fmod0": 0.00037399721850672204,
            "kdeg": 0.03417083266569268,
            "kobs": 0.0006399942294959521,
            "log_fmod0": -7.8912621977252,
            "log_fmod0_err": 0.16034972388184365,
            "log_kdeg": -3.3763828448260367,
            "log_kdeg_err": 0.24780233193880383,
            "log_kobs": -7.354051398063779,
            "log_kobs_err": 0.10489221509626855,
            "metadata": {
              "base": "G",
              "fmod_run_ids": [
                629,
                630,
                631,
                632,
                633,
                634,
                635
              ],
              "site": 19,
              "valtype": "modrate"
            }
          },
          "valtype": "modrate"
        },
        {
          "diagnostics": {
            "chisq": 1.2235614464502364e-08,
            "covariance": {
              "matrix": [
                [
                  0.004815722512053222,
                  6.065064219602313e-05,
                  -0.004497432491415034
                ],
                [
                  6.065064219602313e-05,
                  0.036021528166004096,
                  -0.003371937686194497
                ],
                [
                  -0.004497432491415034,
                  -0.003371937686194497,
                  0.005259510278296621
                ]
              ],
              "params": [
                "log_kappa",
                "log_kdeg",
                "log_fmod_0"
              ]
            },
            "ndata": 7,
            "nfree": 4,
            "r2": 0.9811167632365588,
            "reduced_chisq": 3.058903616125591e-09,
            "status": "completed",
            "success": true,
            "time_max": 300.0,
            "time_min": 0.0
          },
          "nt_id": 489,
          "params": {
            "fmod0": 0.0007611614237216097,
            "kdeg": 0.06394726759793437,
            "kobs": 0.0008792456961510908,
            "log_fmod0": -7.180665102069227,
            "log_fmod0_err": 0.07252248119236283,
            "log_kdeg": -2.749696479032988,
            "log_kdeg_err": 0.18979338282986605,
            "log_kobs": -7.036446181531357,
            "log_kobs_err": 0.06939540699537125,
            "metadata": {
              "base": "U",
              "fmod_run_ids": [
                629,
                630,
                631,
                632,
                633,
                634,
                635
              ],
              "site": 20,
              "valtype": "modrate"
            }
          },
          "valtype": "modrate"
        },
        {
          "diagnostics": {
            "chisq": 4.310036166679104e-09,
            "covariance": {
              "matrix": [
                [
                  0.0020088693416418753,
                  0.00011018998720960176,
                  -0.0016927102325290722
                ],
                [
                  0.00011018998720960176,
                  0.01249868166627534,
                  -0.002854246220034927
                ],
                [
                  -0.0016927102325290722,
                  -0.002854246220034927,
                  0.00244555654543048
                ]
              ],
              "params": [
                "log_kappa",
                "log_kdeg",
                "log_fmod_0"
              ]
            },
            "ndata": 7,
            "nfree": 4,
            "r2": 0.992038406077795,
            "reduced_chisq": 1.077509041669776e-09,
            "status": "completed",
            "success": true,
            "time_max": 300.0,
            "time_min": 0.0
          },
          "nt_id": 490,
          "params": {
            "fmod0": 0.0006135612078683661,
            "kdeg": 0.018525352078893352,
            "kobs": 0.0007847555531326017,
            "log_fmod0": -7.396230530463241,
            "log_fmod0_err": 0.049452568643402944,
            "log_kdeg": -3.9886151023723126,
            "log_kdeg_err": 0.11179750295187876,
            "log_kobs": -7.150138285959377,
            "log_kobs_err": 0.04482041210923741,
            "metadata": {
              "base": "G",
              "fmod_run_ids": [
                629,
                630,
                631,
                632,
                633,
                634,
                635
              ],
              "site": 21,
              "valtype": "modrate"
            }
          },
          "valtype": "modrate"
        },
        {
          "diagnostics": {
            "chisq": 1.3558993397357094e-06,
            "covariance": {
              "matrix": [
                [
                  0.0004090657333514547,
                  6.794259267442466e-05,
                  -0.010234521686755694
                ],
                [
                  6.794259267442466e-05,
                  0.002217376586976625,
                  -0.013423567823444333
                ],
                [
                  -0.010234521686755694,
                  -0.013423567823444333,
                  0.3776692747252404
                ]
              ],
              "params": [
                "log_kappa",
                "log_kdeg",
                "log_fmod_0"
              ]
            },
            "ndata": 7,
            "nfree": 4,
            "r2": 0.9984291768727052,
            "reduced_chisq": 3.3897483493392734e-07,
            "status": "completed",
            "success": true,
            "time_max": 300.0,
            "time_min": 0.0
          },
          "nt_id": 491,
          "params": {
            "fmod0": 0.0009035802142249934,
            "kdeg": 0.024786818308612905,
            "kobs": 0.032177294245844146,
            "log_fmod0": -7.00914567021818,
            "log_fmod0_err": 0.6145480247509062,
            "log_kdeg": -3.6974432869319265,
            "log_kdeg_err": 0.04708902830784072,
            "log_kobs": -3.4364942228099027,
            "log_kobs_err": 0.02022537350338566,
            "metadata": {
              "base": "A",
              "fmod_run_ids": [
                629,
                630,
                631,
                632,
                633,
                634,
                635
              ],
              "site": 22,
              "valtype": "modrate"
            }
          },
          "valtype": "modrate"
        },
        {
          "diagnostics": {
            "chisq": 2.195903792786871e-07,
            "covariance": {
              "matrix": [
                [
                  0.06272128072712589,
                  -0.016352446233249367,
                  -0.04618392865737921
                ],
                [
                  -0.016352446233249367,
                  0.8504632745983436,
                  -0.023279754281309996
                ],
                [
                  -0.04618392865737921,
                  -0.023279754281309996,
                  0.04139581255446627
                ]
              ],
              "params": [
                "log_kappa",
                "log_kdeg",
                "log_fmod_0"
              ]
            },
            "ndata": 7,
            "nfree": 4,
            "r2": 0.8003911508903826,
            "reduced_chisq": 5.4897594819671774e-08,
            "status": "completed",
            "success": true,
            "time_max": 300.0,
            "time_min": 0.0
          },
          "nt_id": 492,
          "params": {
            "fmod0": 0.0011514549019600803,
            "kdeg": 0.09958562111494319,
            "kobs": 0.0010302824169252925,
            "log_fmod0": -6.76672900407311,
            "log_fmod0_err": 0.20345960914753147,
            "log_kdeg": -2.3067374911292355,
            "log_kdeg_err": 0.9222056574313257,
            "log_kobs": -6.877922323134523,
            "log_kobs_err": 0.2504421704248825,
            "metadata": {
              "base": "U",
              "fmod_run_ids": [
                629,
                630,
                631,
                632,
                633,
                634,
                635
              ],
              "site": 23,
              "valtype": "modrate"
            }
          },
          "valtype": "modrate"
        },
        {
          "diagnostics": {
            "chisq": 7.79591403643019e-08,
            "covariance": {
              "matrix": [
                [
                  0.01714739073969802,
                  0.0029389963993602234,
                  -0.014986406719632845
                ],
                [
                  0.0029389963993602234,
                  0.09694259154686491,
                  -0.016177576160538217
                ],
                [
                  -0.014986406719632845,
                  -0.016177576160538217,
                  0.017638992356181982
                ]
              ],
              "params": [
                "log_kappa",
                "log_kdeg",
                "log_fmod_0"
              ]
            },
            "ndata": 7,
            "nfree": 4,
            "r2": 0.9361931019986103,
            "reduced_chisq": 1.9489785091075476e-08,
            "status": "completed",
            "success": true,
            "time_max": 300.0,
            "time_min": 0.0
          },
          "nt_id": 493,
          "params": {
            "fmod0": 0.0010306802433078903,
            "kdeg": 0.03643204587127162,
            "kobs": 0.0011681856714129833,
            "log_fmod0": -6.877536264332765,
            "log_fmod0_err": 0.1328118682805945,
            "log_kdeg": -3.312306510568671,
            "log_kdeg_err": 0.31135605269026795,
            "log_kobs": -6.7523034419588965,
            "log_kobs_err": 0.13094804595601273,
            "metadata": {
              "base": "U",
              "fmod_run_ids": [
                629,
                630,
                631,
                632,
                633,
                634,
                635
              ],
              "site": 24,
              "valtype": "modrate"
            }
          },
          "valtype": "modrate"
        },
        {
          "diagnostics": {
            "chisq": 3.079200009040167e-06,
            "covariance": {
              "matrix": [
                [
                  0.0004941159988241225,
                  7.942185551797146e-05,
                  -0.012485127745419653
                ],
                [
                  7.942185551797146e-05,
                  0.0026480738332197904,
                  -0.016188841227411196
                ],
                [
                  -0.012485127745419653,
                  -0.016188841227411196,
                  0.4646454377580958
                ]
              ],
              "params": [
                "log_kappa",
                "log_kdeg",
                "log_fmod_0"
              ]
            },
            "ndata": 7,
            "nfree": 4,
            "r2": 0.9981276332968327,
            "reduced_chisq": 7.698000022600418e-07,
            "status": "completed",
            "success": true,
            "time_max": 300.0,
