{
  "artifacts": {},
  "engine": "python_baseline",
  "engine_version": "0.1.0",
  "metadata": {
    "analyst": "demo_user",
    "buffer_pH": 6.5,
    "fmod_run_id": 690,
    "notes": "Baseline python engine demo using examples/nerd.sqlite",
    "rg_id": 27,
    "rg_label": "70_2_A8C",
    "rounds_requested": [
      "round1_free",
      "round2_global",
      "round3_constrained"
    ],
    "temperature_c": 70.0,
    "valtypes": [
      "modrate",
      "GAmodrate"
    ]
  },
  "rounds": [
    {
      "global_params": {},
      "notes": null,
      "per_nt": [
        {
          "diagnostics": {
            "reason": "Non-zero fmod values are required for a fit.",
            "status": "failed"
          },
          "nt_id": 470,
          "params": {},
          "valtype": "modrate"
        },
        {
          "diagnostics": {
            "reason": "Non-zero fmod values are required for a fit.",
            "status": "failed"
          },
          "nt_id": 471,
          "params": {},
          "valtype": "modrate"
        },
        {
          "diagnostics": {
            "reason": "Non-zero fmod values are required for a fit.",
            "status": "failed"
          },
          "nt_id": 472,
          "params": {},
          "valtype": "modrate"
        },
        {
          "diagnostics": {
            "reason": "Non-zero fmod values are required for a fit.",
            "status": "failed"
          },
          "nt_id": 473,
          "params": {},
          "valtype": "modrate"
        },
        {
          "diagnostics": {
            "chisq": 6.279584280017813e-07,
            "covariance": {
              "matrix": [
                [
                  0.08108801776661333,
                  -0.020052429126986744,
                  -0.1627391911546498
                ],
                [
                  -0.020052429126986744,
                  1.0655899780822329,
                  -0.08325619579025673
                ],
                [
                  -0.1627391911546498,
                  -0.08325619579025673,
                  0.39783273246225376
                ]
              ],
              "params": [
                "log_kappa",
                "log_kdeg",
                "log_fmod_0"
              ]
            },
            "ndata": 7,
            "nfree": 4,
            "r2": 0.7562166649689178,
            "reduced_chisq": 1.5698960700044534e-07,
            "status": "completed",
            "success": true,
            "time_max": 300.0,
            "time_min": 0.0
          },
          "nt_id": 474,
          "params": {
            "fmod0": 0.0006280913514397391,
            "kdeg": 0.09802823869376663,
            "kobs": 0.0015332531695435255,
            "log_fmod0": -7.372824937998931,
            "log_fmod0_err": 0.6307398294560553,
            "log_kdeg": -2.3224996918823906,
            "log_kdeg_err": 1.0322741777658846,
            "log_kobs": -6.480363546254366,
            "log_kobs_err": 0.284759578884738,
            "metadata": {
              "base": "U",
              "fmod_run_ids": [
                685,
                686,
                687,
                688,
                689,
                690,
                691
              ],
              "site": 5,
              "valtype": "modrate"
            }
          },
          "valtype": "modrate"
        },
        {
          "diagnostics": {
            "chisq": 2.320411438663873e-06,
            "covariance": {
              "matrix": [
                [
                  651493864914.6895,
                  -651455609064.2455,
                  285740.1805274529
                ],
                [
                  -651455609064.2455,
                  651417355460.3577,
                  -285723.5143938739
                ],
                [
                  285740.1805274529,
                  -285723.5143938739,
                  0.2643163258452972
                ]
              ],
              "params": [
                "log_kappa",
                "log_kdeg",
                "log_fmod_0"
              ]
            },
            "ndata": 7,
            "nfree": 4,
            "r2": 0.6028317750754152,
            "reduced_chisq": 5.801028596659683e-07,
            "status": "completed",
            "success": true,
            "time_max": 300.0,
            "time_min": 0.0
          },
          "nt_id": 475,
          "params": {
            "fmod0": 0.0011544868028423925,
            "kdeg": 2.4008335501511393e-09,
            "kobs": 2770.928889282356,
            "log_fmod0": -6.764099360294052,
            "log_fmod0_err": 0.5141170351634899,
            "log_kdeg": -19.847449847328583,
            "log_kdeg_err": 807104.302714561,
            "log_kobs": 7.926937882058901,
            "log_kobs_err": 807151.6988241364,
            "metadata": {
              "base": "G",
              "fmod_run_ids": [
                685,
                686,
                687,
                688,
                689,
                690,
                691
              ],
              "site": 6,
              "valtype": "modrate"
            }
          },
          "valtype": "modrate"
        },
        {
          "diagnostics": {
            "chisq": 1.2075199904940387e-05,
            "covariance": {
              "matrix": [
                [
                  0.005195755213849112,
                  0.0008731932414008661,
                  -0.09161175968112538
                ],
                [
                  0.0008731932414008661,
                  0.028352162898418062,
                  -0.10054869517324672
                ],
                [
                  -0.09161175968112538,
                  -0.10054869517324672,
                  2.2019126101514384
                ]
              ],
              "params": [
                "log_kappa",
                "log_kdeg",
                "log_fmod_0"
              ]
            },
            "ndata": 7,
            "nfree": 4,
            "r2": 0.9802944668595439,
            "reduced_chisq": 3.0187999762350967e-06,
            "status": "completed",
            "success": true,
            "time_max": 300.0,
            "time_min": 0.0
          },
          "nt_id": 476,
          "params": {
            "fmod0": 0.001143940457083319,
            "kdeg": 0.03390328880651751,
            "kobs": 0.027077512610617343,
            "log_fmod0": -6.773276435383167,
            "log_fmod0_err": 1.4838842981012497,
            "log_kdeg": -3.384243254359858,
            "log_kdeg_err": 0.16838100515918672,
            "log_kobs": -3.6090516885313866,
            "log_kobs_err": 0.0720815872040087,
            "metadata": {
              "base": "A",
              "fmod_run_ids": [
                685,
                686,
                687,
                688,
                689,
                690,
                691
              ],
              "site": 7,
              "valtype": "modrate"
            }
          },
          "valtype": "modrate"
        },
        {
          "diagnostics": {
            "chisq": 0.0002866126288333332,
            "ndata": 7,
            "nfree": 4,
            "r2": 0.8991101686274519,
            "reduced_chisq": 7.16531572083333e-05,
            "status": "completed",
            "success": true,
            "time_max": 300.0,
            "time_min": 0.0
          },
          "nt_id": 477,
          "params": {
            "fmod0": 0.013390000001818197,
            "kdeg": 11.294600393187716,
            "kobs": 0.056135349113884195,
            "log_fmod0": -4.313247119143268,
            "log_kdeg": 2.424324770204932,
            "log_kobs": -2.879989555906905,
            "metadata": {
              "base": "C",
              "fmod_run_ids": [
                685,
                686,
                687,
                688,
                689,
                690,
                691
              ],
              "site": 8,
              "valtype": "modrate"
            }
          },
          "valtype": "modrate"
        },
        {
          "diagnostics": {
            "chisq": 2.4898465566391514e-05,
            "covariance": {
              "matrix": [
                [
                  0.012995261919404292,
                  0.0020164809622940506,
                  -0.13699269036840445
                ],
                [
                  0.0020164809622940506,
                  0.07269011581270021,
                  -0.14253755341903546
                ],
                [
                  -0.13699269036840445,
                  -0.14253755341903546,
                  1.9333243567185123
                ]
              ],
              "params": [
                "log_kappa",
                "log_kdeg",
                "log_fmod_0"
              ]
            },
            "ndata": 7,
            "nfree": 4,
            "r2": 0.9519597783280788,
            "reduced_chisq": 6.2246163915978786e-06,
            "status": "completed",
            "success": true,
            "time_max": 300.0,
            "time_min": 0.0
          },
          "nt_id": 478,
          "params": {
            "fmod0": 0.0017634359713771066,
            "kdeg": 0.037526329356326195,
            "kobs": 0.024584796698802903,
            "log_fmod0": -6.340491116643873,
            "log_fmod0_err": 1.3904403463358335,
            "log_kdeg": -3.282712476205318,
            "log_kdeg_err": 0.2696110454204356,
            "log_kobs": -3.7056270474709976,
            "log_kobs_err": 0.11399676275844105,
            "metadata": {
              "base": "C",
              "fmod_run_ids": [
                685,
                686,
                687,
                688,
                689,
                690,
                691
              ],
              "site": 9,
              "valtype": "modrate"
            }
          },
          "valtype": "modrate"
        },
        {
          "diagnostics": {
            "chisq": 1.1907814684083366e-08,
            "covariance": {
              "matrix": [
                [
                  0.014959376166302843,
                  -0.0004153866707553596,
                  -0.008647641882994458
                ],
                [
                  -0.0004153866707553596,
                  0.12126964221939664,
                  -0.006034942869361182
                ],
                [
                  -0.008647641882994458,
                  -0.006034942869361182,
                  0.006213337575835551
                ]
              ],
              "params": [
                "log_kappa",
                "log_kdeg",
                "log_fmod_0"
              ]
            },
            "ndata": 7,
            "nfree": 4,
            "r2": 0.9435682979448892,
            "reduced_chisq": 2.9769536710208415e-09,
            "status": "completed",
            "success": true,
            "time_max": 300.0,
            "time_min": 0.0
          },
          "nt_id": 479,
          "params": {
            "fmod0": 0.0006913811841845759,
            "kdeg": 0.06983969338397089,
            "kobs": 0.0004919249176599981,
            "log_fmod0": -7.2768192449278,
            "log_fmod0_err": 0.07882472693156349,
            "log_kdeg": -2.6615527577243037,
            "log_kdeg_err": 0.3482379103707645,
            "log_kobs": -7.617184459499622,
            "log_kobs_err": 0.12230852859184776,
            "metadata": {
              "base": "U",
              "fmod_run_ids": [
                685,
                686,
                687,
                688,
                689,
                690,
                691
              ],
              "site": 10,
              "valtype": "modrate"
            }
          },
          "valtype": "modrate"
        },
        {
          "diagnostics": {
            "chisq": 2.397219110588999e-08,
            "covariance": {
              "matrix": [
                [
                  0.007847400862828703,
                  -0.005735688568778934,
                  -0.008449893459480879
                ],
                [
                  -0.005735688568778934,
                  0.28218242872855054,
                  -0.0029975221259364434
                ],
                [
                  -0.008449893459480879,
                  -0.0029975221259364434,
                  0.010968268988797296
                ]
              ],
              "params": [
                "log_kappa",
                "log_kdeg",
                "log_fmod_0"
              ]
            },
            "ndata": 7,
            "nfree": 4,
            "r2": 0.9700300194385701,
            "reduced_chisq": 5.9930477764724975e-09,
            "status": "completed",
            "success": true,
            "time_max": 300.0,
            "time_min": 0.0
          },
          "nt_id": 480,
          "params": {
            "fmod0": 0.0007391592933694114,
            "kdeg": 0.14157264465608393,
            "kobs": 0.0009599714469850935,
            "log_fmod0": -7.2099971076468865,
            "log_fmod0_err": 0.10472950390791172,
            "log_kdeg": -1.9549423038426526,
            "log_kdeg_err": 0.5312084607087415,
            "log_kobs": -6.948607016668577,
            "log_kobs_err": 0.08858555673939575,
            "metadata": {
              "base": "U",
              "fmod_run_ids": [
                685,
                686,
                687,
                688,
                689,
                690,
                691
              ],
              "site": 11,
              "valtype": "modrate"
            }
          },
          "valtype": "modrate"
        },
        {
          "diagnostics": {
            "chisq": 3.784715931845167e-08,
            "covariance": {
              "matrix": [
                [
                  0.006004763846800556,
                  0.000637970949914877,
                  -0.006904342234098322
                ],
                [
                  0.000637970949914877,
                  0.037849829875473986,
                  -0.006256967528193446
                ],
                [
                  -0.006904342234098322,
                  -0.006256967528193446,
                  0.010227213013192592
                ]
              ],
              "params": [
                "log_kappa",
                "log_kdeg",
                "log_fmod_0"
              ]
            },
            "ndata": 7,
            "nfree": 4,
            "r2": 0.9766161599688425,
            "reduced_chisq": 9.461789829612917e-09,
            "status": "completed",
            "success": true,
            "time_max": 300.0,
            "time_min": 0.0
          },
          "nt_id": 481,
          "params": {
            "fmod0": 0.0009553005180998873,
            "kdeg": 0.04912139558255052,
            "kobs": 0.0013833410288127642,
            "log_fmod0": -6.953484588345857,
            "log_fmod0_err": 0.10112968413474152,
            "log_kdeg": -3.0134605838499793,
            "log_kdeg_err": 0.1945503273589484,
            "log_kobs": -6.583253670425934,
            "log_kobs_err": 0.07749041132166325,
            "metadata": {
              "base": "U",
              "fmod_run_ids": [
                685,
                686,
                687,
                688,
                689,
                690,
                691
              ],
              "site": 12,
              "valtype": "modrate"
            }
          },
          "valtype": "modrate"
        },
        {
          "diagnostics": {
            "chisq": 2.694793321593619e-07,
            "covariance": {
              "matrix": [
                [
                  0.03805261959154379,
                  0.0065909273327945245,
                  -0.0937302082569496
                ],
                [
                  0.0065909273327945245,
                  0.21441199627236773,
                  -0.10189898618600347
                ],
                [
                  -0.0937302082569496,
                  -0.10189898618600347,
                  0.31166205837103905
                ]
              ],
              "params": [
                "log_kappa",
                "log_kdeg",
                "log_fmod_0"
              ]
            },
            "ndata": 7,
            "nfree": 4,
            "r2": 0.8686728511228701,
            "reduced_chisq": 6.736983303984048e-08,
            "status": "completed",
            "success": true,
            "time_max": 300.0,
            "time_min": 0.0
          },
          "nt_id": 482,
          "params": {
            "fmod0": 0.0004555276680656554,
            "kdeg": 0.03594277610346787,
            "kobs": 0.0014579021299347345,
            "log_fmod0": -7.694054100923141,
            "log_fmod0_err": 0.5582670135079083,
            "log_kdeg": -3.325827157886699,
            "log_kdeg_err": 0.463046429931565,
            "log_kobs": -6.530756773893776,
            "log_kobs_err": 0.1950708066101737,
            "metadata": {
              "base": "U",
              "fmod_run_ids": [
                685,
                686,
                687,
                688,
                689,
                690,
                691
              ],
              "site": 13,
              "valtype": "modrate"
            }
          },
          "valtype": "modrate"
        },
        {
          "diagnostics": {
            "chisq": 4.2309944222082355e-05,
            "covariance": {
              "matrix": [
                [
                  8340624291073.322,
                  -8340164237213.577,
                  1551385.3330649184
                ],
                [
                  -8340164237213.577,
                  8339704208730.31,
                  -1551300.2302981592
                ],
                [
                  1551385.3330649184,
                  -1551300.2302981592,
                  0.8312892848917456
                ]
              ],
              "params": [
                "log_kappa",
                "log_kdeg",
                "log_fmod_0"
              ]
            },
            "ndata": 7,
            "nfree": 4,
            "r2": 0.2552887029649801,
            "reduced_chisq": 1.0577486055520589e-05,
            "status": "completed",
            "success": true,
            "time_max": 300.0,
            "time_min": 0.0
          },
          "nt_id": 483,
          "params": {
            "fmod0": 0.002495564225623992,
            "kdeg": 3.6076980394604646e-09,
            "kobs": 3744.421926920472,
            "log_fmod0": -5.9932404328103575,
            "log_fmod0_err": 0.9117506703544263,
            "log_kdeg": -19.440195930193948,
            "log_kdeg_err": 2887854.6031146217,
            "log_kobs": 8.228022525404082,
            "log_kobs_err": 2888013.900775639,
            "metadata": {
              "base": "G",
              "fmod_run_ids": [
                685,
                686,
                687,
                688,
                689,
                690,
                691
              ],
              "site": 14,
              "valtype": "modrate"
            }
          },
          "valtype": "modrate"
        },
        {
          "diagnostics": {
            "chisq": 4.9014112634839346e-06,
            "covariance": {
              "matrix": [
                [
                  0.0017530393889381285,
                  0.000305471438944379,
                  -0.042301844040386644
                ],
                [
                  0.000305471438944379,
                  0.009437350677038738,
                  -0.048513928108562386
                ],
                [
                  -0.042301844040386644,
                  -0.048513928108562386,
                  1.4153434392811624
                ]
              ],
              "params": [
                "log_kappa",
                "log_kdeg",
                "log_fmod_0"
              ]
            },
            "ndata": 7,
            "nfree": 4,
            "r2": 0.9932863129259586,
            "reduced_chisq": 1.2253528158709836e-06,
            "status": "completed",
            "success": true,
            "time_max": 300.0,
            "time_min": 0.0
          },
          "nt_id": 484,
          "params": {
            "fmod0": 0.0009039880409602665,
            "kdeg": 0.03116960216873568,
            "kobs": 0.029708424205503167,
            "log_fmod0": -7.008694426685856,
            "log_fmod0_err": 1.1896820748759571,
            "log_kdeg": -3.4683119485587834,
            "log_kdeg_err": 0.09714602759268512,
            "log_kobs": -3.516324630109699,
            "log_kobs_err": 0.04186931321311742,
            "metadata": {
              "base": "A",
              "fmod_run_ids": [
                685,
                686,
                687,
                688,
                689,
                690,
                691
              ],
              "site": 15,
              "valtype": "modrate"
            }
          },
          "valtype": "modrate"
        },
        {
          "diagnostics": {
            "chisq": 2.037693461789159e-06,
            "covariance": {
              "matrix": [
                [
                  0.0011843344897655792,
                  0.00021328588565290227,
                  -0.027301369084828973
                ],
                [
                  0.00021328588565290227,
                  0.006388310587902401,
                  -0.033348957371691856
                ],
                [
                  -0.027301369084828973,
                  -0.033348957371691856,
                  0.8941445560743945
                ]
              ],
              "params": [
                "log_kappa",
                "log_kdeg",
                "log_fmod_0"
              ]
            },
            "ndata": 7,
            "nfree": 4,
            "r2": 0.9954250904452812,
            "reduced_chisq": 5.094233654472897e-07,
            "status": "completed",
            "success": true,
            "time_max": 300.0,
            "time_min": 0.0
          },
          "nt_id": 485,
          "params": {
            "fmod0": 0.000727567345390446,
            "kdeg": 0.028175419133579946,
            "kobs": 0.02306855103886868,
            "log_fmod0": -7.225803992219625,
            "log_fmod0_err": 0.9455921721727578,
            "log_kdeg": -3.569305343086024,
            "log_kdeg_err": 0.0799269077839397,
            "log_kobs": -3.769285015926765,
            "log_kobs_err": 0.03441416118061835,
            "metadata": {
              "base": "A",
              "fmod_run_ids": [
                685,
                686,
                687,
                688,
                689,
                690,
                691
              ],
              "site": 16,
              "valtype": "modrate"
            }
          },
          "valtype": "modrate"
        },
        {
          "diagnostics": {
            "chisq": 1.4952667213139272e-07,
            "covariance": {
              "matrix": [
                [
                  0.026176641396898886,
                  0.00472526568994911,
                  -0.041007668423734635
                ],
                [
                  0.00472526568994911,
                  0.14569988872553571,
                  -0.05500437476693376
                ],
                [
                  -0.041007668423734635,
                  -0.05500437476693376,
                  0.09480602604079812
                ]
              ],
              "params": [
                "log_kappa",
                "log_kdeg",
                "log_fmod_0"
              ]
            },
            "ndata": 7,
            "nfree": 4,
            "r2": 0.9058297661864063,
            "reduced_chisq": 3.738166803284818e-08,
            "status": "completed",
            "success": true,
            "time_max": 300.0,
            "time_min": 0.0
          },
          "nt_id": 486,
          "params": {
            "fmod0": 0.0005982407797158799,
            "kdeg": 0.02491328768421929,
            "kobs": 0.001293471262674914,
            "log_fmod0": -7.4215172433866945,
            "log_fmod0_err": 0.30790587204663394,
            "log_kdeg": -3.69235397591118,
            "log_kdeg_err": 0.38170654792069747,
            "log_kobs": -6.650425773303258,
            "log_kobs_err": 0.1617919695068296,
            "metadata": {
              "base": "U",
              "fmod_run_ids": [
                685,
                686,
                687,
                688,
                689,
                690,
                691
              ],
              "site": 17,
              "valtype": "modrate"
            }
          },
          "valtype": "modrate"
        },
        {
          "diagnostics": {
            "chisq": 1.9814255040331956e-06,
            "covariance": {
              "matrix": [
                [
                  0.001167502455307412,
                  0.00020887436345489198,
                  -0.019492209330890124
                ],
                [
                  0.00020887436345489198,
                  0.006310389337016033,
                  -0.024383838335830552
                ],
                [
                  -0.019492209330890124,
                  -0.024383838335830552,
                  0.4673844418881664
                ]
              ],
              "params": [
                "log_kappa",
                "log_kdeg",
                "log_fmod_0"
              ]
            },
            "ndata": 7,
            "nfree": 4,
            "r2": 0.9954886635174605,
            "reduced_chisq": 4.953563760082989e-07,
            "status": "completed",
            "success": true,
            "time_max": 300.0,
            "time_min": 0.0
          },
          "nt_id": 487,
          "params": {
            "fmod0": 0.000989053052450633,
            "kdeg": 0.02707373266100262,
            "kobs": 0.022874637206113196,
            "log_fmod0": -6.918762585261936,
            "log_fmod0_err": 0.6836552068756344,
            "log_kdeg": -3.609191295648523,
            "log_kdeg_err": 0.07943795904362116,
            "log_kobs": -3.7777265277883667,
            "log_kobs_err": 0.03416873505571156,
            "metadata": {
              "base": "A",
              "fmod_run_ids": [
                685,
                686,
                687,
                688,
                689,
                690,
                691
              ],
              "site": 18,
              "valtype": "modrate"
            }
          },
          "valtype": "modrate"
        },
        {
          "diagnostics": {
            "chisq": 4.6415021726130954e-07,
            "covariance": {
              "matrix": [
                [
                  0.16978594589843118,
                  -0.3499347493514842,
                  0.00468219106346371
                ],
                [
                  -0.3499347493514842,
                  1.256975965256115,
                  -0.31380062122606306
                ],
                [
                  0.00468219106346371,
                  -0.31380062122606306,
                  0.21822391297293486
                ]
              ],
              "params": [
                "log_kappa",
                "log_kdeg",
                "log_fmod_0"
              ]
            },
            "ndata": 7,
            "nfree": 4,
            "r2": 0.7757398761288467,
            "reduced_chisq": 1.1603755431532738e-07,
            "status": "completed",
            "success": true,
            "time_max": 300.0,
            "time_min": 0.0
          },
          "nt_id": 488,
          "params": {
            "fmod0": 0.0006040425273394807,
            "kdeg": 0.007269945814751824,
            "kobs": 0.0015061358920388295,
            "log_fmod0": -7.41186595300564,
            "log_fmod0_err": 0.46714442410558094,
            "log_kdeg": -4.924006440731084,
            "log_kdeg_err": 1.121149394708892,
            "log_kobs": -6.498207919917733,
            "log_kobs_err": 0.4120509020720998,
            "metadata": {
              "base": "G",
              "fmod_run_ids": [
                685,
                686,
                687,
                688,
                689,
                690,
                691
              ],
              "site": 19,
              "valtype": "modrate"
            }
          },
          "valtype": "modrate"
        },
        {
          "diagnostics": {
            "chisq": 1.5721312985160355e-06,
            "covariance": {
              "matrix": [
                [
                  210528.98930569825,
                  -210520.99493719335,
                  -3.2228606870897507
                ],
                [
                  -210520.99493719335,
                  210513.11796052515,
                  3.155431694355034
                ],
                [
                  -3.2228606870897507,
                  3.155431694355034,
                  0.0700552163810558
                ]
              ],
              "params": [
                "log_kappa",
                "log_kdeg",
                "log_fmod_0"
              ]
            },
            "ndata": 7,
            "nfree": 4,
            "r2": 0.6814175685097015,
            "reduced_chisq": 3.930328246290089e-07,
            "status": "completed",
            "success": true,
            "time_max": 300.0,
            "time_min": 0.0
          },
          "nt_id": 489,
          "params": {
            "fmod0": 0.0013389698065849804,
            "kdeg": 1.1662936085054797e-12,
            "kobs": 5573252.790511205,
            "log_fmod0": -6.615854761754389,
            "log_fmod0_err": 0.2646794596886124,
            "log_kdeg": -27.477190251374903,
            "log_kdeg_err": 458.8170855150505,
            "log_kobs": 15.533489425384996,
            "log_kobs_err": 458.83438112863587,
            "metadata": {
              "base": "U",
              "fmod_run_ids": [
                685,
                686,
                687,
                688,
                689,
                690,
                691
              ],
              "site": 20,
              "valtype": "modrate"
            }
          },
          "valtype": "modrate"
        },
        {
          "diagnostics": {
            "chisq": 6.565810406881247e-06,
            "covariance": {
              "matrix": [
                [
                  142761052049.39594,
                  -142752920189.2525,
                  -57818.10129679714
                ],
                [
                  -142752920189.2525,
                  142744788792.4934,
                  57814.64056864895
                ],
                [
                  -57818.10129679714,
                  57814.64056864895,
                  0.3005748508854446
                ]
              ],
              "params": [
                "log_kappa",
                "log_kdeg",
                "log_fmod_0"
              ]
            },
            "ndata": 7,
            "nfree": 4,
            "r2": 0.5785147958475261,
            "reduced_chisq": 1.6414526017203117e-06,
            "status": "completed",
            "success": true,
            "time_max": 300.0,
            "time_min": 0.0
          },
          "nt_id": 490,
          "params": {
            "fmod0": 0.0013755009399190614,
            "kdeg": 1.7880674149187828e-09,
            "kobs": 5954.131253062466,
            "log_fmod0": -6.588937294270862,
            "log_fmod0_err": 0.5482470710231333,
            "log_kdeg": -20.14213045681259,
            "log_kdeg_err": 377815.8133171419,
            "log_kobs": 8.69184058585113,
            "log_kobs_err": 377837.33543602587,
            "metadata": {
              "base": "G",
              "fmod_run_ids": [
                685,
                686,
                687,
                688,
                689,
                690,
                691
              ],
              "site": 21,
              "valtype": "modrate"
            }
          },
          "valtype": "modrate"
        },
        {
          "diagnostics": {
            "chisq": 2.5924419126594024e-06,
            "covariance": {
              "matrix": [
                [
                  0.0009794220200260047,
                  0.0001738048143234287,
                  -0.01901339652221551
                ],
                [
                  0.0001738048143234287,
                  0.005256352630189316,
                  -0.02277364378061567
                ],
                [
                  -0.01901339652221551,
                  -0.02277364378061567,
                  0.5208492483182232
                ]
              ],
              "params": [
                "log_kappa",
                "log_kdeg",
                "log_fmod_0"
              ]
            },
            "ndata": 7,
            "nfree": 4,
            "r2": 0.9962357904312051,
            "reduced_chisq": 6.481104781648506e-07,
            "status": "completed",
            "success": true,
            "time_max": 300.0,
            "time_min": 0.0
          },
          "nt_id": 491,
          "params": {
            "fmod0": 0.0010776862073720917,
            "kdeg": 0.028901598845756674,
            "kobs": 0.028809086407376894,
            "log_fmod0": -6.832938936650594,
            "log_fmod0_err": 0.7216988626277744,
            "log_kdeg": -3.5438583620114485,
            "log_kdeg_err": 0.07250070779095412,
            "log_kobs": -3.5470644413438346,
            "log_kobs_err": 0.0312957188769647,
            "metadata": {
              "base": "A",
              "fmod_run_ids": [
                685,
                686,
                687,
                688,
                689,
                690,
                691
              ],
              "site": 22,
              "valtype": "modrate"
            }
          },
          "valtype": "modrate"
        },
        {
          "diagnostics": {
            "chisq": 3.654308621117734e-08,
            "covariance": {
              "matrix": [
                [
                  0.007247287438926738,
                  0.00040356119206536067,
                  -0.00549580696174766
                ],
                [
                  0.00040356119206536067,
                  0.04997345992896837,
                  -0.00447549452930351
                ],
                [
                  -0.00549580696174766,
                  -0.00447549452930351,
                  0.0052741465874555455
                ]
              ],
              "params": [
                "log_kappa",
                "log_kdeg",
                "log_fmod_0"
              ]
            },
            "ndata": 7,
            "nfree": 4,
            "r2": 0.9718725131874817,
            "reduced_chisq": 9.135771552794334e-09,
            "status": "completed",
            "success": true,
            "time_max": 300.0,
            "time_min": 0.0
          },
          "nt_id": 492,
          "params": {
            "fmod0": 0.0013116872873228337,
            "kdeg": 0.0573706423678148,
            "kobs": 0.001238695434368379,
            "log_fmod0": -6.6364409649467655,
            "log_fmod0_err": 0.07262331985977745,
            "log_kdeg": -2.858222563502076,
            "log_kdeg_err": 0.22354744446977776,
            "log_kobs": -6.693696522236069,
            "log_kobs_err": 0.08513100163234741,
            "metadata": {
              "base": "U",
              "fmod_run_ids": [
                685,
                686,
                687,
                688,
                689,
                690,
                691
              ],
              "site": 23,
              "valtype": "modrate"
            }
          },
          "valtype": "modrate"
        },
        {
          "diagnostics": {
            "chisq": 2.2751826968308579e-07,
            "covariance": {
              "matrix": [
                [
                  0.026485181964423107,
                  0.004256070715825504,
                  -0.03513742293423867
                ],
                [
                  0.004256070715825504,
                  0.15224748934891874,
                  -0.03660554155156369
                ],
                [
                  -0.03513742293423867,
                  -0.03660554155156369,
                  0.06210254425269883
                ]
              ],
              "params": [
                "log_kappa",
                "log_kdeg",
                "log_fmod_0"
              ]
            },
            "ndata": 7,
            "nfree": 4,
            "r2": 0.9047348745016942,
            "reduced_chisq": 5.6879567420771446e-08,
            "status": "completed",
            "success": true,
            "time_max": 300.0,
            "time_min": 0.0
          },
          "nt_id": 493,
          "params": {
            "fmod0": 0.0009416765613953715,
            "kdeg": 0.038846957097269444,
            "kobs": 0.0016089554441883727,
            "log_fmod0": -6.967848695430547,
            "log_fmod0_err": 0.24920382070244995,
            "log_kdeg": -3.248125529630605,
            "log_kdeg_err": 0.390189043091831,
            "log_kobs": -6.432170102972233,
            "log_kobs_err": 0.16274268636231587,
            "metadata": {
              "base": "U",
              "fmod_run_ids": [
                685,
                686,
                687,
                688,
                689,
                690,
                691
              ],
              "site": 24,
              "valtype": "modrate"
            }
          },
          "valtype": "modrate"
        },
        {
          "diagnostics": {
            "chisq": 2.6989335126738045e-05,
            "covariance": {
              "matrix": [
                [
                  0.0055002320584818494,
                  0.000791928537443007,
                  -0.08386999479412682
                ],
                [
                  0.000791928537443007,
                  0.030583303449853595,
                  -0.08507687873086604
                ],
                [
                  -0.08386999479412682,
                  -0.08507687873086604,
                  1.7052841896399102
                ]
              ],
              "params": [
                "log_kappa",
                "log_kdeg",
                "log_fmod_0"
              ]
            },
            "ndata": 7,
            "nfree": 4,
            "r2": 0.9794025801369092,
            "reduced_chisq": 6.747333781684511e-06,
            "status": "completed",
            "success": true,
            "time_max": 300.0,
            "time_min": 0.0
          },
          "nt_id": 494,
          "params": {
            "fmod0": 0.0019576183975542807,
            "kdeg": 0.03831772417464746,
            "kobs": 0.03999128050741998,
            "log_fmod0": -6.236026647864914,
            "log_fmod0_err": 1.305865303023214,
            "log_kdeg": -3.261842717657553,
            "log_kdeg_err": 0.17488082642146222,
            "log_kobs": -3.2190938359453893,
            "log_kobs_err": 0.07416354939241952,
            "metadata": {
              "base": "C",
              "fmod_run_ids": [
                685,
                686,
                687,
                688,
                689,
                690,
                691
              ],
              "site": 25,
              "valtype": "modrate"
            }
          },
          "valtype": "modrate"
        },
        {
          "diagnostics": {
            "chisq": 4.350654857544461e-06,
            "covariance": {
              "matrix": [
