{
  "artifacts": {},
  "engine": "python_baseline",
  "engine_version": "0.1.0",
  "metadata": {
    "analyst": "demo_user",
    "buffer_pH": 6.5,
    "fmod_run_id": 799,
    "notes": "Baseline python engine demo using examples/nerd.sqlite",
    "rg_id": 68,
    "rg_label": "45_3_A8C",
    "rounds_requested": [
      "round1_free",
      "round2_global",
      "round3_constrained"
    ],
    "temperature_c": 45.0,
    "valtypes": [
      "modrate",
      "GAmodrate"
    ]
  },
  "rounds": [
    {
      "global_params": {},
      "notes": null,
      "per_nt": [
        {
          "diagnostics": {
            "reason": "Non-zero fmod values are required for a fit.",
            "status": "failed"
          },
          "nt_id": 470,
          "params": {},
          "valtype": "modrate"
        },
        {
          "diagnostics": {
            "reason": "Non-zero fmod values are required for a fit.",
            "status": "failed"
          },
          "nt_id": 471,
          "params": {},
          "valtype": "modrate"
        },
        {
          "diagnostics": {
            "reason": "Non-zero fmod values are required for a fit.",
            "status": "failed"
          },
          "nt_id": 472,
          "params": {},
          "valtype": "modrate"
        },
        {
          "diagnostics": {
            "reason": "Non-zero fmod values are required for a fit.",
            "status": "failed"
          },
          "nt_id": 473,
          "params": {},
          "valtype": "modrate"
        },
        {
          "diagnostics": {
            "chisq": 5.001994857212968e-06,
            "covariance": {
              "matrix": [
                [
                  1.367108073093664e+18,
                  -1.2345676526445542e+18,
                  -164104350.15830854
                ],
                [
                  -1.2345676526445542e+18,
                  1.2481421330565893e+18,
                  76405337.0425882
                ],
                [
                  -164104350.15830854,
                  76405337.0425882,
                  0.08905335628097269
                ]
              ],
              "params": [
                "log_kappa",
                "log_kdeg",
                "log_fmod_0"
              ]
            },
            "ndata": 7,
            "nfree": 4,
            "r2": -1.4016787730497526e-11,
            "reduced_chisq": 1.250498714303242e-06,
            "status": "completed",
            "success": true,
            "time_max": 2940.0,
            "time_min": 0.0
          },
          "nt_id": 474,
          "params": {
            "fmod0": 0.002412857147545932,
            "kdeg": 5.933744378688709e-14,
            "kobs": 0.0003724301610165941,
            "log_fmod0": -6.02694369527449,
            "log_fmod0_err": 0.29841808973480927,
            "log_kdeg": -30.455535858379186,
            "log_kdeg_err": 1117202816.4378164,
            "log_kobs": -7.895461024926357,
            "log_kobs_err": 1169233968.4997456,
            "metadata": {
              "base": "U",
              "fmod_run_ids": [
                793,
                794,
                795,
                796,
                797,
                798,
                799
              ],
              "site": 5,
              "valtype": "modrate"
            }
          },
          "valtype": "modrate"
        },
        {
          "diagnostics": {
            "chisq": 7.85042137559817e-08,
            "covariance": {
              "matrix": [
                [
                  0.1360297379865056,
                  -0.27376201080198115,
                  0.005140240624477814
                ],
                [
                  -0.27376201080198115,
                  0.8051830649166348,
                  -0.08819693431639396
                ],
                [
                  0.005140240624477814,
                  -0.08819693431639396,
                  0.03077439597973191
                ]
              ],
              "params": [
                "log_kappa",
                "log_kdeg",
                "log_fmod_0"
              ]
            },
            "ndata": 7,
            "nfree": 4,
            "r2": 0.8534688041851352,
            "reduced_chisq": 1.9626053438995425e-08,
            "status": "completed",
            "success": true,
            "time_max": 2940.0,
            "time_min": 0.0
          },
          "nt_id": 475,
          "params": {
            "fmod0": 0.0006449337167438675,
            "kdeg": 0.0006787163440385364,
            "kobs": 0.0008370047858036781,
            "log_fmod0": -7.346363011187349,
            "log_fmod0_err": 0.17542632635876496,
            "log_kdeg": -7.2953072731557755,
            "log_kdeg_err": 0.8973199345365257,
            "log_kobs": -7.085680769685078,
            "log_kobs_err": 0.36882209530681,
            "metadata": {
              "base": "G",
              "fmod_run_ids": [
                793,
                794,
                795,
                796,
                797,
                798,
                799
              ],
              "site": 6,
              "valtype": "modrate"
            }
          },
          "valtype": "modrate"
        },
        {
          "diagnostics": {
            "chisq": 1.3709915867748977e-07,
            "covariance": {
              "matrix": [
                [
                  0.0005637515190620802,
                  1.615681313891331e-05,
                  -0.0037617572392013893
                ],
                [
                  1.615681313891331e-05,
                  0.0039000563874183594,
                  -0.0061518204552033565
                ],
                [
                  -0.0037617572392013893,
                  -0.0061518204552033565,
                  0.04137550873837363
                ]
              ],
              "params": [
                "log_kappa",
                "log_kdeg",
                "log_fmod_0"
              ]
            },
            "ndata": 7,
            "nfree": 4,
            "r2": 0.9977697752162645,
            "reduced_chisq": 3.427478966937244e-08,
            "status": "completed",
            "success": true,
            "time_max": 2940.0,
            "time_min": 0.0
          },
          "nt_id": 476,
          "params": {
            "fmod0": 0.0008419695070505095,
            "kdeg": 0.0021035589429330734,
            "kobs": 0.008292432127041373,
            "log_fmod0": -7.079766759282106,
            "log_fmod0_err": 0.20340970659821922,
            "log_kdeg": -6.16412463396519,
            "log_kdeg_err": 0.06245043144301214,
            "log_kobs": -4.792411972037416,
            "log_kobs_err": 0.02374345213026278,
            "metadata": {
              "base": "A",
              "fmod_run_ids": [
                793,
                794,
                795,
                796,
                797,
                798,
                799
              ],
              "site": 7,
              "valtype": "modrate"
            }
          },
          "valtype": "modrate"
        },
        {
          "diagnostics": {
            "chisq": 5.801713516810443e-06,
            "covariance": {
              "matrix": [
                [
                  237215.79091396104,
                  -238754.1318733122,
                  70.69213999317246
                ],
                [
                  -238754.1318733122,
                  240303.29127165626,
                  -71.28436323905079
                ],
                [
                  70.69213999317246,
                  -71.28436323905079,
                  0.05808983137186065
                ]
              ],
              "params": [
                "log_kappa",
                "log_kdeg",
                "log_fmod_0"
              ]
            },
            "ndata": 7,
            "nfree": 4,
            "r2": 0.23141726701858567,
            "reduced_chisq": 1.4504283792026108e-06,
            "status": "completed",
            "success": true,
            "time_max": 2940.0,
            "time_min": 0.0
          },
          "nt_id": 477,
          "params": {
            "fmod0": 0.003624288762143882,
            "kdeg": 4.3930162331165365e-06,
            "kobs": 0.1135430261348847,
            "log_fmod0": -5.620097213472448,
            "log_fmod0_err": 0.241018321651821,
            "log_kdeg": -12.335494497754027,
            "log_kdeg_err": 490.20739618212235,
            "log_kobs": -2.1755734290063504,
            "log_kobs_err": 487.04803758352324,
            "metadata": {
              "base": "C",
              "fmod_run_ids": [
                793,
                794,
                795,
                796,
                797,
                798,
                799
              ],
              "site": 8,
              "valtype": "modrate"
            }
          },
          "valtype": "modrate"
        },
        {
          "diagnostics": {
            "chisq": 2.567762688425318e-05,
            "covariance": {
              "matrix": [
                [
                  3.5542626008459494e+18,
                  -3.5836635722296535e+18,
                  207803292.93660745
                ],
                [
                  -3.5836635722296535e+18,
                  3.6153793775974175e+18,
                  -219734656.12885538
                ],
                [
                  207803292.93660745,
                  -219734656.12885538,
                  0.10045087691027975
                ]
              ],
              "params": [
                "log_kappa",
                "log_kdeg",
                "log_fmod_0"
              ]
            },
            "ndata": 7,
            "nfree": 4,
            "r2": -1.0557956731105378e-09,
            "reduced_chisq": 6.419406721063295e-06,
            "status": "completed",
            "success": true,
            "time_max": 2940.0,
            "time_min": 0.0
          },
          "nt_id": 478,
          "params": {
            "fmod0": 0.004915142870045822,
            "kdeg": 3.743235011841031e-12,
            "kobs": 0.0011990639447767332,
            "log_fmod0": -5.3154344576374575,
            "log_fmod0_err": 0.3169398632395107,
            "log_kdeg": -26.311070901950554,
            "log_kdeg_err": 1901415098.7087007,
            "log_kobs": -6.726214072601772,
            "log_kobs_err": 1885275205.5988934,
            "metadata": {
              "base": "C",
              "fmod_run_ids": [
                793,
                794,
                795,
                796,
                797,
                798,
                799
              ],
              "site": 9,
              "valtype": "modrate"
            }
          },
          "valtype": "modrate"
        },
        {
          "diagnostics": {
            "chisq": 4.1235901723950624e-07,
            "covariance": {
              "matrix": [
                [
                  0.4544569256167899,
                  -0.11667590065481105,
                  -0.04273309659637506
                ],
                [
                  -0.11667590065481105,
                  3.4136815217090075,
                  -0.08416355820081202
                ],
                [
                  -0.04273309659637506,
                  -0.08416355820081202,
                  0.008127545127469578
                ]
              ],
              "params": [
                "log_kappa",
                "log_kdeg",
                "log_fmod_0"
              ]
            },
            "ndata": 7,
            "nfree": 4,
            "r2": 0.3570048791498679,
            "reduced_chisq": 1.0308975430987656e-07,
            "status": "completed",
            "success": true,
            "time_max": 2940.0,
            "time_min": 0.0
          },
          "nt_id": 479,
          "params": {
            "fmod0": 0.003203973544597341,
            "kdeg": 0.0016923155307665462,
            "kobs": 0.0005060543276391516,
            "log_fmod0": -5.743363506802204,
            "log_fmod0_err": 0.09015289860825096,
            "log_kdeg": -6.381657551279489,
            "log_kdeg_err": 1.8476150902471562,
            "log_kobs": -7.588866527564425,
            "log_kobs_err": 0.6741342044554556,
            "metadata": {
              "base": "U",
              "fmod_run_ids": [
                793,
                794,
                795,
                796,
                797,
                798,
                799
              ],
              "site": 10,
              "valtype": "modrate"
            }
          },
          "valtype": "modrate"
        },
        {
          "diagnostics": {
            "chisq": 1.5700152541089808e-07,
            "covariance": {
              "matrix": [
                [
                  5141.504450008885,
                  -6286.675302879383,
                  4.034677450111255
                ],
                [
                  -6286.675302879383,
                  7723.702675117616,
                  -5.343313765826941
                ],
                [
                  4.034677450111255,
                  -5.343313765826941,
                  0.010438985636504479
                ]
              ],
              "params": [
                "log_kappa",
                "log_kdeg",
                "log_fmod_0"
              ]
            },
            "ndata": 7,
            "nfree": 4,
            "r2": 0.010101837034724226,
            "reduced_chisq": 3.925038135272452e-08,
            "status": "completed",
            "success": true,
            "time_max": 2940.0,
            "time_min": 0.0
          },
          "nt_id": 480,
          "params": {
            "fmod0": 0.0014399454222177013,
            "kdeg": 0.00014015816771325453,
            "kobs": 0.0001297702646766284,
            "log_fmod0": -6.543150067350205,
            "log_fmod0_err": 0.10217135428535964,
            "log_kdeg": -8.872739003683742,
            "log_kdeg_err": 87.88459862295336,
            "log_kobs": -8.949744865634658,
            "log_kobs_err": 71.70428473953899,
            "metadata": {
              "base": "U",
              "fmod_run_ids": [
                793,
                794,
                795,
                796,
                797,
                798,
                799
              ],
              "site": 11,
              "valtype": "modrate"
            }
          },
          "valtype": "modrate"
        },
        {
          "diagnostics": {
            "chisq": 1.8349669126796645e-07,
            "covariance": {
              "matrix": [
                [
                  0.42033278927379214,
                  -0.3599360748825182,
                  -0.04963503496527186
                ],
                [
                  -0.3599360748825182,
                  3.4529454283151857,
                  -0.1383803816275073
                ],
                [
                  -0.04963503496527186,
                  -0.1383803816275073,
                  0.020066085396103616
                ]
              ],
              "params": [
                "log_kappa",
                "log_kdeg",
                "log_fmod_0"
              ]
            },
            "ndata": 7,
            "nfree": 4,
            "r2": 0.3951327017191044,
            "reduced_chisq": 4.587417281699161e-08,
            "status": "completed",
            "success": true,
            "time_max": 2940.0,
            "time_min": 0.0
          },
          "nt_id": 481,
          "params": {
            "fmod0": 0.001313083603554416,
            "kdeg": 0.0012892158312066823,
            "kobs": 0.00037289621528979706,
            "log_fmod0": -6.635377011998983,
            "log_fmod0_err": 0.14165481070582678,
            "log_kdeg": -6.653721128229724,
            "log_kdeg_err": 1.8582102755918626,
            "log_kobs": -7.89421042022817,
            "log_kobs_err": 0.6483307715000053,
            "metadata": {
              "base": "U",
              "fmod_run_ids": [
                793,
                794,
                795,
                796,
                797,
                798,
                799
              ],
              "site": 12,
              "valtype": "modrate"
            }
          },
          "valtype": "modrate"
        },
        {
          "diagnostics": {
            "chisq": 9.175919452450923e-06,
            "covariance": {
              "matrix": [
                [
                  2.919722414217041e+18,
                  -2.9516366611697393e+18,
                  82472875.99345006
                ],
                [
                  -2.9516366611697393e+18,
                  2.985115056511146e+18,
                  -92823244.73107766
                ],
                [
                  82472875.99345006,
                  -92823244.73107766,
                  0.1309573842679956
                ]
              ],
              "params": [
                "log_kappa",
                "log_kdeg",
                "log_fmod_0"
              ]
            },
            "ndata": 7,
            "nfree": 4,
            "r2": -2.6024091770437963e-09,
            "reduced_chisq": 2.2939798631127306e-06,
            "status": "completed",
            "success": true,
            "time_max": 2940.0,
            "time_min": 0.0
          },
          "nt_id": 482,
          "params": {
            "fmod0": 0.0024372857217929917,
            "kdeg": 5.554515670776782e-12,
            "kobs": 0.0007249584955376795,
            "log_fmod0": -6.0168702679644985,
            "log_fmod0_err": 0.3618803452358191,
            "log_kdeg": -25.916409884617025,
            "log_kdeg_err": 1727748551.297655,
            "log_kobs": -7.229396152282537,
            "log_kobs_err": 1708719524.7368834,
            "metadata": {
              "base": "U",
              "fmod_run_ids": [
                793,
                794,
                795,
                796,
                797,
                798,
                799
              ],
              "site": 13,
              "valtype": "modrate"
            }
          },
          "valtype": "modrate"
        },
        {
          "diagnostics": {
            "chisq": 3.877792699184181e-08,
            "covariance": {
              "matrix": [
                [
                  0.6414016877431994,
                  -1.2891599568905672,
                  0.027996838107903106
                ],
                [
                  -1.2891599568905672,
                  3.5933716267969085,
                  -0.31544411102134395
                ],
                [
                  0.027996838107903106,
                  -0.31544411102134395,
                  0.08759365478872379
                ]
              ],
              "params": [
                "log_kappa",
                "log_kdeg",
                "log_fmod_0"
              ]
            },
            "ndata": 7,
            "nfree": 4,
            "r2": 0.5829561686595184,
            "reduced_chisq": 9.694481747960452e-09,
            "status": "completed",
            "success": true,
            "time_max": 2940.0,
            "time_min": 0.0
          },
          "nt_id": 483,
          "params": {
            "fmod0": 0.0002674819491530251,
            "kdeg": 0.0006477759525870655,
            "kobs": 0.00029285157306493037,
            "log_fmod0": -8.226458473706852,
            "log_fmod0_err": 0.2959622523037757,
            "log_kdeg": -7.34196567357852,
            "log_kdeg_err": 1.8956190616252275,
            "log_kobs": -8.13584465387067,
            "log_kobs_err": 0.8008755756940021,
            "metadata": {
              "base": "G",
              "fmod_run_ids": [
                793,
                794,
                795,
                796,
                797,
                798,
                799
              ],
              "site": 14,
              "valtype": "modrate"
            }
          },
          "valtype": "modrate"
        },
        {
          "diagnostics": {
            "chisq": 6.890025543813609e-08,
            "covariance": {
              "matrix": [
                [
                  0.0005589695456420095,
                  3.056374407322631e-05,
                  -0.005482339312914472
                ],
                [
                  3.056374407322631e-05,
                  0.003845365559733948,
                  -0.0088166990117772
                ],
                [
                  -0.005482339312914472,
                  -0.0088166990117772,
                  0.08709097141454254
                ]
              ],
              "params": [
                "log_kappa",
                "log_kdeg",
                "log_fmod_0"
              ]
            },
            "ndata": 7,
            "nfree": 4,
            "r2": 0.9977837702440467,
            "reduced_chisq": 1.7225063859534023e-08,
            "status": "completed",
            "success": true,
            "time_max": 2940.0,
            "time_min": 0.0
          },
          "nt_id": 484,
          "params": {
            "fmod0": 0.00041267344850975165,
            "kdeg": 0.002161202674607123,
            "kobs": 0.005890693187569044,
            "log_fmod0": -7.7928539593312385,
            "log_fmod0_err": 0.2951117947736799,
            "log_kdeg": -6.137090418438622,
            "log_kdeg_err": 0.06201101160063387,
            "log_kobs": -5.134381599352257,
            "log_kobs_err": 0.02364253678525233,
            "metadata": {
              "base": "A",
              "fmod_run_ids": [
                793,
                794,
                795,
                796,
                797,
                798,
                799
              ],
              "site": 15,
              "valtype": "modrate"
            }
          },
          "valtype": "modrate"
        },
        {
          "diagnostics": {
            "chisq": 1.8428927498059525e-07,
            "covariance": {
              "matrix": [
                [
                  0.0019018769146560827,
                  0.00010585197767912292,
                  -0.0052689837450006615
                ],
                [
                  0.00010585197767912292,
                  0.013088417866684514,
                  -0.00847283531546902
                ],
                [
                  -0.0052689837450006615,
                  -0.00847283531546902,
                  0.02363137083437317
                ]
              ],
              "params": [
                "log_kappa",
                "log_kdeg",
                "log_fmod_0"
              ]
            },
            "ndata": 7,
            "nfree": 4,
            "r2": 0.9924942061053266,
            "reduced_chisq": 4.607231874514881e-08,
            "status": "completed",
            "success": true,
            "time_max": 2940.0,
            "time_min": 0.0
          },
          "nt_id": 485,
          "params": {
            "fmod0": 0.00129573443775813,
            "kdeg": 0.0021631506668107264,
            "kobs": 0.005219236581686004,
            "log_fmod0": -6.648677611186045,
            "log_fmod0_err": 0.15372498441819135,
            "log_kdeg": -6.136189478029007,
            "log_kdeg_err": 0.11440462344977372,
            "log_kobs": -5.255404136502133,
            "log_kobs_err": 0.04361051380866869,
            "metadata": {
              "base": "A",
              "fmod_run_ids": [
                793,
                794,
                795,
                796,
                797,
                798,
                799
              ],
              "site": 16,
              "valtype": "modrate"
            }
          },
          "valtype": "modrate"
        },
        {
          "diagnostics": {
            "chisq": 1.5210068023410965e-08,
            "covariance": {
              "matrix": [
                [
                  0.3858820897421314,
                  -0.7168972359415624,
                  -0.007197010551795133
                ],
                [
                  -0.7168972359415624,
                  2.8534222740864226,
                  -0.080134484532795
                ],
                [
                  -0.007197010551795133,
                  -0.080134484532795,
                  0.007437240074336443
                ]
              ],
              "params": [
                "log_kappa",
                "log_kdeg",
                "log_fmod_0"
              ]
            },
            "ndata": 7,
            "nfree": 4,
            "r2": 0.5485401882499839,
            "reduced_chisq": 3.802517005852741e-09,
            "status": "completed",
            "success": true,
            "time_max": 2940.0,
            "time_min": 0.0
          },
          "nt_id": 486,
          "params": {
            "fmod0": 0.0005906776672831648,
            "kdeg": 0.0008486263278616304,
            "kobs": 0.00015748378853744263,
            "log_fmod0": -7.43424009157222,
            "log_fmod0_err": 0.08623943456642351,
            "log_kdeg": -7.071891600622367,
            "log_kdeg_err": 1.689207587623979,
            "log_kobs": -8.756188034917233,
            "log_kobs_err": 0.6211940837951786,
            "metadata": {
              "base": "U",
              "fmod_run_ids": [
                793,
                794,
                795,
                796,
                797,
                798,
                799
              ],
              "site": 17,
              "valtype": "modrate"
            }
          },
          "valtype": "modrate"
        },
        {
          "diagnostics": {
            "chisq": 1.2924304521321049e-05,
            "covariance": {
              "matrix": [
                [
                  0.00191335456932841,
                  0.0002424578538967225,
                  -0.03526072561542018
                ],
                [
                  0.0002424578538967225,
                  0.012360437107313587,
                  -0.051277379606046156
                ],
                [
                  -0.03526072561542018,
                  -0.051277379606046156,
                  0.9863103381619274
                ]
              ],
              "params": [
                "log_kappa",
                "log_kdeg",
                "log_fmod_0"
              ]
            },
            "ndata": 7,
            "nfree": 4,
            "r2": 0.9927792497535196,
            "reduced_chisq": 3.2310761303302623e-06,
            "status": "completed",
            "success": true,
            "time_max": 2940.0,
            "time_min": 0.0
          },
          "nt_id": 487,
          "params": {
            "fmod0": 0.0017050004088322666,
            "kdeg": 0.0024091089566234247,
            "kobs": 0.045602853705368374,
            "log_fmod0": -6.374189928462365,
            "log_fmod0_err": 0.9931315814945809,
            "log_kdeg": -6.0284983273878,
            "log_kdeg_err": 0.11117750270317096,
            "log_kobs": -3.0877849831618436,
            "log_kobs_err": 0.04374190861551894,
            "metadata": {
              "base": "A",
              "fmod_run_ids": [
                793,
                794,
                795,
                796,
                797,
                798,
                799
              ],
              "site": 18,
              "valtype": "modrate"
            }
          },
          "valtype": "modrate"
        },
        {
          "diagnostics": {
            "chisq": 6.372288571428572e-07,
            "ndata": 7,
            "nfree": 4,
            "r2": 1.1102230246251565e-16,
            "reduced_chisq": 1.593072142857143e-07,
            "status": "completed",
            "success": true,
            "time_max": 2940.0,
            "time_min": 0.0
          },
          "nt_id": 488,
          "params": {
            "fmod0": 0.0017211428571481933,
            "kdeg": 79157210.08172202,
            "kobs": 1.8466743442957913e-18,
            "log_fmod0": -6.364766756976812,
            "log_kdeg": 18.18694643403665,
            "log_kobs": -40.833145304249484,
            "metadata": {
              "base": "G",
              "fmod_run_ids": [
                793,
                794,
                795,
                796,
                797,
                798,
                799
              ],
              "site": 19,
              "valtype": "modrate"
            }
          },
          "valtype": "modrate"
        },
        {
          "diagnostics": {
            "chisq": 1.0314573126216664e-07,
            "covariance": {
              "matrix": [
                [
                  0.069050252575147,
                  -0.09608313988385093,
                  -0.010875157737106537
                ],
                [
                  -0.09608313988385093,
                  0.569437511830059,
                  -0.04604121008245698
                ],
                [
                  -0.010875157737106537,
                  -0.04604121008245698,
                  0.012859019867331931
                ]
              ],
              "params": [
                "log_kappa",
                "log_kdeg",
                "log_fmod_0"
              ]
            },
            "ndata": 7,
            "nfree": 4,
            "r2": 0.8256252876776141,
            "reduced_chisq": 2.578643281554166e-08,
            "status": "completed",
            "success": true,
            "time_max": 2940.0,
            "time_min": 0.0
          },
          "nt_id": 489,
          "params": {
            "fmod0": 0.0012000377468429644,
            "kdeg": 0.001058314254614756,
            "kobs": 0.0007732379668137593,
            "log_fmod0": -6.725402266980432,
            "log_fmod0_err": 0.11339761843765472,
            "log_kdeg": -6.851077962603746,
            "log_kdeg_err": 0.7546108346890197,
            "log_kobs": -7.164923708351725,
            "log_kobs_err": 0.2627741474634577,
            "metadata": {
              "base": "U",
              "fmod_run_ids": [
                793,
                794,
                795,
                796,
                797,
                798,
                799
              ],
              "site": 20,
              "valtype": "modrate"
            }
          },
          "valtype": "modrate"
        },
        {
          "diagnostics": {
            "chisq": 1.5371065621939436e-07,
            "covariance": {
              "matrix": [
                [
                  0.1334130883558897,
                  -0.26576150597534226,
                  0.000480147880973498
                ],
                [
                  -0.26576150597534226,
                  0.8634590412094912,
                  -0.08984450259883449
                ],
                [
                  0.000480147880973498,
                  -0.08984450259883449,
                  0.03015566019075985
                ]
              ],
              "params": [
                "log_kappa",
                "log_kdeg",
                "log_fmod_0"
              ]
            },
            "ndata": 7,
            "nfree": 4,
            "r2": 0.8289932848820201,
            "reduced_chisq": 3.842766405484859e-08,
            "status": "completed",
            "success": true,
            "time_max": 2940.0,
            "time_min": 0.0
          },
          "nt_id": 490,
          "params": {
            "fmod0": 0.0009188374009147823,
            "kdeg": 0.0007352707065631487,
            "kobs": 0.0010412637652544813,
            "log_fmod0": -6.992401381714441,
            "log_fmod0_err": 0.17365385164389488,
            "log_kdeg": -7.2152718183110895,
            "log_kdeg_err": 0.9292249680295355,
            "log_kobs": -6.867320144638329,
            "log_kobs_err": 0.36525756440611834,
            "metadata": {
              "base": "G",
              "fmod_run_ids": [
                793,
                794,
                795,
                796,
                797,
                798,
                799
              ],
              "site": 21,
              "valtype": "modrate"
            }
          },
          "valtype": "modrate"
        },
        {
          "diagnostics": {
            "chisq": 8.811828043557721e-07,
            "covariance": {
              "matrix": [
                [
                  0.00188872415849508,
                  -0.00019305788215487785,
                  -0.006496110576063705
                ],
                [
                  -0.00019305788215487785,
                  0.013522814275240587,
                  -0.011559172841938449
                ],
                [
                  -0.006496110576063705,
                  -0.011559172841938449,
                  0.04032892869692074
                ]
              ],
              "params": [
                "log_kappa",
                "log_kdeg",
                "log_fmod_0"
              ]
            },
            "ndata": 7,
            "nfree": 4,
            "r2": 0.9926017178985906,
            "reduced_chisq": 2.2029570108894302e-07,
            "status": "completed",
            "success": true,
            "time_max": 2940.0,
            "time_min": 0.0
          },
          "nt_id": 491,
          "params": {
            "fmod0": 0.002132283663978539,
            "kdeg": 0.0018763520363282399,
            "kobs": 0.011538078827493732,
            "log_fmod0": -6.150561730882397,
            "log_fmod0_err": 0.20082063812497147,
            "log_kdeg": -6.278425793375662,
            "log_kdeg_err": 0.11628763595172355,
            "log_kobs": -4.462102511181374,
            "log_kobs_err": 0.04345945419002728,
            "metadata": {
              "base": "A",
              "fmod_run_ids": [
                793,
                794,
                795,
                796,
                797,
                798,
                799
              ],
              "site": 22,
              "valtype": "modrate"
            }
          },
          "valtype": "modrate"
        },
        {
          "diagnostics": {
            "chisq": 3.861686857317617e-06,
            "covariance": {
              "matrix": [
                [
                  5.908168512556177e+17,
                  -7.475119909121044e+17,
                  43660812.347201765
                ],
                [
                  -7.475119909121044e+17,
                  1.2075398401789245e+18,
                  -126592667.00857069
                ],
                [
                  43660812.347201765,
                  -126592667.00857069,
                  0.0379561071430896
                ]
              ],
              "params": [
                "log_kappa",
                "log_kdeg",
                "log_fmod_0"
              ]
            },
            "ndata": 7,
            "nfree": 4,
            "r2": -4.5255132974375556e-11,
            "reduced_chisq": 9.654217143294042e-07,
            "status": "completed",
            "success": true,
            "time_max": 2940.0,
            "time_min": 0.0
          },
          "nt_id": 492,
          "params": {
            "fmod0": 0.003004142858497038,
            "kdeg": 1.4596691907819092e-13,
            "kobs": 0.00033850472559226894,
            "log_fmod0": -5.807762990120112,
            "log_fmod0_err": 0.19482327156448637,
            "log_kdeg": -29.555396380532077,
            "log_kdeg_err": 1098881176.5513706,
            "log_kobs": -7.99097250531864,
            "log_kobs_err": 768646115.748735,
            "metadata": {
              "base": "U",
              "fmod_run_ids": [
                793,
                794,
                795,
                796,
                797,
                798,
                799
              ],
              "site": 23,
              "valtype": "modrate"
            }
          },
          "valtype": "modrate"
        },
        {
          "diagnostics": {
            "chisq": 5.062957142857141e-07,
            "ndata": 7,
            "nfree": 4,
            "r2": 0.0,
            "reduced_chisq": 1.2657392857142853e-07,
            "status": "completed",
            "success": true,
            "time_max": 2940.0,
            "time_min": 0.0
          },
          "nt_id": 493,
          "params": {
            "fmod0": 0.001499428571434863,
            "kdeg": 4.203102715424286e-19,
            "kobs": 4.540987258079748e-06,
            "log_fmod0": -6.502671195831521,
            "log_kdeg": -42.313293772565245,
            "log_kobs": -12.302366111824705,
            "metadata": {
              "base": "U",
              "fmod_run_ids": [
                793,
                794,
                795,
                796,
                797,
                798,
                799
              ],
              "site": 24,
              "valtype": "modrate"
            }
          },
          "valtype": "modrate"
        },
        {
          "diagnostics": {
            "chisq": 2.01479960101047e-07,
            "covariance": {
              "matrix": [
                [
                  0.00489335500306105,
                  -0.0033740640059059276,
                  -0.004754349975358756
                ],
                [
                  -0.0033740640059059276,
                  0.03944537900568488,
                  -0.011959783719606246
                ],
                [
                  -0.004754349975358756,
                  -0.011959783719606246,
                  0.013362617112186831
                ]
              ],
              "params": [
                "log_kappa",
                "log_kdeg",
                "log_fmod_0"
              ]
            },
            "ndata": 7,
            "nfree": 4,
            "r2": 0.98197766249041,
            "reduced_chisq": 5.036999002526175e-08,
            "status": "completed",
            "success": true,
            "time_max": 2940.0,
            "time_min": 0.0
          },
          "nt_id": 494,
          "params": {
            "fmod0": 0.001700646969139752,
            "kdeg": 0.001375036553252971,
            "kobs": 0.0035526086800557193,
            "log_fmod0": -6.376746530236185,
            "log_fmod0_err": 0.11559678677275953,
            "log_kdeg": -6.589274964032977,
            "log_kdeg_err": 0.19860860758206045,
            "log_kobs": -5.640073105904812,
            "log_kobs_err": 0.06995251963339884,
            "metadata": {
              "base": "C",
              "fmod_run_ids": [
                793,
                794,
                795,
                796,
                797,
                798,
                799
              ],
              "site": 25,
              "valtype": "modrate"
            }
          },
          "valtype": "modrate"
        },
        {
          "diagnostics": {
            "chisq": 7.75252929747825e-08,
            "covariance": {
              "matrix": [
                [
                  0.0007403809217824784,
                  -4.034762526742368e-05,
                  -0.0019047710855682144
                ],
                [
                  -4.034762526742368e-05,
                  0.005262132632538008,
                  -0.003304803749897578
                ],
                [
                  -0.0019047710855682144,
                  -0.003304803749897578,
                  0.008567248433134965
                ]
              ],
              "params": [
                "log_kappa",
                "log_kdeg",
                "log_fmod_0"
              ]
            },
            "ndata": 7,
            "nfree": 4,
            "r2": 0.9970650158084626,
