{
  "artifacts": {},
  "engine": "python_baseline",
  "engine_version": "0.1.0",
  "metadata": {
    "buffer_pH": 6.4,
    "done_by": [
      "EKC"
    ],
    "experiment_id": "ekc.01.0xx",
    "fmod_run_id": 861,
    "initial_kdeg": 0.046628528165773286,
    "initial_kdeg_source": "arrhenius:nmr:deg:dms:Schwalbe_bistris",
    "initial_log_kdeg": -3.065542732765291,
    "notes": "Baseline python engine demo using examples/nerd.sqlite",
    "rg_id": 113,
    "rg_label": "80_1_11",
    "rounds_requested": [
      "round1_free",
      "round2_global",
      "round3_constrained"
    ],
    "rt_protocol": [
      "MRT"
    ],
    "selected_site_bases": [
      "17_G",
      "18_G",
      "19_C",
      "1_U",
      "20_A",
      "21_G",
      "22_A",
      "23_U",
      "24_C",
      "25_U",
      "26_G",
      "27_A",
      "28_G",
      "29_C",
      "2_A",
      "30_C",
      "31_U",
      "32_G",
      "33_G",
      "34_G",
      "35_G",
      "36_G",
      "37_C",
      "38_U",
      "39_C",
      "3_A",
      "40_U",
      "41_C",
      "42_U",
      "43_G",
      "44_C",
      "45_C",
      "61_A",
      "62_A",
      "63_U",
      "64_C"
    ],
    "temperature_c": 80.0,
    "valtypes": [
      "modrate",
      "GAmodrate"
    ]
  },
  "rounds": [
    {
      "global_params": {},
      "notes": null,
      "per_nt": [
        {
          "diagnostics": {
            "reason": "Non-zero fmod values are required for a fit.",
            "status": "failed"
          },
          "nt_id": 19,
          "params": {},
          "valtype": "modrate"
        },
        {
          "diagnostics": {
            "reason": "Non-zero fmod values are required for a fit.",
            "status": "failed"
          },
          "nt_id": 20,
          "params": {},
          "valtype": "modrate"
        },
        {
          "diagnostics": {
            "reason": "Non-zero fmod values are required for a fit.",
            "status": "failed"
          },
          "nt_id": 21,
          "params": {},
          "valtype": "modrate"
        },
        {
          "diagnostics": {
            "reason": "Non-zero fmod values are required for a fit.",
            "status": "failed"
          },
          "nt_id": 22,
          "params": {},
          "valtype": "modrate"
        },
        {
          "diagnostics": {
            "chisq": 1.4326573714514768e-08,
            "covariance": {
              "matrix": [
                [
                  0.006934672029109795,
                  0.001751327667811346,
                  -0.010736951537564519
                ],
                [
                  0.001751327667811346,
                  0.03839972607839809,
                  -0.011541227534266446
                ],
                [
                  -0.010736951537564519,
                  -0.011541227534266446,
                  0.021892434523184394
                ]
              ],
              "params": [
                "log_kappa",
                "log_kdeg",
                "log_fmod_0"
              ]
            },
            "ndata": 7,
            "nfree": 4,
            "r2": 0.973332201588377,
            "reduced_chisq": 3.581643428628692e-09,
            "status": "completed",
            "success": true,
            "time_max": 135.0,
            "time_min": 0.0
          },
          "nt_id": 23,
          "params": {
            "fmod0": 0.0003989517300020238,
            "kdeg": 0.07653009246016312,
            "kobs": 0.0007881934537511084,
            "log_fmod0": -7.826670125831308,
            "log_fmod0_err": 0.14796092228417743,
            "log_kdeg": -2.5700712500052405,
            "log_kdeg_err": 0.19595848049624717,
            "log_kobs": -7.1457669985523635,
            "log_kobs_err": 0.08327467819877657,
            "metadata": {
              "base": "G",
              "fmod_run_ids": [
                856,
                857,
                858,
                859,
                860,
                861,
                862
              ],
              "site": 18,
              "valtype": "modrate"
            }
          },
          "valtype": "modrate"
        },
        {
          "diagnostics": {
            "chisq": 4.705832703472576e-06,
            "covariance": {
              "matrix": [
                [
                  0.001078047156620589,
                  0.00022100044816918149,
                  -0.03227582288187773
                ],
                [
                  0.00022100044816918149,
                  0.006577085353586321,
                  -0.04743474433072532
                ],
                [
                  -0.03227582288187773,
                  -0.04743474433072532,
                  1.4459940535343272
                ]
              ],
              "params": [
                "log_kappa",
                "log_kdeg",
                "log_fmod_0"
              ]
            },
            "ndata": 7,
            "nfree": 4,
            "r2": 0.9958997975156737,
            "reduced_chisq": 1.176458175868144e-06,
            "status": "completed",
            "success": true,
            "time_max": 135.0,
            "time_min": 0.0
          },
          "nt_id": 24,
          "params": {
            "fmod0": 0.0008649605679827572,
            "kdeg": 0.04920089314312963,
            "kobs": 0.03681479808181912,
            "log_fmod0": -7.052826638218576,
            "log_fmod0_err": 1.2024949286938083,
            "log_kdeg": -3.0118435023330012,
            "log_kdeg_err": 0.08109923152278523,
            "log_kobs": -3.3018553928479872,
            "log_kobs_err": 0.0328336284412885,
            "metadata": {
              "base": "C",
              "fmod_run_ids": [
                856,
                857,
                858,
                859,
                860,
                861,
                862
              ],
              "site": 19,
              "valtype": "modrate"
            }
          },
          "valtype": "modrate"
        },
        {
          "diagnostics": {
            "chisq": 7.84959488727606e-07,
            "covariance": {
              "matrix": [
                [
                  0.000996225778335236,
                  0.00022667420517772372,
                  -0.02922468692673175
                ],
                [
                  0.00022667420517772372,
                  0.006131050210815056,
                  -0.04283501858746671
                ],
                [
                  -0.02922468692673175,
                  -0.04283501858746671,
                  1.2692263695286539
                ]
              ],
              "params": [
                "log_kappa",
                "log_kdeg",
                "log_fmod_0"
              ]
            },
            "ndata": 7,
            "nfree": 4,
            "r2": 0.9961277505851392,
            "reduced_chisq": 1.962398721819015e-07,
            "status": "completed",
            "success": true,
            "time_max": 135.0,
            "time_min": 0.0
          },
          "nt_id": 25,
          "params": {
            "fmod0": 0.0003776703329383687,
            "kdeg": 0.05055853176479146,
            "kobs": 0.01531280092176799,
            "log_fmod0": -7.881488877959435,
            "log_fmod0_err": 1.1265994716529268,
            "log_kdeg": -2.9846235690273826,
            "log_kdeg_err": 0.07830102305088393,
            "log_kobs": -4.179066138836462,
            "log_kobs_err": 0.03156304450358419,
            "metadata": {
              "base": "A",
              "fmod_run_ids": [
                856,
                857,
                858,
                859,
                860,
                861,
                862
              ],
              "site": 20,
              "valtype": "modrate"
            }
          },
          "valtype": "modrate"
        },
        {
          "diagnostics": {
            "chisq": 3.3220830503099176e-09,
            "covariance": {
              "matrix": [
                [
                  0.0023598155889382084,
                  0.00024823730801042907,
                  -0.0028617940811929243
                ],
                [
                  0.00024823730801042907,
                  0.016152122347835984,
                  -0.004928095302405613
                ],
                [
                  -0.0028617940811929243,
                  -0.004928095302405613,
                  0.005720231536549418
                ]
              ],
              "params": [
                "log_kappa",
                "log_kdeg",
                "log_fmod_0"
              ]
            },
            "ndata": 7,
            "nfree": 4,
            "r2": 0.9906695116633527,
            "reduced_chisq": 8.305207625774794e-10,
            "status": "completed",
            "success": true,
            "time_max": 135.0,
            "time_min": 0.0
          },
          "nt_id": 26,
          "params": {
            "fmod0": 0.0003587043780170263,
            "kdeg": 0.042278336352226414,
            "kobs": 0.0006318926514891584,
            "log_fmod0": -7.933011968267662,
            "log_fmod0_err": 0.07563221229442794,
            "log_kdeg": -3.163480467093282,
            "log_kdeg_err": 0.1270910002629454,
            "log_kobs": -7.366791033483125,
            "log_kobs_err": 0.04857793314806846,
            "metadata": {
              "base": "G",
              "fmod_run_ids": [
                856,
                857,
                858,
                859,
                860,
                861,
                862
              ],
              "site": 21,
              "valtype": "modrate"
            }
          },
          "valtype": "modrate"
        },
        {
          "diagnostics": {
            "chisq": 4.889036648269989e-07,
            "covariance": {
              "matrix": [
                [
                  0.0009489841561367253,
                  0.0002474741965447961,
                  -0.027378824894446912
                ],
                [
                  0.0002474741965447961,
                  0.005616343075266852,
                  -0.03728034485974675
                ],
                [
                  -0.027378824894446912,
                  -0.03728034485974675,
                  1.1248380850874482
                ]
              ],
              "params": [
                "log_kappa",
                "log_kdeg",
                "log_fmod_0"
              ]
            },
            "ndata": 7,
            "nfree": 4,
            "r2": 0.9963106559610901,
            "reduced_chisq": 1.2222591620674972e-07,
            "status": "completed",
            "success": true,
            "time_max": 135.0,
            "time_min": 0.0
          },
          "nt_id": 27,
          "params": {
            "fmod0": 0.000319262642987279,
            "kdeg": 0.055694921269251574,
            "kobs": 0.012412242676112078,
            "log_fmod0": -8.049496461682978,
            "log_fmod0_err": 1.0605838416115192,
            "log_kdeg": -2.8878663162913054,
            "log_kdeg_err": 0.07494226494620276,
            "log_kobs": -4.389071980853968,
            "log_kobs_err": 0.030805586443642414,
            "metadata": {
              "base": "A",
              "fmod_run_ids": [
                856,
                857,
                858,
                859,
                860,
                861,
                862
              ],
              "site": 22,
              "valtype": "modrate"
            }
          },
          "valtype": "modrate"
        },
        {
          "diagnostics": {
            "chisq": 5.228128498011445e-07,
            "covariance": {
              "matrix": [
                [
                  0.016889658908555205,
                  -0.010985030310332116,
                  -0.030881956006839937
                ],
                [
                  -0.010985030310332116,
                  0.469107954086666,
                  -0.01178760054518446
                ],
                [
                  -0.030881956006839937,
                  -0.01178760054518446,
                  0.06844313058274747
                ]
              ],
              "params": [
                "log_kappa",
                "log_kdeg",
                "log_fmod_0"
              ]
            },
            "ndata": 7,
            "nfree": 4,
            "r2": 0.9377948967401626,
            "reduced_chisq": 1.3070321245028613e-07,
            "status": "completed",
            "success": true,
            "time_max": 135.0,
            "time_min": 0.0
          },
          "nt_id": 28,
          "params": {
            "fmod0": 0.0013818420190726194,
            "kdeg": 0.26233064486944196,
            "kobs": 0.0030690851583078543,
            "log_fmod0": -6.584337873432409,
            "log_fmod0_err": 0.261616380570383,
            "log_kdeg": -1.3381495675594033,
            "log_kdeg_err": 0.6849145596982634,
            "log_kobs": -5.786375755828606,
            "log_kobs_err": 0.12996022048517464,
            "metadata": {
              "base": "U",
              "fmod_run_ids": [
                856,
                857,
                858,
                859,
                860,
                861,
                862
              ],
              "site": 23,
              "valtype": "modrate"
            }
          },
          "valtype": "modrate"
        },
        {
          "diagnostics": {
            "chisq": 2.897209715655271e-07,
            "covariance": {
              "matrix": [
                [
                  0.00022826168498015753,
                  5.970613889174494e-05,
                  -0.003581020370894665
                ],
                [
                  5.970613889174494e-05,
                  0.001329141601065471,
                  -0.004755354502158161
                ],
                [
                  -0.003581020370894665,
                  -0.004755354502158161,
                  0.07930878104949246
                ]
              ],
              "params": [
                "log_kappa",
                "log_kdeg",
                "log_fmod_0"
              ]
            },
            "ndata": 7,
            "nfree": 4,
            "r2": 0.9991171727617372,
            "reduced_chisq": 7.243024289138178e-08,
            "status": "completed",
            "success": true,
            "time_max": 135.0,
            "time_min": 0.0
          },
          "nt_id": 29,
          "params": {
            "fmod0": 0.0009274918594032216,
            "kdeg": 0.05703560619936019,
            "kobs": 0.019656931392586948,
            "log_fmod0": -6.983026540444952,
            "log_fmod0_err": 0.28161814758550713,
            "log_kdeg": -2.8640795360085667,
            "log_kdeg_err": 0.03645739432632934,
            "log_kobs": -3.9293252602406303,
            "log_kobs_err": 0.01510833164118916,
            "metadata": {
              "base": "C",
              "fmod_run_ids": [
                856,
                857,
                858,
                859,
                860,
                861,
                862
              ],
              "site": 24,
              "valtype": "modrate"
            }
          },
          "valtype": "modrate"
        },
        {
          "diagnostics": {
            "chisq": 2.950135580841551e-07,
            "covariance": {
              "matrix": [
                [
                  0.018664943072718595,
                  0.00262919081536878,
                  -0.03099131974180863
                ],
                [
                  0.00262919081536878,
                  0.10971350294732883,
                  -0.02646178385131422
                ],
                [
                  -0.03099131974180863,
                  -0.02646178385131422,
                  0.06535817040743246
                ]
              ],
              "params": [
                "log_kappa",
                "log_kdeg",
                "log_fmod_0"
              ]
            },
            "ndata": 7,
            "nfree": 4,
            "r2": 0.9308858300244032,
            "reduced_chisq": 7.375338952103877e-08,
            "status": "completed",
            "success": true,
            "time_max": 135.0,
            "time_min": 0.0
          },
          "nt_id": 30,
          "params": {
            "fmod0": 0.0010567060269895282,
            "kdeg": 0.10287732083361607,
            "kobs": 0.002197656335191791,
            "log_fmod0": -6.8525987309379,
            "log_fmod0_err": 0.25565244064438825,
            "log_kdeg": -2.274218060495836,
            "log_kdeg_err": 0.33123028688108946,
            "log_kobs": -6.120363788641105,
            "log_kobs_err": 0.13661970235920803,
            "metadata": {
              "base": "U",
              "fmod_run_ids": [
                856,
                857,
                858,
                859,
                860,
                861,
                862
              ],
              "site": 25,
              "valtype": "modrate"
            }
          },
          "valtype": "modrate"
        },
        {
          "diagnostics": {
            "chisq": 6.10622449470198e-08,
            "covariance": {
              "matrix": [
                [
                  0.4620792310841988,
                  -0.9503900504544407,
                  0.022213783053097957
                ],
                [
                  -0.9503900504544407,
                  2.5751533763494705,
                  -0.17047024700333802
                ],
                [
                  0.022213783053097957,
                  -0.17047024700333802,
                  0.033345138645860806
                ]
              ],
              "params": [
                "log_kappa",
                "log_kdeg",
                "log_fmod_0"
              ]
            },
            "ndata": 7,
            "nfree": 4,
            "r2": 0.6919622006869818,
            "reduced_chisq": 1.526556123675495e-08,
            "status": "completed",
            "success": true,
            "time_max": 135.0,
            "time_min": 0.0
          },
          "nt_id": 31,
          "params": {
            "fmod0": 0.0005510839212825895,
            "kdeg": 0.013199550441252057,
            "kobs": 0.0004695529123367494,
            "log_fmod0": -7.503623453180998,
            "log_fmod0_err": 0.18260651315290155,
            "log_kdeg": -4.327572507450686,
            "log_kdeg_err": 1.6047284431795525,
            "log_kobs": -7.66372956633325,
            "log_kobs_err": 0.6797640995847006,
            "metadata": {
              "base": "G",
              "fmod_run_ids": [
                856,
                857,
                858,
                859,
                860,
                861,
                862
              ],
              "site": 26,
              "valtype": "modrate"
            }
          },
          "valtype": "modrate"
        },
        {
          "diagnostics": {
            "chisq": 2.3467034203113215e-06,
            "covariance": {
              "matrix": [
                [
                  0.0051974239787552345,
                  0.00024469208107819095,
                  -0.2249121807677078
                ],
                [
                  0.00024469208107819095,
                  0.036182215579649804,
                  -0.40142658573586076
                ],
                [
                  -0.2249121807677078,
                  -0.40142658573586076,
                  16.67286898124025
                ]
              ],
              "params": [
                "log_kappa",
                "log_kdeg",
                "log_fmod_0"
              ]
            },
            "ndata": 7,
            "nfree": 4,
            "r2": 0.9798814642002583,
            "reduced_chisq": 5.866758550778304e-07,
            "status": "completed",
            "success": true,
            "time_max": 135.0,
            "time_min": 0.0
          },
          "nt_id": 32,
          "params": {
            "fmod0": 0.00017566117532753233,
            "kdeg": 0.040207371902032,
            "kobs": 0.01143352115843338,
            "log_fmod0": -8.646953558574697,
            "log_fmod0_err": 4.083242459276726,
            "log_kdeg": -3.213704919521775,
            "log_kdeg_err": 0.19021623374373126,
            "log_kobs": -4.471205785761972,
            "log_kobs_err": 0.07209316180301177,
            "metadata": {
              "base": "A",
              "fmod_run_ids": [
                856,
                857,
                858,
                859,
                860,
                861,
                862
              ],
              "site": 27,
              "valtype": "modrate"
            }
          },
          "valtype": "modrate"
        },
        {
          "diagnostics": {
            "chisq": 7.653774800444113e-09,
            "covariance": {
              "matrix": [
                [
                  0.009572218870980854,
                  0.0022090221957387513,
                  -0.009503373639224877
                ],
                [
                  0.0022090221957387513,
                  0.05306507363830994,
                  -0.009636763289336103
                ],
                [
                  -0.009503373639224877,
                  -0.009636763289336103,
                  0.012282787831583002
                ]
              ],
              "params": [
                "log_kappa",
                "log_kdeg",
                "log_fmod_0"
              ]
            },
            "ndata": 7,
            "nfree": 4,
            "r2": 0.9634796175648258,
            "reduced_chisq": 1.9134437001110282e-09,
            "status": "completed",
            "success": true,
            "time_max": 135.0,
            "time_min": 0.0
          },
          "nt_id": 33,
          "params": {
            "fmod0": 0.00039038288217675427,
            "kdeg": 0.08252847101137178,
            "kobs": 0.0004913416570960103,
            "log_fmod0": -7.848382551269953,
            "log_fmod0_err": 0.11082773944993646,
            "log_kdeg": -2.4946119420077606,
            "log_kdeg_err": 0.23035857622044362,
            "log_kobs": -7.618370832854261,
            "log_kobs_err": 0.0978377170163984,
            "metadata": {
              "base": "G",
              "fmod_run_ids": [
                856,
                857,
                858,
                859,
                860,
                861,
                862
              ],
              "site": 28,
              "valtype": "modrate"
            }
          },
          "valtype": "modrate"
        },
        {
          "diagnostics": {
            "chisq": 1.668486577292144e-06,
            "covariance": {
              "matrix": [
                [
                  0.0016290982238724632,
                  -0.0004414738106884455,
                  -0.011091842263770609
                ],
                [
                  -0.0004414738106884455,
                  0.012603008710680146,
                  -0.024170828890203996
                ],
                [
                  -0.011091842263770609,
                  -0.024170828890203996,
                  0.16256676728521957
                ]
              ],
              "params": [
                "log_kappa",
                "log_kdeg",
                "log_fmod_0"
              ]
            },
            "ndata": 7,
            "nfree": 4,
            "r2": 0.9937022418595466,
            "reduced_chisq": 4.17121644323036e-07,
            "status": "completed",
            "success": true,
            "time_max": 135.0,
            "time_min": 0.0
          },
          "nt_id": 34,
          "params": {
            "fmod0": 0.0014618560324951577,
            "kdeg": 0.033038898563866964,
            "kobs": 0.01744987405846095,
            "log_fmod0": -6.528048395488861,
            "log_fmod0_err": 0.4031956935350619,
            "log_kdeg": -3.410069667329736,
            "log_kdeg_err": 0.11226312266581642,
            "log_kobs": -4.04842284763992,
            "log_kobs_err": 0.04036208894336941,
            "metadata": {
              "base": "C",
              "fmod_run_ids": [
                856,
                857,
                858,
                859,
                860,
                861,
                862
              ],
              "site": 29,
              "valtype": "modrate"
            }
          },
          "valtype": "modrate"
        },
        {
          "diagnostics": {
            "chisq": 2.03324284936054e-06,
            "covariance": {
              "matrix": [
                [
                  0.002079377311661196,
                  -9.832981014105504e-05,
                  -0.01929686816509768
                ],
                [
                  -9.832981014105504e-05,
                  0.014980514484346844,
                  -0.03665487543243089
                ],
                [
                  -0.01929686816509768,
                  -0.03665487543243089,
                  0.3276289217161412
                ]
              ],
              "params": [
                "log_kappa",
                "log_kdeg",
                "log_fmod_0"
              ]
            },
            "ndata": 7,
            "nfree": 4,
            "r2": 0.9918987197553937,
            "reduced_chisq": 5.08310712340135e-07,
            "status": "completed",
            "success": true,
            "time_max": 135.0,
            "time_min": 0.0
          },
          "nt_id": 35,
          "params": {
            "fmod0": 0.0011563143999729342,
            "kdeg": 0.03748792529378164,
            "kobs": 0.016922462025160165,
            "log_fmod0": -6.762517573414786,
            "log_fmod0_err": 0.5723887854563026,
            "log_kdeg": -3.2837363900222027,
            "log_kdeg_err": 0.12239491200350955,
            "log_kobs": -4.079113425628339,
            "log_kobs_err": 0.04560018982045136,
            "metadata": {
              "base": "C",
              "fmod_run_ids": [
                856,
                857,
                858,
                859,
                860,
                861,
                862
              ],
              "site": 30,
              "valtype": "modrate"
            }
          },
          "valtype": "modrate"
        },
        {
          "diagnostics": {
            "chisq": 1.4156292453952134e-07,
            "covariance": {
              "matrix": [
                [
                  0.01085828924489803,
                  0.0022442952340670144,
                  -0.014235405645356178
                ],
                [
                  0.0022442952340670144,
                  0.060644081853543474,
                  -0.013693986684979318
                ],
                [
                  -0.014235405645356178,
                  -0.013693986684979318,
                  0.024086141252805403
                ]
              ],
              "params": [
                "log_kappa",
                "log_kdeg",
                "log_fmod_0"
              ]
            },
            "ndata": 7,
            "nfree": 4,
            "r2": 0.9587589797508722,
            "reduced_chisq": 3.5390731134880335e-08,
            "status": "completed",
            "success": true,
            "time_max": 135.0,
            "time_min": 0.0
          },
          "nt_id": 36,
          "params": {
            "fmod0": 0.0012014192458986688,
            "kdeg": 0.08818011727296661,
            "kobs": 0.0019903570361670254,
            "log_fmod0": -6.72425171611712,
            "log_fmod0_err": 0.1551971045245542,
            "log_kdeg": -2.4283737691261873,
            "log_kdeg_err": 0.2462601913699075,
            "log_kobs": -6.219441241179402,
            "log_kobs_err": 0.1042031153320189,
            "metadata": {
              "base": "U",
              "fmod_run_ids": [
                856,
                857,
                858,
                859,
                860,
                861,
                862
              ],
              "site": 31,
              "valtype": "modrate"
            }
          },
          "valtype": "modrate"
        },
        {
          "diagnostics": {
            "chisq": 8.237592910828818e-08,
            "covariance": {
              "matrix": [
                [
                  0.027075999122347805,
                  -0.0010343407384260938,
                  -0.03291388191291917
                ],
                [
                  -0.0010343407384260938,
                  0.20754688630161922,
                  -0.02188645482731911
                ],
                [
                  -0.03291388191291917,
                  -0.02188645482731911,
                  0.049711529183957236
                ]
              ],
              "params": [
                "log_kappa",
                "log_kdeg",
                "log_fmod_0"
              ]
            },
            "ndata": 7,
            "nfree": 4,
            "r2": 0.9023754510600274,
            "reduced_chisq": 2.0593982277072044e-08,
            "status": "completed",
            "success": true,
            "time_max": 135.0,
            "time_min": 0.0
          },
          "nt_id": 37,
          "params": {
            "fmod0": 0.0006427923368258626,
            "kdeg": 0.14186178932142196,
            "kobs": 0.0009642593680552316,
            "log_fmod0": -7.349688845724775,
            "log_fmod0_err": 0.22296082432561384,
            "log_kdeg": -1.9529020099970202,
            "log_kdeg_err": 0.45557314045235286,
            "log_kobs": -6.944150245543062,
            "log_kobs_err": 0.16454786270975325,
            "metadata": {
              "base": "G",
              "fmod_run_ids": [
                856,
                857,
                858,
                859,
                860,
                861,
                862
              ],
              "site": 32,
              "valtype": "modrate"
            }
          },
          "valtype": "modrate"
        },
        {
          "diagnostics": {
            "chisq": 1.1587277672045114e-08,
            "covariance": {
              "matrix": [
                [
                  0.039243023137213395,
                  -0.021061209326726067,
                  -0.009330880370442367
                ],
                [
                  -0.021061209326726067,
                  0.3266434701488078,
                  -0.023909673658409653
                ],
                [
                  -0.009330880370442367,
                  -0.023909673658409653,
                  0.005921038347112609
                ]
              ],
              "params": [
                "log_kappa",
                "log_kdeg",
                "log_fmod_0"
              ]
            },
            "ndata": 7,
            "nfree": 4,
            "r2": 0.8684272056081772,
            "reduced_chisq": 2.8968194180112785e-09,
            "status": "completed",
            "success": true,
            "time_max": 135.0,
            "time_min": 0.0
          },
          "nt_id": 38,
          "params": {
            "fmod0": 0.0006275889116863398,
            "kdeg": 0.029573459329290598,
            "kobs": 0.0002963669627463168,
            "log_fmod0": -7.373625205065267,
            "log_fmod0_err": 0.07694828358782675,
            "log_kdeg": -3.520877964158782,
            "log_kdeg_err": 0.5715273135632345,
            "log_kobs": -8.12391213247424,
            "log_kobs_err": 0.19809851876582368,
            "metadata": {
              "base": "G",
              "fmod_run_ids": [
                856,
                857,
                858,
                859,
                860,
                861,
                862
              ],
              "site": 33,
              "valtype": "modrate"
            }
          },
          "valtype": "modrate"
        },
        {
          "diagnostics": {
            "chisq": 4.508012186126871e-09,
            "covariance": {
              "matrix": [
                [
                  0.0038902081401168136,
                  0.0006849753446011369,
                  -0.0022101277415176516
                ],
                [
                  0.0006849753446011369,
                  0.025502261028120667,
                  -0.0035527890285630107
                ],
                [
                  -0.0022101277415176516,
                  -0.0035527890285630107,
                  0.0019600604857528212
                ]
              ],
              "params": [
                "log_kappa",
                "log_kdeg",
                "log_fmod_0"
              ]
            },
            "ndata": 7,
            "nfree": 4,
            "r2": 0.9847570901834843,
            "reduced_chisq": 1.1270030465317178e-09,
            "status": "completed",
            "success": true,
            "time_max": 135.0,
            "time_min": 0.0
          },
          "nt_id": 39,
          "params": {
            "fmod0": 0.0007205157178480432,
            "kdeg": 0.04583989760939115,
            "kobs": 0.0005751543920195671,
            "log_fmod0": -7.235543327567582,
            "log_fmod0_err": 0.044272570354033224,
            "log_kdeg": -3.082600440230173,
            "log_kdeg_err": 0.15969427362344796,
            "log_kobs": -7.460872045348591,
            "log_kobs_err": 0.06237153309096077,
            "metadata": {
              "base": "G",
              "fmod_run_ids": [
                856,
                857,
                858,
                859,
                860,
                861,
                862
              ],
              "site": 34,
              "valtype": "modrate"
            }
          },
          "valtype": "modrate"
        },
        {
          "diagnostics": {
            "chisq": 1.2819085778323384e-08,
            "covariance": {
              "matrix": [
                [
                  0.03631869254204723,
                  0.006086074592990455,
                  -0.01585529318834558
                ],
                [
                  0.006086074592990455,
                  0.23955953676434893,
                  -0.0257344410269246
                ],
                [
                  -0.01585529318834558,
                  -0.0257344410269246,
                  0.010880167003732023
                ]
              ],
              "params": [
                "log_kappa",
                "log_kdeg",
                "log_fmod_0"
              ]
            },
            "ndata": 7,
            "nfree": 4,
            "r2": 0.8736534409881702,
            "reduced_chisq": 3.204771444580846e-09,
            "status": "completed",
            "success": true,
            "time_max": 135.0,
            "time_min": 0.0
          },
          "nt_id": 40,
          "params": {
            "fmod0": 0.000515042294214649,
            "kdeg": 0.04532568134686295,
            "kobs": 0.0003171683029560685,
            "log_fmod0": -7.571261535983947,
            "log_fmod0_err": 0.1043080390177671,
            "log_kdeg": -3.0938814899806744,
            "log_kdeg_err": 0.489448196200935,
            "log_kobs": -8.05607800082572,
            "log_kobs_err": 0.1905746377198373,
            "metadata": {
              "base": "G",
              "fmod_run_ids": [
                856,
                857,
                858,
                859,
                860,
                861,
                862
              ],
              "site": 35,
              "valtype": "modrate"
            }
          },
          "valtype": "modrate"
        },
        {
          "diagnostics": {
            "chisq": 2.1276127183686773e-08,
            "covariance": {
              "matrix": [
                [
                  0.017470284431110875,
                  0.000452135223431637,
                  -0.012165794969130016
                ],
                [
                  0.000452135223431637,
                  0.1242718963522851,
                  -0.022301801419625848
                ],
                [
                  -0.012165794969130016,
                  -0.022301801419625848,
                  0.01478701103582527
                ]
              ],
              "params": [
                "log_kappa",
                "log_kdeg",
                "log_fmod_0"
              ]
            },
            "ndata": 7,
            "nfree": 4,
            "r2": 0.9347219610619397,
            "reduced_chisq": 5.319031795921693e-09,
            "status": "completed",
            "success": true,
            "time_max": 135.0,
            "time_min": 0.0
          },
          "nt_id": 41,
          "params": {
            "fmod0": 0.0005597919225849148,
            "kdeg": 0.039460913103026435,
            "kobs": 0.0005868559041985683,
            "log_fmod0": -7.487945410095784,
            "log_fmod0_err": 0.12160185457395488,
            "log_kdeg": -3.2324446386902017,
            "log_kdeg_err": 0.35252219270889185,
            "log_kobs": -7.440731246637928,
            "log_kobs_err": 0.13217520354102305,
            "metadata": {
              "base": "G",
              "fmod_run_ids": [
                856,
                857,
                858,
                859,
                860,
                861,
                862
              ],
              "site": 36,
              "valtype": "modrate"
            }
          },
          "valtype": "modrate"
        },
        {
          "diagnostics": {
            "chisq": 1.9393289767221234e-06,
            "covariance": {
              "matrix": [
                [
                  0.0017574002010536935,
                  -0.00029695694617896365,
                  -0.02707974257528628
                ],
                [
                  -0.00029695694617896365,
                  0.013193171590850572,
                  -0.05552678115714171
                ],
                [
                  -0.02707974257528628,
                  -0.05552678115714171,
                  0.8329253535170346
                ]
              ],
              "params": [
                "log_kappa",
                "log_kdeg",
                "log_fmod_0"
              ]
            },
            "ndata": 7,
            "nfree": 4,
            "r2": 0.993175825552058,
            "reduced_chisq": 4.848322441805309e-07,
            "status": "completed",
            "success": true,
            "time_max": 135.0,
            "time_min": 0.0
          },
          "nt_id": 42,
          "params": {
            "fmod0": 0.0007013754939367514,
            "kdeg": 0.034818051231239364,
            "kobs": 0.01804733967489903,
            "log_fmod0": -7.262467159652785,
            "log_fmod0_err": 0.9126474420700661,
            "log_kdeg": -3.357619313145712,
            "log_kdeg_err": 0.1148615322501427,
            "log_kobs": -4.014756991497881,
            "log_kobs_err": 0.041921357337921364,
            "metadata": {
              "base": "C",
              "fmod_run_ids": [
                856,
                857,
                858,
                859,
                860,
                861,
                862
              ],
              "site": 37,
              "valtype": "modrate"
            }
          },
          "valtype": "modrate"
        },
        {
          "diagnostics": {
            "chisq": 2.065991371538723e-07,
            "covariance": {
              "matrix": [
                [
                  0.02147551094238125,
                  0.0022037664511301426,
                  -0.03448348285198836
                ],
