{
  "artifacts": {},
  "engine": "python_baseline",
  "engine_version": "0.1.0",
  "metadata": {
    "buffer_pH": 6.4,
    "done_by": [
      "EKC"
    ],
    "experiment_id": "ekc.01.0xx",
    "fmod_run_id": 110,
    "initial_kdeg": 0.00019988273628914496,
    "initial_kdeg_source": "arrhenius:nmr:deg:dms:Schwalbe_bistris",
    "initial_log_kdeg": -8.517779681922452,
    "notes": "Baseline python engine demo using examples/nerd.sqlite",
    "rg_id": 83,
    "rg_label": "25_1_15",
    "rounds_requested": [
      "round1_free",
      "round2_global",
      "round3_constrained"
    ],
    "rt_protocol": [
      "MRT"
    ],
    "selected_site_bases": [
      "17_G",
      "18_G",
      "19_C",
      "1_U",
      "20_A",
      "21_G",
      "22_A",
      "23_U",
      "24_C",
      "25_U",
      "26_G",
      "27_A",
      "28_G",
      "29_C",
      "2_A",
      "30_C",
      "31_U",
      "32_G",
      "33_G",
      "34_G",
      "35_A",
      "36_G",
      "37_C",
      "38_U",
      "39_C",
      "3_A",
      "40_U",
      "41_C",
      "42_U",
      "43_G",
      "44_C",
      "45_C",
      "61_A",
      "62_A",
      "63_U",
      "64_C"
    ],
    "temperature_c": 25.0,
    "valtypes": [
      "modrate",
      "GAmodrate"
    ]
  },
  "rounds": [
    {
      "global_params": {},
      "notes": null,
      "per_nt": [
        {
          "diagnostics": {
            "reason": "Non-zero fmod values are required for a fit.",
            "status": "failed"
          },
          "nt_id": 315,
          "params": {},
          "valtype": "modrate"
        },
        {
          "diagnostics": {
            "reason": "Non-zero fmod values are required for a fit.",
            "status": "failed"
          },
          "nt_id": 316,
          "params": {},
          "valtype": "modrate"
        },
        {
          "diagnostics": {
            "reason": "Non-zero fmod values are required for a fit.",
            "status": "failed"
          },
          "nt_id": 317,
          "params": {},
          "valtype": "modrate"
        },
        {
          "diagnostics": {
            "reason": "Non-zero fmod values are required for a fit.",
            "status": "failed"
          },
          "nt_id": 318,
          "params": {},
          "valtype": "modrate"
        },
        {
          "diagnostics": {
            "chisq": 3.4047051821208207e-07,
            "covariance": {
              "matrix": [
                [
                  790572837749.3297,
                  -790508188522.2893,
                  86704.56749923735
                ],
                [
                  -790508188522.2893,
                  790443544581.9972,
                  -86697.51009458529
                ],
                [
                  86704.56749923735,
                  -86697.51009458529,
                  0.04969226373952183
                ]
              ],
              "params": [
                "log_kappa",
                "log_kdeg",
                "log_fmod_0"
              ]
            },
            "ndata": 6,
            "nfree": 3,
            "r2": 0.8771419338456075,
            "reduced_chisq": 1.1349017273736069e-07,
            "status": "completed",
            "success": true,
            "time_max": 27000.0,
            "time_min": 900.0
          },
          "nt_id": 319,
          "params": {
            "fmod0": 0.001052537361331476,
            "kdeg": 4.934523427887185e-11,
            "kobs": 1383.6142818928301,
            "log_fmod0": -6.856551495335651,
            "log_fmod0_err": 0.22291761648537747,
            "log_kdeg": -23.73217992454258,
            "log_kdeg_err": 889068.9200405091,
            "log_kobs": 7.232454399279781,
            "log_kobs_err": 889141.6297471004,
            "metadata": {
              "base": "G",
              "fmod_run_ids": [
                107,
                108,
                109,
                110,
                111,
                112
              ],
              "site": 18,
              "valtype": "modrate"
            }
          },
          "valtype": "modrate"
        },
        {
          "diagnostics": {
            "chisq": 6.701487784630726e-07,
            "covariance": {
              "matrix": [
                [
                  959995664265.5361,
                  -959918559936.4403,
                  68312.4437314717
                ],
                [
                  -959918559936.4403,
                  959841461800.2185,
                  -68306.97258369756
                ],
                [
                  68312.4437314717,
                  -68306.97258369756,
                  0.01221544488814826
                ]
              ],
              "params": [
                "log_kappa",
                "log_kdeg",
                "log_fmod_0"
              ]
            },
            "ndata": 6,
            "nfree": 3,
            "r2": 0.8542481466427321,
            "reduced_chisq": 2.2338292615435752e-07,
            "status": "completed",
            "success": true,
            "time_max": 27000.0,
            "time_min": 900.0
          },
          "nt_id": 320,
          "params": {
            "fmod0": 0.0034520374088995573,
            "kdeg": 5.827681584033613e-11,
            "kobs": 1489.629539797272,
            "log_fmod0": -5.66879066894263,
            "log_fmod0_err": 0.11052350378154079,
            "log_kdeg": -23.565816771640858,
            "log_kdeg_err": 979714.9900865142,
            "log_kobs": 7.306282737017149,
            "log_kobs_err": 979793.6845405445,
            "metadata": {
              "base": "C",
              "fmod_run_ids": [
                107,
                108,
                109,
                110,
                111,
                112
              ],
              "site": 19,
              "valtype": "modrate"
            }
          },
          "valtype": "modrate"
        },
        {
          "diagnostics": {
            "chisq": 1.3331365348477978e-07,
            "covariance": {
              "matrix": [
                [
                  0.0030325728660570085,
                  0.0033029114317281423,
                  -0.010056555048074409
                ],
                [
                  0.0033029114317281423,
                  0.011900242653307951,
                  -0.016082636159857083
                ],
                [
                  -0.010056555048074409,
                  -0.016082636159857083,
                  0.03839805311626484
                ]
              ],
              "params": [
                "log_kappa",
                "log_kdeg",
                "log_fmod_0"
              ]
            },
            "ndata": 6,
            "nfree": 3,
            "r2": 0.9937466663665508,
            "reduced_chisq": 4.443788449492659e-08,
            "status": "completed",
            "success": true,
            "time_max": 27000.0,
            "time_min": 900.0
          },
          "nt_id": 321,
          "params": {
            "fmod0": 0.0019849660273171766,
            "kdeg": 0.00030346457731415973,
            "kobs": 0.006907332201647121,
            "log_fmod0": -6.222153479691116,
            "log_fmod0_err": 0.1959542117849597,
            "log_kdeg": -8.100245668232965,
            "log_kdeg_err": 0.10908823334030096,
            "log_kobs": -4.975171793659067,
            "log_kobs_err": 0.05506880120410293,
            "metadata": {
              "base": "A",
              "fmod_run_ids": [
                107,
                108,
                109,
                110,
                111,
                112
              ],
              "site": 20,
              "valtype": "modrate"
            }
          },
          "valtype": "modrate"
        },
        {
          "diagnostics": {
            "chisq": 1.4815791635231362e-07,
            "covariance": {
              "matrix": [
                [
                  0.30693269189127986,
                  -0.6872238116172332,
                  0.05380368440000991
                ],
                [
                  -0.6872238116172332,
                  2.2689773020335107,
                  -0.3992136334649388
                ],
                [
                  0.05380368440000991,
                  -0.3992136334649388,
                  0.1349006631129299
                ]
              ],
              "params": [
                "log_kappa",
                "log_kdeg",
                "log_fmod_0"
              ]
            },
            "ndata": 6,
            "nfree": 3,
            "r2": 0.7715408109999234,
            "reduced_chisq": 4.9385972117437876e-08,
            "status": "completed",
            "success": true,
            "time_max": 27000.0,
            "time_min": 900.0
          },
          "nt_id": 322,
          "params": {
            "fmod0": 0.0006569229909563745,
            "kdeg": 6.836360398090001e-05,
            "kobs": 0.001027345297243454,
            "log_fmod0": -7.327943759505866,
            "log_fmod0_err": 0.36728825615983135,
            "log_kdeg": -9.59066998049656,
            "log_kdeg_err": 1.5063124848561504,
            "log_kobs": -6.880777185223,
            "log_kobs_err": 0.554015064679003,
            "metadata": {
              "base": "G",
              "fmod_run_ids": [
                107,
                108,
                109,
                110,
                111,
                112
              ],
              "site": 21,
              "valtype": "modrate"
            }
          },
          "valtype": "modrate"
        },
        {
          "diagnostics": {
            "chisq": 4.572031465985438e-07,
            "covariance": {
              "matrix": [
                [
                  0.0015147154846406397,
                  0.0018157669250235787,
                  -0.06965819842686771
                ],
                [
                  0.0018157669250235787,
                  0.004724388354962866,
                  -0.1015594919650112
                ],
                [
                  -0.06965819842686771,
                  -0.1015594919650112,
                  3.4326050927225626
                ]
              ],
              "params": [
                "log_kappa",
                "log_kdeg",
                "log_fmod_0"
              ]
            },
            "ndata": 6,
            "nfree": 3,
            "r2": 0.9976306073701423,
            "reduced_chisq": 1.5240104886618127e-07,
            "status": "completed",
            "success": true,
            "time_max": 27000.0,
            "time_min": 900.0
          },
          "nt_id": 323,
          "params": {
            "fmod0": 0.0005009323994663074,
            "kdeg": 0.00042136832914121844,
            "kobs": 0.023422998254610906,
            "log_fmod0": -7.5990393971884185,
            "log_fmod0_err": 1.852729093181883,
            "log_kdeg": -7.772003215704231,
            "log_kdeg_err": 0.06873418621736105,
            "log_kobs": -3.7540369078874023,
            "log_kobs_err": 0.038919345891736665,
            "metadata": {
              "base": "A",
              "fmod_run_ids": [
                107,
                108,
                109,
                110,
                111,
                112
              ],
              "site": 22,
              "valtype": "modrate"
            }
          },
          "valtype": "modrate"
        },
        {
          "diagnostics": {
            "chisq": 2.058474186184438e-06,
            "covariance": {
              "matrix": [
                [
                  17322.811661347623,
                  -17364.05361152211,
                  -2.1233191456786678
                ],
                [
                  -17364.05361152211,
                  17407.224028777313,
                  2.0282547641473196
                ],
                [
                  -2.1233191456786678,
                  2.0282547641473196,
                  0.009803555742265968
                ]
              ],
              "params": [
                "log_kappa",
                "log_kdeg",
                "log_fmod_0"
              ]
            },
            "ndata": 6,
            "nfree": 3,
            "r2": 0.15453813442220665,
            "reduced_chisq": 6.861580620614794e-07,
            "status": "completed",
            "success": true,
            "time_max": 27000.0,
            "time_min": 900.0
          },
          "nt_id": 324,
          "params": {
            "fmod0": 0.005302868264772307,
            "kdeg": 1.5472557744025909e-15,
            "kobs": 17366739.273562513,
            "log_fmod0": -5.239507422777734,
            "log_fmod0_err": 0.09901290694786194,
            "log_kdeg": -34.102293501237924,
            "log_kdeg_err": 131.9364393515958,
            "log_kobs": 16.670067398866085,
            "log_kobs_err": 131.6161527372215,
            "metadata": {
              "base": "U",
              "fmod_run_ids": [
                107,
                108,
                109,
                110,
                111,
                112
              ],
              "site": 23,
              "valtype": "modrate"
            }
          },
          "valtype": "modrate"
        },
        {
          "diagnostics": {
            "chisq": 4.741601225758288e-06,
            "covariance": {
              "matrix": [
                [
                  0.002971674102069656,
                  0.003352741485234198,
                  -0.11298300529481464
                ],
                [
                  0.003352741485234198,
                  0.009995636193090978,
                  -0.16805420767348392
                ],
                [
                  -0.11298300529481464,
                  -0.16805420767348392,
                  4.741178680595805
                ]
              ],
              "params": [
                "log_kappa",
                "log_kdeg",
                "log_fmod_0"
              ]
            },
            "ndata": 6,
            "nfree": 3,
            "r2": 0.9948288738868916,
            "reduced_chisq": 1.5805337419194293e-06,
            "status": "completed",
            "success": true,
            "time_max": 27000.0,
            "time_min": 900.0
          },
          "nt_id": 325,
          "params": {
            "fmod0": 0.0012080892389247373,
            "kdeg": 0.00035554888720330525,
            "kobs": 0.048829121569525916,
            "log_fmod0": -6.718715308915943,
            "log_fmod0_err": 2.1774247818457027,
            "log_kdeg": -7.941847801429252,
            "log_kdeg_err": 0.09997817858458403,
            "log_kobs": -3.0194283906356922,
            "log_kobs_err": 0.054513063590938056,
            "metadata": {
              "base": "C",
              "fmod_run_ids": [
                107,
                108,
                109,
                110,
                111,
                112
              ],
              "site": 24,
              "valtype": "modrate"
            }
          },
          "valtype": "modrate"
        },
        {
          "diagnostics": {
            "chisq": 1.0202363765336685e-06,
            "covariance": {
              "matrix": [
                [
                  0.3009522931086861,
                  0.2876758908171606,
                  -0.13083341393701386
                ],
                [
                  0.2876758908171606,
                  1.444756034789547,
                  -0.23617055580823312
                ],
                [
                  -0.13083341393701386,
                  -0.23617055580823312,
                  0.07225183728241061
                ]
              ],
              "params": [
                "log_kappa",
                "log_kdeg",
                "log_fmod_0"
              ]
            },
            "ndata": 6,
            "nfree": 3,
            "r2": 0.5781788550221704,
            "reduced_chisq": 3.400787921778895e-07,
            "status": "completed",
            "success": true,
            "time_max": 27000.0,
            "time_min": 900.0
          },
          "nt_id": 326,
          "params": {
            "fmod0": 0.0034287985645564682,
            "kdeg": 0.00023063470248538794,
            "kobs": 0.0016570049942106699,
            "log_fmod0": -5.67554535188817,
            "log_fmod0_err": 0.2687970187379514,
            "log_kdeg": -8.37467547365707,
            "log_kdeg_err": 1.201980047583797,
            "log_kobs": -6.402743526534607,
            "log_kobs_err": 0.5485911894194857,
            "metadata": {
              "base": "U",
              "fmod_run_ids": [
                107,
                108,
                109,
                110,
                111,
                112
              ],
              "site": 25,
              "valtype": "modrate"
            }
          },
          "valtype": "modrate"
        },
        {
          "diagnostics": {
            "chisq": 3.867780717401474e-07,
            "covariance": {
              "matrix": [
                [
                  6976280326005.05,
                  -6975720107071.82,
                  -873497.9526110193
                ],
                [
                  -6975720107071.82,
                  6975159933126.093,
                  873427.7692203838
                ],
                [
                  -873497.9526110193,
                  873427.7692203838,
                  0.21469600559437751
                ]
              ],
              "params": [
                "log_kappa",
                "log_kdeg",
                "log_fmod_0"
              ]
            },
            "ndata": 6,
            "nfree": 3,
            "r2": 0.931644233470655,
            "reduced_chisq": 1.2892602391338247e-07,
            "status": "completed",
            "success": true,
            "time_max": 27000.0,
            "time_min": 900.0
          },
          "nt_id": 327,
          "params": {
            "fmod0": 0.000693033460509265,
            "kdeg": 3.413864664917042e-11,
            "kobs": 2946.301491560983,
            "log_fmod0": -7.274432276376832,
            "log_fmod0_err": 0.46335300322149364,
            "log_kdeg": -24.10059104055565,
            "log_kdeg_err": 2641052.8077125023,
            "log_kobs": 7.988305931080559,
            "log_kobs_err": 2641264.9102286296,
            "metadata": {
              "base": "G",
              "fmod_run_ids": [
                107,
                108,
                109,
                110,
                111,
                112
              ],
              "site": 26,
              "valtype": "modrate"
            }
          },
          "valtype": "modrate"
        },
        {
          "diagnostics": {
            "chisq": 1.8589195485513008e-07,
            "covariance": {
              "matrix": [
                [
                  0.0037989658648065814,
                  0.0035645410538815993,
                  -0.012837860541082753
                ],
                [
                  0.0035645410538815993,
                  0.01853214023381677,
                  -0.023450061900975993
                ],
                [
                  -0.012837860541082753,
                  -0.023450061900975993,
                  0.05574991659602656
                ]
              ],
              "params": [
                "log_kappa",
                "log_kdeg",
                "log_fmod_0"
              ]
            },
            "ndata": 6,
            "nfree": 3,
            "r2": 0.9908153813304247,
            "reduced_chisq": 6.196398495171003e-08,
            "status": "completed",
            "success": true,
            "time_max": 27000.0,
            "time_min": 900.0
          },
          "nt_id": 328,
          "params": {
            "fmod0": 0.001647775495154298,
            "kdeg": 0.00022481404816820507,
            "kobs": 0.006261210148439463,
            "log_fmod0": -6.4083290854433335,
            "log_fmod0_err": 0.2361142024445513,
            "log_kdeg": -8.400236950045826,
            "log_kdeg_err": 0.136132803665453,
            "log_kobs": -5.073381798105761,
            "log_kobs_err": 0.06163575151490068,
            "metadata": {
              "base": "A",
              "fmod_run_ids": [
                107,
                108,
                109,
                110,
                111,
                112
              ],
              "site": 27,
              "valtype": "modrate"
            }
          },
          "valtype": "modrate"
        },
        {
          "diagnostics": {
            "chisq": 2.8989356715369623e-08,
            "covariance": {
              "matrix": [
                [
                  0.007710764390701143,
                  -0.0013005935281639176,
                  -0.006831892415233573
                ],
                [
                  -0.0013005935281639176,
                  0.07241897793065906,
                  -0.026303165620457494
                ],
                [
                  -0.006831892415233573,
                  -0.026303165620457494,
                  0.01846010868759586
                ]
              ],
              "params": [
                "log_kappa",
                "log_kdeg",
                "log_fmod_0"
              ]
            },
            "ndata": 6,
            "nfree": 3,
            "r2": 0.9774922694708719,
            "reduced_chisq": 9.663118905123208e-09,
            "status": "completed",
            "success": true,
            "time_max": 27000.0,
            "time_min": 900.0
          },
          "nt_id": 329,
          "params": {
            "fmod0": 0.0009049850132556051,
            "kdeg": 0.00012537549159762247,
            "kobs": 0.001480768668364871,
            "log_fmod0": -7.007592174340023,
            "log_fmod0_err": 0.13586798256983085,
            "log_kdeg": -8.984197390671936,
            "log_kdeg_err": 0.26910774409269433,
            "log_kobs": -6.515193955515494,
            "log_kobs_err": 0.08781095826092061,
            "metadata": {
              "base": "G",
              "fmod_run_ids": [
                107,
                108,
                109,
                110,
                111,
                112
              ],
              "site": 28,
              "valtype": "modrate"
            }
          },
          "valtype": "modrate"
        },
        {
          "diagnostics": {
            "chisq": 6.937916001466621e-07,
            "covariance": {
              "matrix": [
                [
                  226310096186.1692,
                  -226289568921.09882,
                  -10316.310985802455
                ],
                [
                  -226289568921.09882,
                  226269043520.9398,
                  10315.271532935581
                ],
                [
                  -10316.310985802455,
                  10315.271532935581,
                  0.006701376200407493
                ]
              ],
              "params": [
                "log_kappa",
                "log_kdeg",
                "log_fmod_0"
              ]
            },
            "ndata": 6,
            "nfree": 3,
            "r2": 0.09991742421219119,
            "reduced_chisq": 2.3126386671555405e-07,
            "status": "completed",
            "success": true,
            "time_max": 27000.0,
            "time_min": 900.0
          },
          "nt_id": 330,
          "params": {
            "fmod0": 0.0038144266387379134,
            "kdeg": 5.0519133555102636e-12,
            "kobs": 2403.693929858534,
            "log_fmod0": -5.568964916828156,
            "log_fmod0_err": 0.0818619337690449,
            "log_kdeg": -26.011254062119786,
            "log_kdeg_err": 475677.4574445796,
            "log_kobs": 7.784761970519037,
            "log_kobs_err": 475720.6072750782,
            "metadata": {
              "base": "C",
              "fmod_run_ids": [
                107,
                108,
                109,
                110,
                111,
                112
              ],
              "site": 29,
              "valtype": "modrate"
            }
          },
          "valtype": "modrate"
        },
        {
          "diagnostics": {
            "chisq": 4.0758765718495926e-07,
            "covariance": {
              "matrix": [
                [
                  0.09134455285875956,
                  0.1050892181703223,
                  -0.07908045581990683
                ],
                [
                  0.1050892181703223,
                  0.32911171825360724,
                  -0.12176457121121988
                ],
                [
                  -0.07908045581990683,
                  -0.12176457121121988,
                  0.07607702613232367
                ]
              ],
              "params": [
                "log_kappa",
                "log_kdeg",
                "log_fmod_0"
              ]
            },
            "ndata": 6,
            "nfree": 3,
            "r2": 0.8526345598143825,
            "reduced_chisq": 1.358625523949864e-07,
            "status": "completed",
            "success": true,
            "time_max": 27000.0,
            "time_min": 900.0
          },
          "nt_id": 331,
          "params": {
            "fmod0": 0.0027191682693179283,
            "kdeg": 0.0003515169343693197,
            "kobs": 0.002400601952705513,
            "log_fmod0": -5.907429228774486,
            "log_fmod0_err": 0.27582064123688,
            "log_kdeg": -7.953252670436441,
            "log_kdeg_err": 0.5736825936470509,
            "log_kobs": -6.032035759449419,
            "log_kobs_err": 0.30223261382378896,
            "metadata": {
              "base": "C",
              "fmod_run_ids": [
                107,
                108,
                109,
                110,
                111,
                112
              ],
              "site": 30,
              "valtype": "modrate"
            }
          },
          "valtype": "modrate"
        },
        {
          "diagnostics": {
            "chisq": 1.2858735255386806e-06,
            "covariance": {
              "matrix": [
                [
                  3.7153943772465046,
                  -7.602570589789257,
                  0.12483287476876335
                ],
                [
                  -7.602570589789257,
                  17.906078072087872,
                  -0.42431955934879634
                ],
                [
                  0.12483287476876335,
                  -0.42431955934879634,
                  0.019308451497913392
                ]
              ],
              "params": [
                "log_kappa",
                "log_kdeg",
                "log_fmod_0"
              ]
            },
            "ndata": 6,
            "nfree": 3,
            "r2": 0.40637639136661385,
            "reduced_chisq": 4.286245085128935e-07,
            "status": "completed",
            "success": true,
            "time_max": 27000.0,
            "time_min": 900.0
          },
          "nt_id": 332,
          "params": {
            "fmod0": 0.004900420764541127,
            "kdeg": 5.2361539327151165e-05,
            "kobs": 0.0015019755510211315,
            "log_fmod0": -5.318434207237685,
            "log_fmod0_err": 0.13895485417182588,
            "log_kdeg": -9.857338218440445,
            "log_kdeg_err": 4.2315574050327935,
            "log_kobs": -6.500974003388434,
            "log_kobs_err": 1.9275358303405166,
            "metadata": {
              "base": "U",
              "fmod_run_ids": [
                107,
                108,
                109,
                110,
                111,
                112
              ],
              "site": 31,
              "valtype": "modrate"
            }
          },
          "valtype": "modrate"
        },
        {
          "diagnostics": {
            "chisq": 8.071745020788669e-08,
            "covariance": {
              "matrix": [
                [
                  146304033541.37427,
                  -146291851599.94025,
                  40742.01765052867
                ],
                [
                  -146291851599.94025,
                  146279670672.8624,
                  -40738.63974812593
                ],
                [
                  40742.01765052867,
                  -40738.63974812593,
                  0.02268058548542628
                ]
              ],
              "params": [
                "log_kappa",
                "log_kdeg",
                "log_fmod_0"
              ]
            },
            "ndata": 6,
            "nfree": 3,
            "r2": 0.9122364852662164,
            "reduced_chisq": 2.690581673596223e-08,
            "status": "completed",
            "success": true,
            "time_max": 27000.0,
            "time_min": 900.0
          },
          "nt_id": 333,
          "params": {
            "fmod0": 0.0009647858082179697,
            "kdeg": 1.2929975377908987e-10,
            "kobs": 310.10246201903345,
            "log_fmod0": -6.943604441658029,
            "log_fmod0_err": 0.15060074862173256,
            "log_kdeg": -22.768887734413262,
            "log_kdeg_err": 382465.25420338823,
            "log_kobs": 5.73690276551066,
            "log_kobs_err": 382497.10265748977,
            "metadata": {
              "base": "G",
              "fmod_run_ids": [
                107,
                108,
                109,
                110,
                111,
                112
              ],
              "site": 32,
              "valtype": "modrate"
            }
          },
          "valtype": "modrate"
        },
        {
          "diagnostics": {
            "chisq": 1.0641794229650954e-07,
            "covariance": {
              "matrix": [
                [
                  2170195852.132366,
                  -2169999044.146379,
                  -10384.206252098575
                ],
                [
                  -2169999044.146379,
                  2169802254.0762787,
                  10383.233218339377
                ],
                [
                  -10384.206252098575,
                  10383.233218339377,
                  0.07477859256438954
                ]
              ],
              "params": [
                "log_kappa",
                "log_kdeg",
                "log_fmod_0"
              ]
            },
            "ndata": 6,
            "nfree": 3,
            "r2": 0.8306265327242176,
            "reduced_chisq": 3.547264743216985e-08,
            "status": "completed",
            "success": true,
            "time_max": 27000.0,
            "time_min": 900.0
          },
          "nt_id": 334,
          "params": {
            "fmod0": 0.0007445312796820874,
            "kdeg": 1.3470782881928855e-12,
            "kobs": 23472.557238934492,
            "log_fmod0": -7.202755692374787,
            "log_fmod0_err": 0.27345674715462687,
            "log_kdeg": -27.33308309977879,
            "log_kdeg_err": 46581.1362471578,
            "log_kobs": 10.063587240682695,
            "log_kobs_err": 46585.36092091985,
            "metadata": {
              "base": "G",
              "fmod_run_ids": [
                107,
                108,
                109,
                110,
                111,
                112
              ],
              "site": 33,
              "valtype": "modrate"
            }
          },
          "valtype": "modrate"
        },
        {
          "diagnostics": {
            "chisq": 1.1085312105748636e-07,
            "covariance": {
              "matrix": [
                [
                  89054901945570.62,
                  -89047254701499.12,
                  -1491926.5211224314
                ],
                [
                  -89047254701499.12,
                  89039608114105.1,
                  1491798.377762384
                ],
                [
                  -1491926.5211224314,
                  1491798.377762384,
                  0.050092420491693074
                ]
              ],
              "params": [
                "log_kappa",
                "log_kdeg",
                "log_fmod_0"
              ]
            },
            "ndata": 6,
            "nfree": 3,
            "r2": 0.8428317173855652,
            "reduced_chisq": 3.695104035249545e-08,
            "status": "completed",
            "success": true,
            "time_max": 27000.0,
            "time_min": 900.0
          },
          "nt_id": 335,
          "params": {
            "fmod0": 0.0007597899399556497,
            "kdeg": 1.3792318364175687e-11,
            "kobs": 2446.881461364827,
            "log_fmod0": -7.182468557683176,
            "log_fmod0_err": 0.22381336084267417,
            "log_kdeg": -25.006909319024228,
            "log_kdeg_err": 9436080.124400444,
            "log_kobs": 7.802569619835636,
            "log_kobs_err": 9436890.480744736,
            "metadata": {
              "base": "G",
              "fmod_run_ids": [
                107,
                108,
                109,
                110,
                111,
                112
              ],
              "site": 34,
              "valtype": "modrate"
            }
          },
          "valtype": "modrate"
        },
        {
          "diagnostics": {
            "chisq": 9.088147434172752e-07,
            "covariance": {
              "matrix": [
                [
                  0.0009789125561337278,
                  0.0010971591009604031,
                  -0.03252263076597994
                ],
                [
                  0.0010971591009604031,
                  0.0034398800976046316,
                  -0.04932820060145986
                ],
                [
                  -0.03252263076597994,
                  -0.04932820060145986,
                  1.2047945309991799
                ]
              ],
              "params": [
                "log_kappa",
                "log_kdeg",
                "log_fmod_0"
              ]
            },
            "ndata": 6,
            "nfree": 3,
            "r2": 0.9982011719556255,
            "reduced_chisq": 3.029382478057584e-07,
            "status": "completed",
            "success": true,
            "time_max": 27000.0,
            "time_min": 900.0
          },
          "nt_id": 336,
          "params": {
            "fmod0": 0.0010123334139327607,
            "kdeg": 0.00034120912640863197,
            "kobs": 0.035527977591076246,
            "log_fmod0": -6.89549730196916,
            "log_fmod0_err": 1.0976313274497862,
            "log_kdeg": -7.9830149947307545,
            "log_kdeg_err": 0.05865049102611701,
            "log_kobs": -3.337434791732339,
            "log_kobs_err": 0.03128757830407665,
            "metadata": {
              "base": "A",
              "fmod_run_ids": [
                107,
                108,
                109,
                110,
                111,
                112
              ],
              "site": 35,
              "valtype": "modrate"
            }
          },
          "valtype": "modrate"
        },
        {
          "diagnostics": {
            "chisq": 3.775944710049981e-07,
            "covariance": {
              "matrix": [
                [
                  101601069538.65724,
                  -101592766523.14928,
                  -15884.641937940905
                ],
                [
                  -101592766523.14928,
                  101584464186.21944,
                  15883.317861826337
                ],
                [
                  -15884.641937940905,
                  15883.317861826337,
                  0.03084691033544167
                ]
              ],
              "params": [
                "log_kappa",
                "log_kdeg",
                "log_fmod_0"
              ]
            },
            "ndata": 6,
            "nfree": 3,
            "r2": 0.8899562676603329,
            "reduced_chisq": 1.258648236683327e-07,
            "status": "completed",
            "success": true,
            "time_max": 27000.0,
            "time_min": 900.0
          },
          "nt_id": 337,
          "params": {
            "fmod0": 0.00131938474220207,
            "kdeg": 3.098950234356739e-11,
            "kobs": 2469.642979409432,
            "log_fmod0": -6.630589755436647,
            "log_fmod0_err": 0.17563288511962008,
            "log_kdeg": -24.19737260287134,
            "log_kdeg_err": 318723.1779871358,
            "log_kobs": 7.811828876425495,
            "log_kobs_err": 318749.2267263675,
            "metadata": {
              "base": "G",
              "fmod_run_ids": [
                107,
                108,
                109,
                110,
                111,
                112
              ],
              "site": 36,
              "valtype": "modrate"
            }
          },
          "valtype": "modrate"
        },
        {
          "diagnostics": {
            "chisq": 4.2285681041982996e-07,
            "covariance": {
              "matrix": [
                [
                  4449903696.089944,
                  -4449502754.306024,
                  -3641.5140133751243
                ],
                [
                  -4449502754.306024,
                  4449101848.871953,
                  3641.1474104628464
                ],
                [
                  -3641.5140133751243,
                  3641.1474104628464,
                  0.01446163745410526
                ]
              ],
              "params": [
                "log_kappa",
                "log_kdeg",
                "log_fmod_0"
              ]
            },
            "ndata": 6,
            "nfree": 3,
            "r2": 0.5977295157041704,
            "reduced_chisq": 1.4095227013994332e-07,
            "status": "completed",
            "success": true,
            "time_max": 27000.0,
            "time_min": 900.0
          },
          "nt_id": 338,
          "params": {
            "fmod0": 0.0021940156370206477,
            "kdeg": 1.6192431335549251e-12,
            "kobs": 21426.689843097454,
            "log_fmod0": -6.12202178998009,
            "log_fmod0_err": 0.12025654848741195,
            "log_kdeg": -27.14906227736619,
            "log_kdeg_err": 66701.58805359849,
            "log_kobs": 9.972392612845672,
            "log_kobs_err": 66707.59848840268,
            "metadata": {
              "base": "C",
              "fmod_run_ids": [
                107,
                108,
                109,
                110,
                111,
                112
              ],
              "site": 37,
              "valtype": "modrate"
            }
          },
          "valtype": "modrate"
        },
        {
          "diagnostics": {
            "chisq": 6.697349643246719e-07,
            "covariance": {
              "matrix": [
                [
                  1639048519.5709283,
                  -1638924315.5544686,
                  175.28574157730063
                ],
                [
                  -1638924315.5544686,
                  1638800121.6212857,
                  -175.33402462326822
                ],
                [
                  175.28574157730063,
                  -175.33402462326822,
                  0.009838959209111892
                ]
              ],
              "params": [
                "log_kappa",
                "log_kdeg",
                "log_fmod_0"
              ]
            },
            "ndata": 6,
            "nfree": 3,
            "r2": 0.3318987658931306,
            "reduced_chisq": 2.2324498810822396e-07,
