{
  "artifacts": {},
  "engine": "python_baseline",
  "engine_version": "0.1.0",
  "metadata": {
    "buffer_pH": 6.4,
    "done_by": [
      "EKC"
    ],
    "experiment_id": "ekc.01.0xx",
    "fmod_run_id": 620,
    "initial_kdeg": 0.019705462789320123,
    "initial_kdeg_source": "arrhenius:nmr:deg:dms:Schwalbe_bistris",
    "initial_log_kdeg": -3.926859382728182,
    "notes": "Baseline python engine demo using examples/nerd.sqlite",
    "outlier_specs": [
      "93:065-HIV-UUCG-GS-70c-a-5-p:34_G:modrate",
      "93:061-HIV-UUCG-GS-70c-a-1-p:34_G:modrate"
    ],
    "outliers_applied": 2,
    "rg_id": 93,
    "rg_label": "70_1_14",
    "rounds_requested": [
      "round1_free",
      "round2_global",
      "round3_constrained"
    ],
    "rt_protocol": [
      "MRT"
    ],
    "selected_site_bases": [
      "17_G",
      "18_G",
      "19_C",
      "1_U",
      "20_A",
      "21_G",
      "22_A",
      "23_U",
      "24_C",
      "25_U",
      "26_G",
      "27_A",
      "28_G",
      "29_C",
      "2_A",
      "31_U",
      "32_U",
      "33_C",
      "34_G",
      "36_G",
      "37_C",
      "38_U",
      "39_C",
      "3_A",
      "40_U",
      "41_C",
      "42_U",
      "43_G",
      "44_C",
      "45_C",
      "61_A",
      "62_A",
      "63_U",
      "64_C",
      "65_C"
    ],
    "temperature_c": 70.0,
    "valtypes": [
      "modrate",
      "GAmodrate"
    ]
  },
  "rounds": [
    {
      "global_params": {},
      "notes": null,
      "per_nt": [
        {
          "diagnostics": {
            "reason": "Non-zero fmod values are required for a fit.",
            "status": "failed"
          },
          "nt_id": 243,
          "params": {},
          "valtype": "modrate"
        },
        {
          "diagnostics": {
            "reason": "Non-zero fmod values are required for a fit.",
            "status": "failed"
          },
          "nt_id": 244,
          "params": {},
          "valtype": "modrate"
        },
        {
          "diagnostics": {
            "reason": "Non-zero fmod values are required for a fit.",
            "status": "failed"
          },
          "nt_id": 245,
          "params": {},
          "valtype": "modrate"
        },
        {
          "diagnostics": {
            "reason": "Non-zero fmod values are required for a fit.",
            "status": "failed"
          },
          "nt_id": 246,
          "params": {},
          "valtype": "modrate"
        },
        {
          "diagnostics": {
            "chisq": 6.655719999999996e-08,
            "ndata": 6,
            "nfree": 3,
            "r2": 0.515309019277521,
            "reduced_chisq": 2.218573333333332e-08,
            "status": "completed",
            "success": true,
            "time_max": 300.0,
            "time_min": 0.0
          },
          "nt_id": 247,
          "params": {
            "fmod0": 0.0008600000000170643,
            "kdeg": 9.938801537181265,
            "kobs": 0.00029144246525232044,
            "log_fmod0": -7.0585781686968785,
            "log_kdeg": 2.296446443699298,
            "log_kobs": -8.140667946432323,
            "metadata": {
              "base": "G",
              "fmod_run_ids": [
                615,
                616,
                617,
                618,
                620,
                621
              ],
              "site": 18,
              "valtype": "modrate"
            }
          },
          "valtype": "modrate"
        },
        {
          "diagnostics": {
            "chisq": 9.060784395503322e-07,
            "covariance": {
              "matrix": [
                [
                  0.0009274988264127457,
                  -0.0002839921407215511,
                  -0.006157466403788657
                ],
                [
                  -0.0002839921407215511,
                  0.005427767351825276,
                  -0.01076405663020807
                ],
                [
                  -0.006157466403788657,
                  -0.01076405663020807,
                  0.08775783239674592
                ]
              ],
              "params": [
                "log_kappa",
                "log_kdeg",
                "log_fmod_0"
              ]
            },
            "ndata": 6,
            "nfree": 3,
            "r2": 0.9973290788371507,
            "reduced_chisq": 3.020261465167774e-07,
            "status": "completed",
            "success": true,
            "time_max": 300.0,
            "time_min": 0.0
          },
          "nt_id": 248,
          "params": {
            "fmod0": 0.001724762007415517,
            "kdeg": 0.019001828548751487,
            "kobs": 0.021604211102756173,
            "log_fmod0": -6.362666204732739,
            "log_fmod0_err": 0.29623948487118645,
            "log_kdeg": -3.9632200650384384,
            "log_kdeg_err": 0.07367338292643603,
            "log_kobs": -3.834867024833015,
            "log_kobs_err": 0.03045486539804019,
            "metadata": {
              "base": "C",
              "fmod_run_ids": [
                615,
                616,
                617,
                618,
                620,
                621
              ],
              "site": 19,
              "valtype": "modrate"
            }
          },
          "valtype": "modrate"
        },
        {
          "diagnostics": {
            "chisq": 9.954864492754927e-07,
            "covariance": {
              "matrix": [
                [
                  0.002864953989424244,
                  -0.0007111206612642764,
                  -0.04042893927081116
                ],
                [
                  -0.0007111206612642764,
                  0.016597750904644566,
                  -0.06667460389541018
                ],
                [
                  -0.04042893927081116,
                  -0.06667460389541018,
                  1.1463669456585657
                ]
              ],
              "params": [
                "log_kappa",
                "log_kdeg",
                "log_fmod_0"
              ]
            },
            "ndata": 6,
            "nfree": 3,
            "r2": 0.9916764892829976,
            "reduced_chisq": 3.3182881642516424e-07,
            "status": "completed",
            "success": true,
            "time_max": 300.0,
            "time_min": 0.0
          },
          "nt_id": 249,
          "params": {
            "fmod0": 0.0005042045359131671,
            "kdeg": 0.020574522123456594,
            "kobs": 0.012686369461640918,
            "log_fmod0": -7.592528546993152,
            "log_fmod0_err": 1.070685269189114,
            "log_kdeg": -3.883701758766177,
            "log_kdeg_err": 0.12883225878887852,
            "log_kobs": -4.367227132622,
            "log_kobs_err": 0.05352526496360615,
            "metadata": {
              "base": "A",
              "fmod_run_ids": [
                615,
                616,
                617,
                618,
                620,
                621
              ],
              "site": 20,
              "valtype": "modrate"
            }
          },
          "valtype": "modrate"
        },
        {
          "diagnostics": {
            "chisq": 2.591888891477979e-10,
            "covariance": {
              "matrix": [
                [
                  0.001906534248451912,
                  -0.00015087331390141042,
                  -0.0006620827013574738
                ],
                [
                  -0.00015087331390141042,
                  0.011560109495734952,
                  -0.0007002650939301043
                ],
                [
                  -0.0006620827013574738,
                  -0.0007002650939301043,
                  0.0003364959455086439
                ]
              ],
              "params": [
                "log_kappa",
                "log_kdeg",
                "log_fmod_0"
              ]
            },
            "ndata": 6,
            "nfree": 3,
            "r2": 0.9943196871351514,
            "reduced_chisq": 8.639629638259929e-11,
            "status": "completed",
            "success": true,
            "time_max": 300.0,
            "time_min": 0.0
          },
          "nt_id": 250,
          "params": {
            "fmod0": 0.0005003209006394198,
            "kdeg": 0.041169170356468957,
            "kobs": 0.00024289716392818112,
            "log_fmod0": -7.600260864129605,
            "log_fmod0_err": 0.01834382581438899,
            "log_kdeg": -3.190065595055813,
            "log_kdeg_err": 0.10751794964439636,
            "log_kobs": -8.322872397906645,
            "log_kobs_err": 0.04366387807389435,
            "metadata": {
              "base": "G",
              "fmod_run_ids": [
                615,
                616,
                617,
                618,
                620,
                621
              ],
              "site": 21,
              "valtype": "modrate"
            }
          },
          "valtype": "modrate"
        },
        {
          "diagnostics": {
            "chisq": 6.670660085377021e-07,
            "covariance": {
              "matrix": [
                [
                  0.0012933381449321225,
                  -0.00019725349190400667,
                  -0.02903169774585176
                ],
                [
                  -0.00019725349190400667,
                  0.007280281733139947,
                  -0.04138163737404112
                ],
                [
                  -0.02903169774585176,
                  -0.04138163737404112,
                  1.1513195676657189
                ]
              ],
              "params": [
                "log_kappa",
                "log_kdeg",
                "log_fmod_0"
              ]
            },
            "ndata": 6,
            "nfree": 3,
            "r2": 0.996210994078468,
            "reduced_chisq": 2.2235533617923403e-07,
            "status": "completed",
            "success": true,
            "time_max": 300.0,
            "time_min": 0.0
          },
          "nt_id": 251,
          "params": {
            "fmod0": 0.0004198381259611928,
            "kdeg": 0.025033384895464663,
            "kobs": 0.015347803208563566,
            "log_fmod0": -7.775641335356183,
            "log_fmod0_err": 1.072995604681454,
            "log_kdeg": -3.6875449491433443,
            "log_kdeg_err": 0.08532456699649842,
            "log_kobs": -4.176782928639265,
            "log_kobs_err": 0.035963010787921,
            "metadata": {
              "base": "A",
              "fmod_run_ids": [
                615,
                616,
                617,
                618,
                620,
                621
              ],
              "site": 22,
              "valtype": "modrate"
            }
          },
          "valtype": "modrate"
        },
        {
          "diagnostics": {
            "chisq": 3.88435156872396e-07,
            "covariance": {
              "matrix": [
                [
                  0.006569362646368496,
                  -0.0029859653555892917,
                  -0.020338513073366555
                ],
                [
                  -0.0029859653555892917,
                  0.0949758366566703,
                  -0.009975986229424878
                ],
                [
                  -0.020338513073366555,
                  -0.009975986229424878,
                  0.08029787773966979
                ]
              ],
              "params": [
                "log_kappa",
                "log_kdeg",
                "log_fmod_0"
              ]
            },
            "ndata": 6,
            "nfree": 3,
            "r2": 0.9810353516584792,
            "reduced_chisq": 1.29478385624132e-07,
            "status": "completed",
            "success": true,
            "time_max": 300.0,
            "time_min": 0.0
          },
          "nt_id": 252,
          "params": {
            "fmod0": 0.0012697165854145688,
            "kdeg": 0.10259204732732542,
            "kobs": 0.005022747211657513,
            "log_fmod0": -6.668961564506669,
            "log_fmod0_err": 0.28336880163431855,
            "log_kdeg": -2.2769948606792108,
            "log_kdeg_err": 0.3081814995366696,
            "log_kobs": -5.2937782416487575,
            "log_kobs_err": 0.08105160483524368,
            "metadata": {
              "base": "U",
              "fmod_run_ids": [
                615,
                616,
                617,
                618,
                620,
                621
              ],
              "site": 23,
              "valtype": "modrate"
            }
          },
          "valtype": "modrate"
        },
        {
          "diagnostics": {
            "chisq": 5.982453649200078e-07,
            "covariance": {
              "matrix": [
                [
                  0.0004922115632086826,
                  -6.88212498324085e-05,
                  -0.005066068910171364
                ],
                [
                  -6.88212498324085e-05,
                  0.0027457766926219894,
                  -0.006954591100984097
                ],
                [
                  -0.005066068910171364,
                  -0.006954591100984097,
                  0.08986799860115195
                ]
              ],
              "params": [
                "log_kappa",
                "log_kdeg",
                "log_fmod_0"
              ]
            },
            "ndata": 6,
            "nfree": 3,
            "r2": 0.998566085564673,
            "reduced_chisq": 1.994151216400026e-07,
            "status": "completed",
            "success": true,
            "time_max": 300.0,
            "time_min": 0.0
          },
          "nt_id": 253,
          "params": {
            "fmod0": 0.001429430958691892,
            "kdeg": 0.026200387172674977,
            "kobs": 0.023730069831351196,
            "log_fmod0": -6.550478844890557,
            "log_fmod0_err": 0.2997799169409985,
            "log_kdeg": -3.641981090741259,
            "log_kdeg_err": 0.05240015928050209,
            "log_kobs": -3.7410122657932745,
            "log_kobs_err": 0.022185841503280478,
            "metadata": {
              "base": "C",
              "fmod_run_ids": [
                615,
                616,
                617,
                618,
                620,
                621
              ],
              "site": 24,
              "valtype": "modrate"
            }
          },
          "valtype": "modrate"
        },
        {
          "diagnostics": {
            "chisq": 5.45865669437142e-08,
            "covariance": {
              "matrix": [
                [
                  0.0022787123000185512,
                  -0.000897801419558626,
                  -0.00506424545731895
                ],
                [
                  -0.000897801419558626,
                  0.02899960856676754,
                  -0.0026531723371630666
                ],
                [
                  -0.00506424545731895,
                  -0.0026531723371630666,
                  0.014411598252251554
                ]
              ],
              "params": [
                "log_kappa",
                "log_kdeg",
                "log_fmod_0"
              ]
            },
            "ndata": 6,
            "nfree": 3,
            "r2": 0.9933131943101393,
            "reduced_chisq": 1.81955223145714e-08,
            "status": "completed",
            "success": true,
            "time_max": 300.0,
            "time_min": 0.0
          },
          "nt_id": 254,
          "params": {
            "fmod0": 0.0011234830833297365,
            "kdeg": 0.09617758400062325,
            "kobs": 0.0031942397911146943,
            "log_fmod0": -6.791321523568639,
            "log_fmod0_err": 0.12004831632410158,
            "log_kdeg": -2.3415589630091196,
            "log_kdeg_err": 0.17029271436784235,
            "log_kobs": -5.7464061565174545,
            "log_kobs_err": 0.047735859686597784,
            "metadata": {
              "base": "U",
              "fmod_run_ids": [
                615,
                616,
                617,
                618,
                620,
                621
              ],
              "site": 25,
              "valtype": "modrate"
            }
          },
          "valtype": "modrate"
        },
        {
          "diagnostics": {
            "chisq": 4.3255999999999974e-08,
            "ndata": 6,
            "nfree": 3,
            "r2": 0.6295417660484657,
            "reduced_chisq": 1.4418666666666657e-08,
            "status": "completed",
            "success": true,
            "time_max": 300.0,
            "time_min": 0.0
          },
          "nt_id": 255,
          "params": {
            "fmod0": 0.0005380000000000013,
            "kdeg": 2.626947985467247,
            "kobs": 0.00029704411323690265,
            "log_fmod0": -7.527651997802487,
            "log_kdeg": 0.9658227105329791,
            "log_kobs": -8.121629900773796,
            "metadata": {
              "base": "G",
              "fmod_run_ids": [
                615,
                616,
                617,
                618,
                620,
                621
              ],
              "site": 26,
              "valtype": "modrate"
            }
          },
          "valtype": "modrate"
        },
        {
          "diagnostics": {
            "chisq": 1.9791445601979867e-07,
            "covariance": {
              "matrix": [
                [
                  0.0004988234900854489,
                  -0.00022170355064414667,
                  -0.006401147214156965
                ],
                [
                  -0.00022170355064414667,
                  0.0030612900142618525,
                  -0.01292784457021646
                ],
                [
                  -0.006401147214156965,
                  -0.01292784457021646,
                  0.2075424145340918
                ]
              ],
              "params": [
                "log_kappa",
                "log_kdeg",
                "log_fmod_0"
              ]
            },
            "ndata": 6,
            "nfree": 3,
            "r2": 0.9985740214158068,
            "reduced_chisq": 6.597148533993289e-08,
            "status": "completed",
            "success": true,
            "time_max": 300.0,
            "time_min": 0.0
          },
          "nt_id": 256,
          "params": {
            "fmod0": 0.0005151502625075572,
            "kdeg": 0.016417513551448926,
            "kobs": 0.013895223886142616,
            "log_fmod0": -7.571051927998335,
            "log_fmod0_err": 0.4555682325778344,
            "log_kdeg": -4.109406614472417,
            "log_kdeg_err": 0.055328925656132635,
            "log_kobs": -4.276210103204804,
            "log_kobs_err": 0.02233435671975911,
            "metadata": {
              "base": "A",
              "fmod_run_ids": [
                615,
                616,
                617,
                618,
                620,
                621
              ],
              "site": 27,
              "valtype": "modrate"
            }
          },
          "valtype": "modrate"
        },
        {
          "diagnostics": {
            "chisq": 2.0673136987671167e-08,
            "covariance": {
              "matrix": [
                [
                  0.024753341916774457,
                  -0.012362190451694757,
                  -0.02442960934651235
                ],
                [
                  -0.012362190451694757,
                  0.39460629050908574,
                  -0.011516412414418994
                ],
                [
                  -0.02442960934651235,
                  -0.011516412414418994,
                  0.03067032933091385
                ]
              ],
              "params": [
                "log_kappa",
                "log_kdeg",
                "log_fmod_0"
              ]
            },
            "ndata": 6,
            "nfree": 3,
            "r2": 0.93191369032729,
            "reduced_chisq": 6.891045662557056e-09,
            "status": "completed",
            "success": true,
            "time_max": 300.0,
            "time_min": 0.0
          },
          "nt_id": 257,
          "params": {
            "fmod0": 0.000473967746397841,
            "kdeg": 0.10722690528518157,
            "kobs": 0.0005939101024356778,
            "log_fmod0": -7.654371284158578,
            "log_fmod0_err": 0.17512946448531683,
            "log_kdeg": -2.2328080796982954,
            "log_kdeg_err": 0.6281769579577762,
            "log_kobs": -7.4287825927559705,
            "log_kobs_err": 0.15733194817574228,
            "metadata": {
              "base": "G",
              "fmod_run_ids": [
                615,
                616,
                617,
                618,
                620,
                621
              ],
              "site": 28,
              "valtype": "modrate"
            }
          },
          "valtype": "modrate"
        },
        {
          "diagnostics": {
            "chisq": 7.412424293062216e-07,
            "covariance": {
              "matrix": [
                [
                  0.001511528516806644,
                  -0.00036444494182034866,
                  -0.0057773497344665165
                ],
                [
                  -0.00036444494182034866,
                  0.008718253196043853,
                  -0.00941958350597725
                ],
                [
                  -0.0057773497344665165,
                  -0.00941958350597725,
                  0.04394329729439014
                ]
              ],
              "params": [
                "log_kappa",
                "log_kdeg",
                "log_fmod_0"
              ]
            },
            "ndata": 6,
            "nfree": 3,
            "r2": 0.9955993814058877,
            "reduced_chisq": 2.4708080976874056e-07,
            "status": "completed",
            "success": true,
            "time_max": 300.0,
            "time_min": 0.0
          },
          "nt_id": 258,
          "params": {
            "fmod0": 0.002225400821609874,
            "kdeg": 0.02082092166829136,
            "kobs": 0.015096984528175296,
            "log_fmod0": -6.10781823504425,
            "log_fmod0_err": 0.20962656628965268,
            "log_kdeg": -3.871796948365364,
            "log_kdeg_err": 0.09337158666341626,
            "log_kobs": -4.193260255224824,
            "log_kobs_err": 0.038878381098068425,
            "metadata": {
              "base": "C",
              "fmod_run_ids": [
                615,
                616,
                617,
                618,
                620,
                621
              ],
              "site": 29,
              "valtype": "modrate"
            }
          },
          "valtype": "modrate"
        },
        {
          "diagnostics": {
            "chisq": 5.973154615253855e-07,
            "covariance": {
              "matrix": [
                [
                  0.010408243752422592,
                  -0.0047808516606168885,
                  -0.03467633129118932
                ],
                [
                  -0.0047808516606168885,
                  0.15201865771320439,
                  -0.016928419666916675
                ],
                [
                  -0.03467633129118932,
                  -0.016928419666916675,
                  0.14728388373163212
                ]
              ],
              "params": [
                "log_kappa",
                "log_kdeg",
                "log_fmod_0"
              ]
            },
            "ndata": 6,
            "nfree": 3,
            "r2": 0.9702849998440222,
            "reduced_chisq": 1.9910515384179517e-07,
            "status": "completed",
            "success": true,
            "time_max": 300.0,
            "time_min": 0.0
          },
          "nt_id": 259,
          "params": {
            "fmod0": 0.001162581929599978,
            "kdeg": 0.10308924349196939,
            "kobs": 0.004947582859124202,
            "log_fmod0": -6.757111945910905,
            "log_fmod0_err": 0.3837758248400127,
            "log_kdeg": -2.272160224226801,
            "log_kdeg_err": 0.3898957010704329,
            "log_kobs": -5.308856132952362,
            "log_kobs_err": 0.10202080058704986,
            "metadata": {
              "base": "U",
              "fmod_run_ids": [
                615,
                616,
                617,
                618,
                620,
                621
              ],
              "site": 31,
              "valtype": "modrate"
            }
          },
          "valtype": "modrate"
        },
        {
          "diagnostics": {
            "chisq": 4.809163488966667e-07,
            "covariance": {
              "matrix": [
                [
                  0.011941025754939834,
                  -0.004488717031338248,
                  -0.0325933721688904
                ],
                [
                  -0.004488717031338248,
                  0.14596604303288582,
                  -0.01743150033630421
                ],
                [
                  -0.0325933721688904,
                  -0.01743150033630421,
                  0.11409145831971856
                ]
              ],
              "params": [
                "log_kappa",
                "log_kdeg",
                "log_fmod_0"
              ]
            },
            "ndata": 6,
            "nfree": 3,
            "r2": 0.9659354549534609,
            "reduced_chisq": 1.6030544963222223e-07,
            "status": "completed",
            "success": true,
            "time_max": 300.0,
            "time_min": 0.0
          },
          "nt_id": 260,
          "params": {
            "fmod0": 0.0011851667445872097,
            "kdeg": 0.09409281352343693,
            "kobs": 0.004147113737350206,
            "log_fmod0": -6.737871801562328,
            "log_fmod0_err": 0.33777427125185033,
            "log_kdeg": -2.3634736059401646,
            "log_kdeg_err": 0.38205502618456133,
            "log_kobs": -5.4853426716772535,
            "log_kobs_err": 0.10927500059455426,
            "metadata": {
              "base": "U",
              "fmod_run_ids": [
                615,
                616,
                617,
                618,
                620,
                621
              ],
              "site": 32,
              "valtype": "modrate"
            }
          },
          "valtype": "modrate"
        },
        {
          "diagnostics": {
            "chisq": 4.3899655081534744e-07,
            "covariance": {
              "matrix": [
                [
                  0.00033781607454752614,
                  -7.927634287617048e-05,
                  -0.003442022722513333
                ],
                [
                  -7.927634287617048e-05,
                  0.0019273934301990722,
                  -0.005507798549260175
                ],
                [
                  -0.003442022722513333,
                  -0.005507798549260175,
                  0.06896432485200635
                ]
              ],
              "params": [
                "log_kappa",
                "log_kdeg",
                "log_fmod_0"
              ]
            },
            "ndata": 6,
            "nfree": 3,
            "r2": 0.9990224764473082,
            "reduced_chisq": 1.463321836051158e-07,
            "status": "completed",
            "success": true,
            "time_max": 300.0,
            "time_min": 0.0
          },
          "nt_id": 261,
          "params": {
            "fmod0": 0.0013697686779769991,
            "kdeg": 0.02110542519269482,
            "kobs": 0.024803058207847235,
            "log_fmod0": -6.593113401590536,
            "log_fmod0_err": 0.26261059546790255,
            "log_kdeg": -3.8582251534121244,
            "log_kdeg_err": 0.0439020891325125,
            "log_kobs": -3.6967883185812997,
            "log_kobs_err": 0.01837977351730772,
            "metadata": {
              "base": "C",
              "fmod_run_ids": [
                615,
                616,
                617,
                618,
                620,
                621
              ],
              "site": 33,
              "valtype": "modrate"
            }
          },
          "valtype": "modrate"
        },
        {
          "diagnostics": {
            "chisq": 4.526897708205348e-09,
            "covariance": {
              "matrix": [
                [
                  0.1099244060070148,
                  -0.06840461927892817,
                  -0.016323115034938097
                ],
                [
                  -0.06840461927892817,
                  0.6048647506195732,
                  -0.024134143619079368
                ],
                [
                  -0.016323115034938097,
                  -0.024134143619079368,
                  0.005690837344966353
                ]
              ],
              "params": [
                "log_kappa",
                "log_kdeg",
                "log_fmod_0"
              ]
            },
            "ndata": 5,
            "nfree": 2,
            "r2": 0.8303185410061417,
            "reduced_chisq": 2.263448854102674e-09,
            "status": "completed",
            "success": true,
            "time_max": 300.0,
            "time_min": 0.0
          },
          "nt_id": 262,
          "params": {
            "fmod0": 0.0006205046036249143,
            "kdeg": 0.014967776814080883,
            "kobs": 0.0001898323042828459,
            "log_fmod0": -7.3849775341289,
            "log_fmod0_err": 0.07543763878175372,
            "log_kdeg": -4.2018556009926495,
            "log_kdeg_err": 0.7777305128510603,
            "log_kobs": -8.569369484570133,
            "log_kobs_err": 0.33154849721724694,
            "metadata": {
              "base": "G",
              "fmod_run_ids": [
                616,
                617,
                618,
                620,
                621
              ],
              "site": 34,
              "valtype": "modrate"
            }
          },
          "valtype": "modrate"
        },
        {
          "diagnostics": {
            "chisq": 1.1249480000000003e-07,
            "ndata": 6,
            "nfree": 3,
            "r2": 0.4867442339702813,
            "reduced_chisq": 3.749826666666668e-08,
            "status": "completed",
            "success": true,
            "time_max": 300.0,
            "time_min": 0.0
          },
          "nt_id": 263,
          "params": {
            "fmod0": 0.000656,
            "kdeg": 1.6645645588808557,
            "kobs": 0.0003578640257852102,
            "log_fmod0": -7.329349769020185,
            "log_kdeg": 0.5095635630307833,
            "log_kobs": -7.935357459954462,
            "metadata": {
              "base": "G",
              "fmod_run_ids": [
                615,
                616,
                617,
                618,
                620,
                621
              ],
              "site": 36,
              "valtype": "modrate"
            }
          },
          "valtype": "modrate"
        },
        {
          "diagnostics": {
            "chisq": 4.786740006665138e-07,
            "covariance": {
              "matrix": [
                [
                  0.0022132724477066028,
                  -0.0008496576988357149,
                  -0.011497142714061284
                ],
                [
                  -0.0008496576988357149,
                  0.013397054602969607,
                  -0.022001257775212543
                ],
                [
                  -0.011497142714061284,
                  -0.022001257775212543,
                  0.14086144877055615
                ]
              ],
              "params": [
                "log_kappa",
                "log_kdeg",
                "log_fmod_0"
              ]
            },
            "ndata": 6,
            "nfree": 3,
            "r2": 0.99362903125938,
            "reduced_chisq": 1.5955800022217127e-07,
            "status": "completed",
            "success": true,
            "time_max": 300.0,
            "time_min": 0.0
          },
          "nt_id": 264,
          "params": {
            "fmod0": 0.000978793466542138,
            "kdeg": 0.017385371698955012,
            "kobs": 0.010140004673569993,
            "log_fmod0": -6.929189901385201,
            "log_fmod0_err": 0.3753151326159873,
            "log_kdeg": -4.052126133310548,
            "log_kdeg_err": 0.11574564615124669,
            "log_kobs": -4.591266819914868,
            "log_kobs_err": 0.047045429615496154,
            "metadata": {
              "base": "C",
              "fmod_run_ids": [
                615,
                616,
                617,
                618,
                620,
                621
              ],
              "site": 37,
              "valtype": "modrate"
            }
          },
          "valtype": "modrate"
        },
        {
          "diagnostics": {
            "chisq": 1.5215307092526362e-09,
            "covariance": {
              "matrix": [
                [
                  9.097213719832233e-05,
                  -6.055630955331873e-05,
                  -0.0002474423402931857
                ],
                [
                  -6.055630955331873e-05,
                  0.002006063850614613,
                  -0.00010239531535679628
                ],
                [
                  -0.0002474423402931857,
                  -0.00010239531535679628,
                  0.0008512027127478484
                ]
              ],
              "params": [
                "log_kappa",
                "log_kdeg",
                "log_fmod_0"
              ]
            },
            "ndata": 6,
            "nfree": 3,
            "r2": 0.9997333259412883,
            "reduced_chisq": 5.07176903084212e-10,
            "status": "completed",
            "success": true,
            "time_max": 300.0,
            "time_min": 0.0
          },
          "nt_id": 265,
          "params": {
            "fmod0": 0.000771868308846151,
            "kdeg": 0.12171797457104483,
            "kobs": 0.0026588579077409294,
            "log_fmod0": -7.166696606886848,
            "log_fmod0_err": 0.02917537853649629,
            "log_kdeg": -2.1060485941588136,
            "log_kdeg_err": 0.04478910415061472,
            "log_kobs": -5.929858606381196,
            "log_kobs_err": 0.009537931494738382,
            "metadata": {
              "base": "U",
              "fmod_run_ids": [
                615,
                616,
                617,
                618,
                620,
                621
              ],
              "site": 38,
              "valtype": "modrate"
            }
          },
          "valtype": "modrate"
        },
        {
          "diagnostics": {
            "chisq": 3.430693742261041e-07,
            "covariance": {
              "matrix": [
                [
                  0.0007587285186017302,
                  -0.0002794196677752268,
                  -0.010620650306513884
                ],
                [
                  -0.0002794196677752268,
                  0.004553109149183057,
                  -0.01993311254069712
                ],
                [
                  -0.010620650306513884,
                  -0.01993311254069712,
                  0.34388866372643645
                ]
              ],
              "params": [
                "log_kappa",
                "log_kdeg",
                "log_fmod_0"
              ]
            },
            "ndata": 6,
            "nfree": 3,
            "r2": 0.9978131707927524,
            "reduced_chisq": 1.1435645807536803e-07,
            "status": "completed",
            "success": true,
            "time_max": 300.0,
            "time_min": 0.0
          },
          "nt_id": 266,
          "params": {
            "fmod0": 0.0005315078209623003,
            "kdeg": 0.017672595734997833,
            "kobs": 0.014702165607451417,
            "log_fmod0": -7.539792645403798,
            "log_fmod0_err": 0.5864202108782033,
            "log_kdeg": -4.035740102760386,
            "log_kdeg_err": 0.06747673042748187,
            "log_kobs": -4.219760475813216,
            "log_kobs_err": 0.02754502711201661,
            "metadata": {
              "base": "C",
              "fmod_run_ids": [
                615,
                616,
                617,
                618,
                620,
                621
              ],
              "site": 39,
              "valtype": "modrate"
            }
          },
          "valtype": "modrate"
        },
        {
          "diagnostics": {
            "chisq": 1.7562536669003842e-07,
            "covariance": {
              "matrix": [
                [
                  0.004403018727862828,
                  -0.0015970844554096951,
                  -0.01231408449626915
                ],
                [
                  -0.0015970844554096951,
                  0.052296905006880536,
                  -0.006692284215012139
                ],
                [
                  -0.01231408449626915,
                  -0.006692284215012139,
                  0.044218833289463466
                ]
              ],
              "params": [
                "log_kappa",
                "log_kdeg",
                "log_fmod_0"
              ]
            },
            "ndata": 6,
            "nfree": 3,
            "r2": 0.9871569929422265,
            "reduced_chisq": 5.8541788896679475e-08,
            "status": "completed",
            "success": true,
            "time_max": 300.0,
            "time_min": 0.0
          },
          "nt_id": 267,
          "params": {
            "fmod0": 0.0011504114636618557,
            "kdeg": 0.09256677834237446,
            "kobs": 0.0041281265023550865,
            "log_fmod0": -6.767635606111592,
            "log_fmod0_err": 0.21028274605745348,
            "log_kdeg": -2.3798249669027745,
            "log_kdeg_err": 0.22868516569047617,
            "log_kobs": -5.489931606322062,
            "log_kobs_err": 0.06635524642304351,
            "metadata": {
              "base": "U",
              "fmod_run_ids": [
                615,
                616,
                617,
                618,
                620,
                621
              ],
              "site": 40,
              "valtype": "modrate"
            }
          },
          "valtype": "modrate"
        },
        {
          "diagnostics": {
            "chisq": 1.627670533711433e-06,
            "covariance": {
              "matrix": [
                [
                  0.0018030070805323587,
                  -0.0005485222730053464,
                  -0.018628781624680592
                ],
                [
                  -0.0005485222730053464,
                  0.010553025306982433,
                  -0.032522625090295465
                ],
                [
                  -0.018628781624680592,
                  -0.032522625090295465,
                  0.4123744076323444
                ]
              ],
              "params": [
                "log_kappa",
                "log_kdeg",
                "log_fmod_0"
              ]
            },
            "ndata": 6,
            "nfree": 3,
            "r2": 0.9948156268095463,
            "reduced_chisq": 5.425568445704777e-07,
            "status": "completed",
            "success": true,
            "time_max": 300.0,
            "time_min": 0.0
          },
          "nt_id": 268,
          "params": {
            "fmod0": 0.001066569953203976,
