{
  "artifacts": {},
  "engine": "python_baseline",
  "engine_version": "0.1.0",
  "metadata": {
    "buffer_pH": 6.5,
    "done_by": [
      "EKC"
    ],
    "experiment_id": "ekc.01.0xx",
    "fmod_run_id": 847,
    "initial_kdeg": 0.030500380987197977,
    "initial_kdeg_source": "arrhenius:nmr:deg:dms:Schwalbe_bistris",
    "initial_log_kdeg": -3.4900161040632476,
    "notes": "Baseline python engine demo using examples/nerd.sqlite",
    "rg_id": 29,
    "rg_label": "75_2_A8C",
    "rounds_requested": [
      "round1_free",
      "round2_global",
      "round3_constrained"
    ],
    "temperature_c": 75.0,
    "valtypes": [
      "modrate",
      "GAmodrate"
    ]
  },
  "rounds": [
    {
      "global_params": {},
      "notes": null,
      "per_nt": [
        {
          "diagnostics": {
            "reason": "Non-zero fmod values are required for a fit.",
            "status": "failed"
          },
          "nt_id": 470,
          "params": {},
          "valtype": "modrate"
        },
        {
          "diagnostics": {
            "reason": "Non-zero fmod values are required for a fit.",
            "status": "failed"
          },
          "nt_id": 471,
          "params": {},
          "valtype": "modrate"
        },
        {
          "diagnostics": {
            "reason": "Non-zero fmod values are required for a fit.",
            "status": "failed"
          },
          "nt_id": 472,
          "params": {},
          "valtype": "modrate"
        },
        {
          "diagnostics": {
            "reason": "Non-zero fmod values are required for a fit.",
            "status": "failed"
          },
          "nt_id": 473,
          "params": {},
          "valtype": "modrate"
        },
        {
          "diagnostics": {
            "chisq": 6.694297576356777e-08,
            "covariance": {
              "matrix": [
                [
                  0.025295296332756723,
                  0.00446384579729416,
                  -0.02386122176745887
                ],
                [
                  0.00446384579729416,
                  0.14313778407407038,
                  -0.028350264661753267
                ],
                [
                  -0.02386122176745887,
                  -0.028350264661753267,
                  0.0312630114491448
                ]
              ],
              "params": [
                "log_kappa",
                "log_kdeg",
                "log_fmod_0"
              ]
            },
            "ndata": 7,
            "nfree": 4,
            "r2": 0.9086461543247617,
            "reduced_chisq": 1.6735743940891943e-08,
            "status": "completed",
            "success": true,
            "time_max": 200.0,
            "time_min": 0.0
          },
          "nt_id": 474,
          "params": {
            "fmod0": 0.000716160889133612,
            "kdeg": 0.04497144932452078,
            "kobs": 0.0008906977039179846,
            "log_fmod0": -7.241605710752255,
            "log_fmod0_err": 0.17681349340235547,
            "log_kdeg": -3.101727450021483,
            "log_kdeg_err": 0.3783355442911363,
            "log_kobs": -7.023505465369691,
            "log_kobs_err": 0.15904495066727747,
            "metadata": {
              "base": "U",
              "fmod_run_ids": [
                842,
                843,
                844,
                845,
                846,
                847,
                848
              ],
              "site": 5,
              "valtype": "modrate"
            }
          },
          "valtype": "modrate"
        },
        {
          "diagnostics": {
            "chisq": 1.338794132253108e-08,
            "covariance": {
              "matrix": [
                [
                  0.004897462559063039,
                  -0.001988870424947256,
                  -0.00821221217139981
                ],
                [
                  -0.001988870424947256,
                  0.03520147961290437,
                  -0.01799788572355539
                ],
                [
                  -0.00821221217139981,
                  -0.01799788572355539,
                  0.032665786485361864
                ]
              ],
              "params": [
                "log_kappa",
                "log_kdeg",
                "log_fmod_0"
              ]
            },
            "ndata": 7,
            "nfree": 4,
            "r2": 0.9812351599696374,
            "reduced_chisq": 3.34698533063277e-09,
            "status": "completed",
            "success": true,
            "time_max": 200.0,
            "time_min": 0.0
          },
          "nt_id": 475,
          "params": {
            "fmod0": 0.00029055261118324563,
            "kdeg": 0.021874542089480663,
            "kobs": 0.0009125106649336146,
            "log_fmod0": -8.143725892447764,
            "log_fmod0_err": 0.18073678785837116,
            "log_kdeg": -3.822431780009871,
            "log_kdeg_err": 0.18762057353313993,
            "log_kobs": -6.999310784977445,
            "log_kobs_err": 0.06998187307484016,
            "metadata": {
              "base": "G",
              "fmod_run_ids": [
                842,
                843,
                844,
                845,
                846,
                847,
                848
              ],
              "site": 6,
              "valtype": "modrate"
            }
          },
          "valtype": "modrate"
        },
        {
          "diagnostics": {
            "chisq": 2.5013077914879893e-06,
            "covariance": {
              "matrix": [
                [
                  0.0008850610451265038,
                  4.1292514803513583e-05,
                  -0.021352782008232176
                ],
                [
                  4.1292514803513583e-05,
                  0.005314761775603369,
                  -0.03212209257501586
                ],
                [
                  -0.021352782008232176,
                  -0.03212209257501586,
                  0.8281586670747478
                ]
              ],
              "params": [
                "log_kappa",
                "log_kdeg",
                "log_fmod_0"
              ]
            },
            "ndata": 7,
            "nfree": 4,
            "r2": 0.9965819338827339,
            "reduced_chisq": 6.253269478719973e-07,
            "status": "completed",
            "success": true,
            "time_max": 200.0,
            "time_min": 0.0
          },
          "nt_id": 476,
          "params": {
            "fmod0": 0.0008268595326603307,
            "kdeg": 0.0315997442131553,
            "kobs": 0.02968538996385793,
            "log_fmod0": -7.097875729047387,
            "log_fmod0_err": 0.9100322340855558,
            "log_kdeg": -3.4546062529424333,
            "log_kdeg_err": 0.07290241268712147,
            "log_kobs": -3.517100274614845,
            "log_kobs_err": 0.029749975548334553,
            "metadata": {
              "base": "A",
              "fmod_run_ids": [
                842,
                843,
                844,
                845,
                846,
                847,
                848
              ],
              "site": 7,
              "valtype": "modrate"
            }
          },
          "valtype": "modrate"
        },
        {
          "diagnostics": {
            "chisq": 5.627072789347249e-05,
            "covariance": {
              "matrix": [
                [
                  0.004786409163797262,
                  0.0005911529556420753,
                  -0.0136679851865016
                ],
                [
                  0.0005911529556420753,
                  0.026328960541050717,
                  -0.01720947116339896
                ],
                [
                  -0.0136679851865016,
                  -0.01720947116339896,
                  0.056825093898135656
                ]
              ],
              "params": [
                "log_kappa",
                "log_kdeg",
                "log_fmod_0"
              ]
            },
            "ndata": 7,
            "nfree": 4,
            "r2": 0.9824598206512904,
            "reduced_chisq": 1.4067681973368122e-05,
            "status": "completed",
            "success": true,
            "time_max": 200.0,
            "time_min": 0.0
          },
          "nt_id": 477,
          "params": {
            "fmod0": 0.015269036482055758,
            "kdeg": 0.03848871863594438,
            "kobs": 0.06301696685977022,
            "log_fmod0": -4.181928260494485,
            "log_fmod0_err": 0.2383801457716973,
            "log_kdeg": -3.257390103070866,
            "log_kdeg_err": 0.1622620120085127,
            "log_kobs": -2.764351273614994,
            "log_kobs_err": 0.06918387936360075,
            "metadata": {
              "base": "C",
              "fmod_run_ids": [
                842,
                843,
                844,
                845,
                846,
                847,
                848
              ],
              "site": 8,
              "valtype": "modrate"
            }
          },
          "valtype": "modrate"
        },
        {
          "diagnostics": {
            "chisq": 1.6666415806836626e-06,
            "covariance": {
              "matrix": [
                [
                  0.0007608421795696397,
                  1.3108162957062871e-05,
                  -0.012671164325831943
                ],
                [
                  1.3108162957062871e-05,
                  0.004653210883159429,
                  -0.019765335857691132
                ],
                [
                  -0.012671164325831943,
                  -0.019765335857691132,
                  0.3486757102808721
                ]
              ],
              "params": [
                "log_kappa",
                "log_kdeg",
                "log_fmod_0"
              ]
            },
            "ndata": 7,
            "nfree": 4,
            "r2": 0.997047893542989,
            "reduced_chisq": 4.1666039517091566e-07,
            "status": "completed",
            "success": true,
            "time_max": 200.0,
            "time_min": 0.0
          },
          "nt_id": 478,
          "params": {
            "fmod0": 0.0010352745791905114,
            "kdeg": 0.030306206689134474,
            "kobs": 0.026022142565630405,
            "log_fmod0": -6.873088593545134,
            "log_fmod0_err": 0.5904876885091441,
            "log_kdeg": -3.4964027462183527,
            "log_kdeg_err": 0.06821444775968966,
            "log_kobs": -3.648807466258171,
            "log_kobs_err": 0.027583367806880286,
            "metadata": {
              "base": "C",
              "fmod_run_ids": [
                842,
                843,
                844,
                845,
                846,
                847,
                848
              ],
              "site": 9,
              "valtype": "modrate"
            }
          },
          "valtype": "modrate"
        },
        {
          "diagnostics": {
            "chisq": 1.3197907986296923e-08,
            "covariance": {
              "matrix": [
                [
                  0.021324536322533047,
                  0.0037789407078385405,
                  -0.010559452411408727
                ],
                [
                  0.0037789407078385405,
                  0.12009198451734235,
                  -0.012055388813254683
                ],
                [
                  -0.010559452411408727,
                  -0.012055388813254683,
                  0.007157894412234272
                ]
              ],
              "params": [
                "log_kappa",
                "log_kdeg",
                "log_fmod_0"
              ]
            },
            "ndata": 7,
            "nfree": 4,
            "r2": 0.9218371553148342,
            "reduced_chisq": 3.299476996574231e-09,
            "status": "completed",
            "success": true,
            "time_max": 200.0,
            "time_min": 0.0
          },
          "nt_id": 479,
          "params": {
            "fmod0": 0.000666623294028035,
            "kdeg": 0.04749423010049784,
            "kobs": 0.00043128031747255327,
            "log_fmod0": -7.313285448164675,
            "log_fmod0_err": 0.08460434038649714,
            "log_kdeg": -3.0471470468882766,
            "log_kdeg_err": 0.34654290429518586,
            "log_kobs": -7.7487522907041,
            "log_kobs_err": 0.14602923105506324,
            "metadata": {
              "base": "U",
              "fmod_run_ids": [
                842,
                843,
                844,
                845,
                846,
                847,
                848
              ],
              "site": 10,
              "valtype": "modrate"
            }
          },
          "valtype": "modrate"
        },
        {
          "diagnostics": {
            "chisq": 3.1757504890426388e-09,
            "covariance": {
              "matrix": [
                [
                  0.0024832018385982932,
                  0.0003151037686154483,
                  -0.0013937380534594678
                ],
                [
                  0.0003151037686154483,
                  0.014416392850698519,
                  -0.0012854355133884205
                ],
                [
                  -0.0013937380534594678,
                  -0.0012854355133884205,
                  0.0010148727948532694
                ]
              ],
              "params": [
                "log_kappa",
                "log_kdeg",
                "log_fmod_0"
              ]
            },
            "ndata": 7,
            "nfree": 4,
            "r2": 0.9901974365361591,
            "reduced_chisq": 7.939376222606597e-10,
            "status": "completed",
            "success": true,
            "time_max": 200.0,
            "time_min": 0.0
          },
          "nt_id": 480,
          "params": {
            "fmod0": 0.000877963942051546,
            "kdeg": 0.06297153425698902,
            "kobs": 0.0006241283275946768,
            "log_fmod0": -7.037905033450904,
            "log_fmod0_err": 0.03185706820869223,
            "log_kdeg": -2.7650724918904372,
            "log_kdeg_err": 0.12006828411657476,
            "log_kobs": -7.379154557541969,
            "log_kobs_err": 0.049831735255741326,
            "metadata": {
              "base": "U",
              "fmod_run_ids": [
                842,
                843,
                844,
                845,
                846,
                847,
                848
              ],
              "site": 11,
              "valtype": "modrate"
            }
          },
          "valtype": "modrate"
        },
        {
          "diagnostics": {
            "chisq": 5.551943348014952e-09,
            "covariance": {
              "matrix": [
                [
                  0.001764693962476811,
                  0.00027662732994530414,
                  -0.0014524022301680688
                ],
                [
                  0.00027662732994530414,
                  0.009980450300972494,
                  -0.0014629610185771843
                ],
                [
                  -0.0014524022301680688,
                  -0.0014629610185771843,
                  0.0015795653823729272
                ]
              ],
              "params": [
                "log_kappa",
                "log_kdeg",
                "log_fmod_0"
              ]
            },
            "ndata": 7,
            "nfree": 4,
            "r2": 0.9930274717552484,
            "reduced_chisq": 1.387985837003738e-09,
            "status": "completed",
            "success": true,
            "time_max": 200.0,
            "time_min": 0.0
          },
          "nt_id": 481,
          "params": {
            "fmod0": 0.0009271916271526262,
            "kdeg": 0.05608427700271793,
            "kobs": 0.0009772149459447922,
            "log_fmod0": -6.9833502962290455,
            "log_fmod0_err": 0.03974374645617757,
            "log_kdeg": -2.880899773066946,
            "log_kdeg_err": 0.09990220368426561,
            "log_kobs": -6.93080392403454,
            "log_kobs_err": 0.042008260645696946,
            "metadata": {
              "base": "U",
              "fmod_run_ids": [
                842,
                843,
                844,
                845,
                846,
                847,
                848
              ],
              "site": 12,
              "valtype": "modrate"
            }
          },
          "valtype": "modrate"
        },
        {
          "diagnostics": {
            "chisq": 9.526676805611004e-09,
            "covariance": {
              "matrix": [
                [
                  0.002995376513595393,
                  0.0004620405864338256,
                  -0.004786145212214665
                ],
                [
                  0.0004620405864338256,
                  0.016969359258308756,
                  -0.004778179448965309
                ],
                [
                  -0.004786145212214665,
                  -0.004778179448965309,
                  0.010084579209839375
                ]
              ],
              "params": [
                "log_kappa",
                "log_kdeg",
                "log_fmod_0"
              ]
            },
            "ndata": 7,
            "nfree": 4,
            "r2": 0.988220533972187,
            "reduced_chisq": 2.381669201402751e-09,
            "status": "completed",
            "success": true,
            "time_max": 200.0,
            "time_min": 0.0
          },
          "nt_id": 482,
          "params": {
            "fmod0": 0.00048087884985350925,
            "kdeg": 0.056745253779719146,
            "kobs": 0.0009827839141676063,
            "log_fmod0": -7.6398951909898685,
            "log_fmod0_err": 0.10042200560554133,
            "log_kdeg": -2.8691832599556775,
            "log_kdeg_err": 0.13026649322948997,
            "log_kobs": -6.9251212848020245,
            "log_kobs_err": 0.05473003301292073,
            "metadata": {
              "base": "U",
              "fmod_run_ids": [
                842,
                843,
                844,
                845,
                846,
                847,
                848
              ],
              "site": 13,
              "valtype": "modrate"
            }
          },
          "valtype": "modrate"
        },
        {
          "diagnostics": {
            "chisq": 1.942105684865036e-08,
            "covariance": {
              "matrix": [
                [
                  0.056537272554611946,
                  -0.10476232888727137,
                  -0.0062890640406950025
                ],
                [
                  -0.10476232888727137,
                  0.4050030670651264,
                  -0.10356623287583387
                ],
                [
                  -0.0062890640406950025,
                  -0.10356623287583387,
                  0.07974905267293302
                ]
              ],
              "params": [
                "log_kappa",
                "log_kdeg",
                "log_fmod_0"
              ]
            },
            "ndata": 7,
            "nfree": 4,
            "r2": 0.8946870779535417,
            "reduced_chisq": 4.85526421216259e-09,
            "status": "completed",
            "success": true,
            "time_max": 200.0,
            "time_min": 0.0
          },
          "nt_id": 483,
          "params": {
            "fmod0": 0.00020757163912880075,
            "kdeg": 0.011857123365513844,
            "kobs": 0.0004853554895920284,
            "log_fmod0": -8.480034029064681,
            "log_fmod0_err": 0.28239874764760026,
            "log_kdeg": -4.43482646411453,
            "log_kdeg_err": 0.6363985127772742,
            "log_kobs": -7.63062896728583,
            "log_kobs_err": 0.23777567696173624,
            "metadata": {
              "base": "G",
              "fmod_run_ids": [
                842,
                843,
                844,
                845,
                846,
                847,
                848
              ],
              "site": 14,
              "valtype": "modrate"
            }
          },
          "valtype": "modrate"
        },
        {
          "diagnostics": {
            "chisq": 1.540689513341962e-06,
            "covariance": {
              "matrix": [
                [
                  0.0005042630296843727,
                  4.271047658650886e-05,
                  -0.015063845139720275
                ],
                [
                  4.271047658650886e-05,
                  0.00296194049420835,
                  -0.021555385970454047
                ],
                [
                  -0.015063845139720275,
                  -0.021555385970454047,
                  0.6976441528617422
                ]
              ],
              "params": [
                "log_kappa",
                "log_kdeg",
                "log_fmod_0"
              ]
            },
            "ndata": 7,
            "nfree": 4,
            "r2": 0.9980540242619319,
            "reduced_chisq": 3.851723783354905e-07,
            "status": "completed",
            "success": true,
            "time_max": 200.0,
            "time_min": 0.0
          },
          "nt_id": 484,
          "params": {
            "fmod0": 0.0007117023029013443,
            "kdeg": 0.0336819941461293,
            "kobs": 0.03094529698354199,
            "log_fmod0": -7.247850847888895,
            "log_fmod0_err": 0.8352509520268397,
            "log_kdeg": -3.3907918827464814,
            "log_kdeg_err": 0.0544237126095634,
            "log_kobs": -3.47553424669542,
            "log_kobs_err": 0.022455801693201084,
            "metadata": {
              "base": "A",
              "fmod_run_ids": [
                842,
                843,
                844,
                845,
                846,
                847,
                848
              ],
              "site": 15,
              "valtype": "modrate"
            }
          },
          "valtype": "modrate"
        },
        {
          "diagnostics": {
            "chisq": 1.0120884408105299e-06,
            "covariance": {
              "matrix": [
                [
                  0.0004796891389264416,
                  1.3698881353132994e-05,
                  -0.01069843732956054
                ],
                [
                  1.3698881353132994e-05,
                  0.002919614168879796,
                  -0.01650145087085436
                ],
                [
                  -0.01069843732956054,
                  -0.01650145087085436,
                  0.39044991444346744
                ]
              ],
              "params": [
                "log_kappa",
                "log_kdeg",
                "log_fmod_0"
              ]
            },
            "ndata": 7,
            "nfree": 4,
            "r2": 0.9981359527940951,
            "reduced_chisq": 2.5302211020263247e-07,
            "status": "completed",
            "success": true,
            "time_max": 200.0,
            "time_min": 0.0
          },
          "nt_id": 485,
          "params": {
            "fmod0": 0.0007635462408599186,
            "kdeg": 0.03075269375998504,
            "kobs": 0.025528466460990537,
            "log_fmod0": -7.177536870817438,
            "log_fmod0_err": 0.62485991585592,
            "log_kdeg": -3.481777686615704,
            "log_kdeg_err": 0.054033454163877,
            "log_kobs": -3.667961117649219,
            "log_kobs_err": 0.021901806750276143,
            "metadata": {
              "base": "A",
              "fmod_run_ids": [
                842,
                843,
                844,
                845,
                846,
                847,
                848
              ],
              "site": 16,
              "valtype": "modrate"
            }
          },
          "valtype": "modrate"
        },
        {
          "diagnostics": {
            "chisq": 1.7785000747265555e-08,
            "covariance": {
              "matrix": [
                [
                  0.004867143154152813,
                  0.0008500326854827049,
                  -0.007210550186606192
                ],
                [
                  0.0008500326854827049,
                  0.02734249171000329,
                  -0.007969607995426066
                ],
                [
                  -0.007210550186606192,
                  -0.007969607995426066,
                  0.014473178086195011
                ]
              ],
              "params": [
                "log_kappa",
                "log_kdeg",
                "log_fmod_0"
              ]
            },
            "ndata": 7,
            "nfree": 4,
            "r2": 0.9810240583087995,
            "reduced_chisq": 4.446250186816389e-09,
            "status": "completed",
            "success": true,
            "time_max": 200.0,
            "time_min": 0.0
          },
          "nt_id": 486,
          "params": {
            "fmod0": 0.0005454056205247583,
            "kdeg": 0.04956932099617941,
            "kobs": 0.0010499527808711768,
            "log_fmod0": -7.513980782279963,
            "log_fmod0_err": 0.12030452230151205,
            "log_kdeg": -3.0043831649216353,
            "log_kdeg_err": 0.1653556521864411,
            "log_kobs": -6.859010086422792,
            "log_kobs_err": 0.0697649134891803,
            "metadata": {
              "base": "U",
              "fmod_run_ids": [
                842,
                843,
                844,
                845,
                846,
                847,
                848
              ],
              "site": 17,
              "valtype": "modrate"
            }
          },
          "valtype": "modrate"
        },
        {
          "diagnostics": {
            "chisq": 1.3808840009010582e-06,
            "covariance": {
              "matrix": [
                [
                  0.0006137051521546456,
                  1.0405721053239238e-05,
                  -0.012197504138084523
                ],
                [
                  1.0405721053239238e-05,
                  0.0037523573497486437,
                  -0.019023954324228133
                ],
                [
                  -0.012197504138084523,
                  -0.019023954324228133,
                  0.4005971886392424
                ]
              ],
              "params": [
                "log_kappa",
                "log_kdeg",
                "log_fmod_0"
              ]
            },
            "ndata": 7,
            "nfree": 4,
            "r2": 0.9976183091042251,
            "reduced_chisq": 3.4522100022526454e-07,
            "status": "completed",
            "success": true,
            "time_max": 200.0,
            "time_min": 0.0
          },
          "nt_id": 487,
          "params": {
            "fmod0": 0.000879159768160027,
            "kdeg": 0.030299513432436427,
            "kobs": 0.02638353332176744,
            "log_fmod0": -7.03654391552147,
            "log_fmod0_err": 0.6329274750231991,
            "log_kdeg": -3.4966236249311815,
            "log_kdeg_err": 0.06125648822572711,
            "log_kobs": -3.635015201247061,
            "log_kobs_err": 0.02477307312697893,
            "metadata": {
              "base": "A",
              "fmod_run_ids": [
                842,
                843,
                844,
                845,
                846,
                847,
                848
              ],
              "site": 18,
              "valtype": "modrate"
            }
          },
          "valtype": "modrate"
        },
        {
          "diagnostics": {
            "chisq": 1.485132643234578e-08,
            "covariance": {
              "matrix": [
                [
                  0.015462738606598246,
                  -0.0026899966210127075,
                  -0.009164121812349458
                ],
                [
                  -0.0026899966210127075,
                  0.10436939739978866,
                  -0.017181209130885666
                ],
                [
                  -0.009164121812349458,
                  -0.017181209130885666,
                  0.010593820148383004
                ]
              ],
              "params": [
                "log_kappa",
                "log_kdeg",
                "log_fmod_0"
              ]
            },
            "ndata": 7,
            "nfree": 4,
            "r2": 0.9420243408951934,
            "reduced_chisq": 3.712831608086445e-09,
            "status": "completed",
            "success": true,
            "time_max": 200.0,
            "time_min": 0.0
          },
          "nt_id": 488,
          "params": {
            "fmod0": 0.0005474188908065703,
            "kdeg": 0.02521291004936384,
            "kobs": 0.0005325627717175198,
            "log_fmod0": -7.510296251893654,
            "log_fmod0_err": 0.10292628502177179,
            "log_kdeg": -3.6803991121012354,
            "log_kdeg_err": 0.32306252862222923,
            "log_kobs": -7.53780978616847,
            "log_kobs_err": 0.12434926057921794,
            "metadata": {
              "base": "G",
              "fmod_run_ids": [
                842,
                843,
                844,
                845,
                846,
                847,
                848
              ],
              "site": 19,
              "valtype": "modrate"
            }
          },
          "valtype": "modrate"
        },
        {
          "diagnostics": {
            "chisq": 3.808913888730018e-08,
            "covariance": {
              "matrix": [
                [
                  0.010919569280866025,
                  0.0007677364733464167,
                  -0.009698038250784082
                ],
                [
                  0.0007677364733464167,
                  0.06687186005976312,
                  -0.014702959322881822
                ],
                [
                  -0.009698038250784082,
                  -0.014702959322881822,
                  0.013716012971588845
                ]
              ],
              "params": [
                "log_kappa",
                "log_kdeg",
                "log_fmod_0"
              ]
            },
            "ndata": 7,
            "nfree": 4,
            "r2": 0.9582220076248007,
            "reduced_chisq": 9.522284721825045e-09,
            "status": "completed",
            "success": true,
            "time_max": 200.0,
            "time_min": 0.0
          },
          "nt_id": 489,
          "params": {
            "fmod0": 0.0007934373108922175,
            "kdeg": 0.032301128763898686,
            "kobs": 0.0010122067451039374,
            "log_fmod0": -7.139136024405165,
            "log_fmod0_err": 0.11711538315519804,
            "log_kdeg": -3.432653103113399,
            "log_kdeg_err": 0.25859593975885065,
            "log_kobs": -6.895622435400989,
            "log_kobs_err": 0.10449674291989212,
            "metadata": {
              "base": "U",
              "fmod_run_ids": [
                842,
                843,
                844,
                845,
                846,
                847,
                848
              ],
              "site": 20,
              "valtype": "modrate"
            }
          },
          "valtype": "modrate"
        },
        {
          "diagnostics": {
            "chisq": 8.63680477887726e-08,
            "covariance": {
              "matrix": [
                [
                  0.027226682126846584,
                  -0.018044894242124097,
                  -0.017406661819276234
                ],
                [
                  -0.018044894242124097,
                  0.205688264266319,
                  -0.04506066448454544
                ],
                [
                  -0.017406661819276234,
                  -0.04506066448454544,
                  0.033693236787569886
                ]
              ],
              "params": [
                "log_kappa",
                "log_kdeg",
                "log_fmod_0"
              ]
            },
            "ndata": 7,
            "nfree": 4,
            "r2": 0.9070490604420911,
            "reduced_chisq": 2.159201194719315e-08,
            "status": "completed",
            "success": true,
            "time_max": 200.0,
            "time_min": 0.0
          },
          "nt_id": 490,
          "params": {
            "fmod0": 0.000715201020467989,
            "kdeg": 0.01940608425544561,
            "kobs": 0.0010099050321679796,
            "log_fmod0": -7.242946907277144,
            "log_fmod0_err": 0.18355717579972156,
            "log_kdeg": -3.9421686406670484,
            "log_kdeg_err": 0.4535286807538405,
            "log_kobs": -6.897898980106293,
            "log_kobs_err": 0.16500509727534657,
            "metadata": {
              "base": "G",
              "fmod_run_ids": [
                842,
                843,
                844,
                845,
                846,
                847,
                848
              ],
              "site": 21,
              "valtype": "modrate"
            }
          },
          "valtype": "modrate"
        },
        {
          "diagnostics": {
            "chisq": 3.1537385913789082e-06,
            "covariance": {
              "matrix": [
                [
                  0.0010063111539539967,
                  6.376758554982124e-05,
                  -0.017033167155514582
                ],
                [
                  6.376758554982124e-05,
                  0.0059793148494960615,
                  -0.02506286753533141
                ],
                [
                  -0.017033167155514582,
                  -0.02506286753533141,
                  0.4561194447650902
                ]
              ],
              "params": [
                "log_kappa",
                "log_kdeg",
                "log_fmod_0"
              ]
            },
            "ndata": 7,
            "nfree": 4,
            "r2": 0.9961234982229582,
            "reduced_chisq": 7.884346478447271e-07,
            "status": "completed",
            "success": true,
            "time_max": 200.0,
            "time_min": 0.0
          },
          "nt_id": 491,
          "params": {
            "fmod0": 0.0012545895272853937,
            "kdeg": 0.03245652600768499,
            "kobs": 0.031328663521105304,
            "log_fmod0": -6.680946829789529,
            "log_fmod0_err": 0.6753661560702389,
            "log_kdeg": -3.427853746415969,
            "log_kdeg_err": 0.0773260295728163,
            "log_kobs": -3.4632218330477635,
            "log_kobs_err": 0.031722407757829425,
            "metadata": {
              "base": "A",
              "fmod_run_ids": [
                842,
                843,
                844,
                845,
                846,
                847,
                848
              ],
              "site": 22,
              "valtype": "modrate"
            }
          },
          "valtype": "modrate"
        },
        {
          "diagnostics": {
            "chisq": 4.819091904852755e-08,
            "covariance": {
              "matrix": [
                [
                  0.021952712797671116,
                  -0.0028068004798924165,
                  -0.011246908280075548
                ],
                [
                  -0.0028068004798924165,
                  0.1965293127181009,
                  -0.006848513741340668
                ],
                [
                  -0.011246908280075548,
                  -0.006848513741340668,
                  0.0071323764354161165
                ]
              ],
              "params": [
                "log_kappa",
                "log_kdeg",
                "log_fmod_0"
              ]
            },
            "ndata": 7,
            "nfree": 4,
            "r2": 0.9194683543764823,
            "reduced_chisq": 1.2047729762131888e-08,
            "status": "completed",
            "success": true,
            "time_max": 200.0,
            "time_min": 0.0
          },
          "nt_id": 492,
          "params": {
            "fmod0": 0.0012987611439615472,
            "kdeg": 0.10579054055257704,
            "kobs": 0.0008189722081777751,
            "log_fmod0": -6.646344435059028,
            "log_fmod0_err": 0.08445339800988541,
            "log_kdeg": -2.2462941723209524,
            "log_kdeg_err": 0.44331626714807215,
            "log_kobs": -7.107460408535841,
            "log_kobs_err": 0.1481644788661274,
            "metadata": {
              "base": "U",
              "fmod_run_ids": [
                842,
                843,
                844,
                845,
                846,
                847,
                848
              ],
              "site": 23,
              "valtype": "modrate"
            }
          },
          "valtype": "modrate"
        },
        {
          "diagnostics": {
            "chisq": 2.8441170195150807e-08,
            "covariance": {
              "matrix": [
                [
                  0.007404328331667351,
                  0.0012932527500708682,
                  -0.006356748149437193
                ],
                [
                  0.0012932527500708682,
                  0.041595238518154345,
                  -0.007027675062180303
                ],
                [
                  -0.006356748149437193,
                  -0.007027675062180303,
                  0.0073947185213461145
                ]
              ],
              "params": [
                "log_kappa",
                "log_kdeg",
                "log_fmod_0"
              ]
            },
            "ndata": 7,
            "nfree": 4,
            "r2": 0.971415728776168,
            "reduced_chisq": 7.110292548787702e-09,
            "status": "completed",
            "success": true,
            "time_max": 200.0,
            "time_min": 0.0
          },
          "nt_id": 493,
          "params": {
            "fmod0": 0.0009648962622380142,
            "kdeg": 0.04955195482070444,
            "kobs": 0.0010765107784163192,
            "log_fmod0": -6.943489962675344,
            "log_fmod0_err": 0.08599254921995343,
            "log_kdeg": -3.004733567506944,
            "log_kdeg_err": 0.20394910766697252,
            "log_kobs": -6.834030228747074,
            "log_kobs_err": 0.08604840690952593,
            "metadata": {
              "base": "U",
              "fmod_run_ids": [
                842,
                843,
                844,
                845,
                846,
                847,
                848
              ],
              "site": 24,
              "valtype": "modrate"
            }
          },
          "valtype": "modrate"
        },
        {
          "diagnostics": {
            "chisq": 5.548493442144367e-06,
            "covariance": {
              "matrix": [
                [
                  0.0010335818785335688,
                  2.933468947173481e-05,
                  -0.016979847672431162
                ],
                [
                  2.933468947173481e-05,
                  0.006183315865658122,
                  -0.02570714734561699
                ],
                [
                  -0.016979847672431162,
                  -0.02570714734561699,
                  0.4536690486525897
                ]
              ],
              "params": [
                "log_kappa",
                "log_kdeg",
                "log_fmod_0"
              ]
            },
            "ndata": 7,
