{
  "artifacts": {},
  "engine": "python_baseline",
  "engine_version": "0.1.0",
  "metadata": {
    "buffer_pH": 6.5,
    "done_by": [
      "EKC"
    ],
    "experiment_id": "ekc.01.0xx",
    "fmod_run_id": 925,
    "initial_kdeg": 0.046628528165773286,
    "initial_kdeg_source": "arrhenius:nmr:deg:dms:Schwalbe_bistris",
    "initial_log_kdeg": -3.065542732765291,
    "notes": "Baseline python engine demo using examples/nerd.sqlite",
    "rg_id": 31,
    "rg_label": "80_2_A8C",
    "rounds_requested": [
      "round1_free",
      "round2_global",
      "round3_constrained"
    ],
    "temperature_c": 80.0,
    "valtypes": [
      "modrate",
      "GAmodrate"
    ]
  },
  "rounds": [
    {
      "global_params": {},
      "notes": null,
      "per_nt": [
        {
          "diagnostics": {
            "reason": "Non-zero fmod values are required for a fit.",
            "status": "failed"
          },
          "nt_id": 470,
          "params": {},
          "valtype": "modrate"
        },
        {
          "diagnostics": {
            "reason": "Non-zero fmod values are required for a fit.",
            "status": "failed"
          },
          "nt_id": 471,
          "params": {},
          "valtype": "modrate"
        },
        {
          "diagnostics": {
            "reason": "Non-zero fmod values are required for a fit.",
            "status": "failed"
          },
          "nt_id": 472,
          "params": {},
          "valtype": "modrate"
        },
        {
          "diagnostics": {
            "reason": "Non-zero fmod values are required for a fit.",
            "status": "failed"
          },
          "nt_id": 473,
          "params": {},
          "valtype": "modrate"
        },
        {
          "diagnostics": {
            "chisq": 3.1106531329685805e-08,
            "covariance": {
              "matrix": [
                [
                  0.010642177454105398,
                  0.0015013817384216855,
                  -0.013472204057557311
                ],
                [
                  0.0015013817384216855,
                  0.06263542000019501,
                  -0.011508172985645637
                ],
                [
                  -0.013472204057557311,
                  -0.011508172985645637,
                  0.021660223223951544
                ]
              ],
              "params": [
                "log_kappa",
                "log_kdeg",
                "log_fmod_0"
              ]
            },
            "ndata": 7,
            "nfree": 4,
            "r2": 0.9593370170752776,
            "reduced_chisq": 7.776632832421451e-09,
            "status": "completed",
            "success": true,
            "time_max": 135.0,
            "time_min": 0.0
          },
          "nt_id": 474,
          "params": {
            "fmod0": 0.0005960489240181833,
            "kdeg": 0.10297644425876494,
            "kobs": 0.000943873422785035,
            "log_fmod0": -7.4251878069890695,
            "log_fmod0_err": 0.14717412552467077,
            "log_kdeg": -2.2732550134243827,
            "log_kdeg_err": 0.25027069345050174,
            "log_kobs": -6.965518486841911,
            "log_kobs_err": 0.10316092988193445,
            "metadata": {
              "base": "U",
              "fmod_run_ids": [
                919,
                920,
                921,
                922,
                923,
                924,
                925
              ],
              "site": 5,
              "valtype": "modrate"
            }
          },
          "valtype": "modrate"
        },
        {
          "diagnostics": {
            "chisq": 4.472914762919718e-08,
            "covariance": {
              "matrix": [
                [
                  0.026366585051536277,
                  0.005275387610395835,
                  -0.05971160553872403
                ],
                [
                  0.005275387610395835,
                  0.14797723468358648,
                  -0.05666195787559329
                ],
                [
                  -0.05971160553872403,
                  -0.05666195787559329,
                  0.17413015251675934
                ]
              ],
              "params": [
                "log_kappa",
                "log_kdeg",
                "log_fmod_0"
              ]
            },
            "ndata": 7,
            "nfree": 4,
            "r2": 0.9052684600364579,
            "reduced_chisq": 1.1182286907299296e-08,
            "status": "completed",
            "success": true,
            "time_max": 135.0,
            "time_min": 0.0
          },
          "nt_id": 475,
          "params": {
            "fmod0": 0.00025129084691792456,
            "kdeg": 0.08988967819779987,
            "kobs": 0.0007173304414963537,
            "log_fmod0": -8.28889953700713,
            "log_fmod0_err": 0.4172890515179608,
            "log_kdeg": -2.4091721583587398,
            "log_kdeg_err": 0.38467809228442745,
            "log_kobs": -7.239973956730089,
            "log_kobs_err": 0.16237790813881142,
            "metadata": {
              "base": "G",
              "fmod_run_ids": [
                919,
                920,
                921,
                922,
                923,
                924,
                925
              ],
              "site": 6,
              "valtype": "modrate"
            }
          },
          "valtype": "modrate"
        },
        {
          "diagnostics": {
            "chisq": 5.509584773420495e-07,
            "covariance": {
              "matrix": [
                [
                  0.0003044250080114474,
                  7.920871624937533e-05,
                  -0.012553367250543361
                ],
                [
                  7.920871624937533e-05,
                  0.0017630670887718747,
                  -0.016554588880690477
                ],
                [
                  -0.012553367250543361,
                  -0.016554588880690477,
                  0.7295228618907741
                ]
              ],
              "params": [
                "log_kappa",
                "log_kdeg",
                "log_fmod_0"
              ]
            },
            "ndata": 7,
            "nfree": 4,
            "r2": 0.9988277840019986,
            "reduced_chisq": 1.3773961933551238e-07,
            "status": "completed",
            "success": true,
            "time_max": 135.0,
            "time_min": 0.0
          },
          "nt_id": 476,
          "params": {
            "fmod0": 0.00042191165476026366,
            "kdeg": 0.05728547129832668,
            "kobs": 0.023574757599706963,
            "log_fmod0": -7.770714614754132,
            "log_fmod0_err": 0.8541211049323006,
            "log_kdeg": -2.8597082424149725,
            "log_kdeg_err": 0.04198889244516786,
            "log_kobs": -3.74757873260638,
            "log_kobs_err": 0.017447779457897997,
            "metadata": {
              "base": "A",
              "fmod_run_ids": [
                919,
                920,
                921,
                922,
                923,
                924,
                925
              ],
              "site": 7,
              "valtype": "modrate"
            }
          },
          "valtype": "modrate"
        },
        {
          "diagnostics": {
            "chisq": 1.5290987921950834e-05,
            "covariance": {
              "matrix": [
                [
                  0.007429896302441963,
                  -0.001969837855683626,
                  -0.008569960530322064
                ],
                [
                  -0.001969837855683626,
                  0.056984209086006314,
                  -0.018501409840754574
                ],
                [
                  -0.008569960530322064,
                  -0.018501409840754574,
                  0.021148384825823638
                ]
              ],
              "params": [
                "log_kappa",
                "log_kdeg",
                "log_fmod_0"
              ]
            },
            "ndata": 7,
            "nfree": 4,
            "r2": 0.9721194970605396,
            "reduced_chisq": 3.8227469804877084e-06,
            "status": "completed",
            "success": true,
            "time_max": 135.0,
            "time_min": 0.0
          },
          "nt_id": 477,
          "params": {
            "fmod0": 0.012281357431753827,
            "kdeg": 0.0331178904216105,
            "kobs": 0.02492499935309172,
            "log_fmod0": -4.399672822327141,
            "log_fmod0_err": 0.1454248425332606,
            "log_kdeg": -3.4076816464933737,
            "log_kdeg_err": 0.23871365500533545,
            "log_kobs": -3.691883989088429,
            "log_kobs_err": 0.0861968462441751,
            "metadata": {
              "base": "C",
              "fmod_run_ids": [
                919,
                920,
                921,
                922,
                923,
                924,
                925
              ],
              "site": 8,
              "valtype": "modrate"
            }
          },
          "valtype": "modrate"
        },
        {
          "diagnostics": {
            "chisq": 2.2125205830822607e-06,
            "covariance": {
              "matrix": [
                [
                  0.0016873260679688485,
                  0.0004470757017692315,
                  -0.0448567938226947
                ],
                [
                  0.0004470757017692315,
                  0.009731823674474178,
                  -0.05839589494113277
                ],
                [
                  -0.0448567938226947,
                  -0.05839589494113277,
                  1.6698100175578374
                ]
              ],
              "params": [
                "log_kappa",
                "log_kdeg",
                "log_fmod_0"
              ]
            },
            "ndata": 7,
            "nfree": 4,
            "r2": 0.9935154097984537,
            "reduced_chisq": 5.531301457705652e-07,
            "status": "completed",
            "success": true,
            "time_max": 135.0,
            "time_min": 0.0
          },
          "nt_id": 478,
          "params": {
            "fmod0": 0.0005596179591760258,
            "kdeg": 0.05848230362993395,
            "kobs": 0.020014371196344905,
            "log_fmod0": -7.488256222807238,
            "log_fmod0_err": 1.2922112898275722,
            "log_kdeg": -2.8390310725597123,
            "log_kdeg_err": 0.0986500059527326,
            "log_kobs": -3.911304703651402,
            "log_kobs_err": 0.041077074725068344,
            "metadata": {
              "base": "C",
              "fmod_run_ids": [
                919,
                920,
                921,
                922,
                923,
                924,
                925
              ],
              "site": 9,
              "valtype": "modrate"
            }
          },
          "valtype": "modrate"
        },
        {
          "diagnostics": {
            "chisq": 1.6197259910847036e-08,
            "covariance": {
              "matrix": [
                [
                  0.029931112229380778,
                  0.004635115350391706,
                  -0.01590464461855753
                ],
                [
                  0.004635115350391706,
                  0.17391736351611217,
                  -0.013900006151097438
                ],
                [
                  -0.01590464461855753,
                  -0.013900006151097438,
                  0.010761889004675677
                ]
              ],
              "params": [
                "log_kappa",
                "log_kdeg",
                "log_fmod_0"
              ]
            },
            "ndata": 7,
            "nfree": 4,
            "r2": 0.8935031377968804,
            "reduced_chisq": 4.049314977711759e-09,
            "status": "completed",
            "success": true,
            "time_max": 135.0,
            "time_min": 0.0
          },
          "nt_id": 479,
          "params": {
            "fmod0": 0.0006098364937173983,
            "kdeg": 0.10003526099561595,
            "kobs": 0.0004057556550390808,
            "log_fmod0": -7.402319679813118,
            "log_fmod0_err": 0.1037395247949193,
            "log_kdeg": -2.302232545190167,
            "log_kdeg_err": 0.417034007625412,
            "log_kobs": -7.809759414416959,
            "log_kobs_err": 0.17300610460148733,
            "metadata": {
              "base": "U",
              "fmod_run_ids": [
                919,
                920,
                921,
                922,
                923,
                924,
                925
              ],
              "site": 10,
              "valtype": "modrate"
            }
          },
          "valtype": "modrate"
        },
        {
          "diagnostics": {
            "chisq": 3.897377042764406e-08,
            "covariance": {
              "matrix": [
                [
                  0.02948663440229496,
                  0.00608131598362707,
                  -0.020247272784266808
                ],
                [
                  0.00608131598362707,
                  0.16495228618169483,
                  -0.019452925170473805
                ],
                [
                  -0.020247272784266808,
                  -0.019452925170473805,
                  0.01793650517895367
                ]
              ],
              "params": [
                "log_kappa",
                "log_kdeg",
                "log_fmod_0"
              ]
            },
            "ndata": 7,
            "nfree": 4,
            "r2": 0.895269927463616,
            "reduced_chisq": 9.743442606911015e-09,
            "status": "completed",
            "success": true,
            "time_max": 135.0,
            "time_min": 0.0
          },
          "nt_id": 480,
          "params": {
            "fmod0": 0.0007305589935003202,
            "kdeg": 0.08846431952702044,
            "kobs": 0.0006329034650977888,
            "log_fmod0": -7.221700572333604,
            "log_fmod0_err": 0.13392723837574516,
            "log_kdeg": -2.4251559774490103,
            "log_kdeg_err": 0.4061431843349028,
            "log_kobs": -7.365192651244946,
            "log_kobs_err": 0.17171672720586936,
            "metadata": {
              "base": "U",
              "fmod_run_ids": [
                919,
                920,
                921,
                922,
                923,
                924,
                925
              ],
              "site": 11,
              "valtype": "modrate"
            }
          },
          "valtype": "modrate"
        },
        {
          "diagnostics": {
            "chisq": 3.959139414265269e-08,
            "covariance": {
              "matrix": [
                [
                  0.020321851259548825,
                  0.0017699168732347535,
                  -0.013570463551439373
                ],
                [
                  0.0017699168732347535,
                  0.12751439414538876,
                  -0.010670697626019146
                ],
                [
                  -0.013570463551439373,
                  -0.010670697626019146,
                  0.011410255609019777
                ]
              ],
              "params": [
                "log_kappa",
                "log_kdeg",
                "log_fmod_0"
              ]
            },
            "ndata": 7,
            "nfree": 4,
            "r2": 0.9249575807156009,
            "reduced_chisq": 9.897848535663173e-09,
            "status": "completed",
            "success": true,
            "time_max": 135.0,
            "time_min": 0.0
          },
          "nt_id": 481,
          "params": {
            "fmod0": 0.000928143461957532,
            "kdeg": 0.11466470643866239,
            "kobs": 0.0007711808646678875,
            "log_fmod0": -6.982324244499631,
            "log_fmod0_err": 0.10681879801336362,
            "log_kdeg": -2.165743005434635,
            "log_kdeg_err": 0.35709157669341457,
            "log_kobs": -7.167587627387743,
            "log_kobs_err": 0.14255473075120595,
            "metadata": {
              "base": "U",
              "fmod_run_ids": [
                919,
                920,
                921,
                922,
                923,
                924,
                925
              ],
              "site": 12,
              "valtype": "modrate"
            }
          },
          "valtype": "modrate"
        },
        {
          "diagnostics": {
            "chisq": 8.701697844168313e-09,
            "covariance": {
              "matrix": [
                [
                  0.002592870745747786,
                  0.00022247651827770988,
                  -0.0060176814407765095
                ],
                [
                  0.00022247651827770988,
                  0.016292637791764923,
                  -0.004722692189734485
                ],
                [
                  -0.0060176814407765095,
                  -0.004722692189734485,
                  0.017582327312485047
                ]
              ],
              "params": [
                "log_kappa",
                "log_kdeg",
                "log_fmod_0"
              ]
            },
            "ndata": 7,
            "nfree": 4,
            "r2": 0.9897566036987459,
            "reduced_chisq": 2.1754244610420783e-09,
            "status": "completed",
            "success": true,
            "time_max": 135.0,
            "time_min": 0.0
          },
          "nt_id": 482,
          "params": {
            "fmod0": 0.0003505407445165677,
            "kdeg": 0.1149120264691139,
            "kobs": 0.0010124206605980667,
            "log_fmod0": -7.956033611408201,
            "log_fmod0_err": 0.1325983684382468,
            "log_kdeg": -2.1635884305960214,
            "log_kdeg_err": 0.12764261745892289,
            "log_kobs": -6.8954111219570215,
            "log_kobs_err": 0.050920239058234854,
            "metadata": {
              "base": "U",
              "fmod_run_ids": [
                919,
                920,
                921,
                922,
                923,
                924,
                925
              ],
              "site": 13,
              "valtype": "modrate"
            }
          },
          "valtype": "modrate"
        },
        {
          "diagnostics": {
            "chisq": 8.06954185266274e-08,
            "covariance": {
              "matrix": [
                [
                  50.61287334326138,
                  -56.50191554693878,
                  1.643159324870781
                ],
                [
                  -56.50191554693878,
                  63.14145222840241,
                  -1.8967017090280522
                ],
                [
                  1.643159324870781,
                  -1.8967017090280522,
                  0.1517765665045707
                ]
              ],
              "params": [
                "log_kappa",
                "log_kdeg",
                "log_fmod_0"
              ]
            },
            "ndata": 7,
            "nfree": 4,
            "r2": 0.8270108853397744,
            "reduced_chisq": 2.017385463165685e-08,
            "status": "completed",
            "success": true,
            "time_max": 135.0,
            "time_min": 0.0
          },
          "nt_id": 483,
          "params": {
            "fmod0": 0.0002722805459242541,
            "kdeg": 0.0016423117063719909,
            "kobs": 0.0033270401755539827,
            "log_fmod0": -8.208677604376051,
            "log_fmod0_err": 0.3895851209999821,
            "log_kdeg": -6.411650452611096,
            "log_kdeg_err": 7.946159589915269,
            "log_kobs": -5.705672206408853,
            "log_kobs_err": 7.114272509769455,
            "metadata": {
              "base": "G",
              "fmod_run_ids": [
                919,
                920,
                921,
                922,
                923,
                924,
                925
              ],
              "site": 14,
              "valtype": "modrate"
            }
          },
          "valtype": "modrate"
        },
        {
          "diagnostics": {
            "chisq": 2.86568825599001e-06,
            "covariance": {
              "matrix": [
                [
                  0.0014313493762155105,
                  0.0003751013246003809,
                  -0.05246034857120388
                ],
                [
                  0.0003751013246003809,
                  0.008224168601687312,
                  -0.06811787736690172
                ],
                [
                  -0.05246034857120388,
                  -0.06811787736690172,
                  2.6934594863931
                ]
              ],
              "params": [
                "log_kappa",
                "log_kdeg",
                "log_fmod_0"
              ]
            },
            "ndata": 7,
            "nfree": 4,
            "r2": 0.9945208032492117,
            "reduced_chisq": 7.164220639975026e-07,
            "status": "completed",
            "success": true,
            "time_max": 135.0,
            "time_min": 0.0
          },
          "nt_id": 484,
          "params": {
            "fmod0": 0.0005014163858719209,
            "kdeg": 0.058348530771308034,
            "kobs": 0.02485323898146003,
            "log_fmod0": -7.598073692534896,
            "log_fmod0_err": 1.6411762508618932,
            "log_kdeg": -2.841321100149993,
            "log_kdeg_err": 0.09068720197297583,
            "log_kobs": -3.6947671936269506,
            "log_kobs_err": 0.03783317824628946,
            "metadata": {
              "base": "A",
              "fmod_run_ids": [
                919,
                920,
                921,
                922,
                923,
                924,
                925
              ],
              "site": 15,
              "valtype": "modrate"
            }
          },
          "valtype": "modrate"
        },
        {
          "diagnostics": {
            "chisq": 2.8930076423414615e-06,
            "covariance": {
              "matrix": [
                [
                  0.002282477465437929,
                  0.0006103486109244892,
                  -0.062272085414269776
                ],
                [
                  0.0006103486109244892,
                  0.013062835151359009,
                  -0.07963479951249541
                ],
                [
                  -0.062272085414269776,
                  -0.07963479951249541,
                  2.36220969188259
                ]
              ],
              "params": [
                "log_kappa",
                "log_kdeg",
                "log_fmod_0"
              ]
            },
            "ndata": 7,
            "nfree": 4,
            "r2": 0.9912478476286313,
            "reduced_chisq": 7.232519105853654e-07,
            "status": "completed",
            "success": true,
            "time_max": 135.0,
            "time_min": 0.0
          },
          "nt_id": 485,
          "params": {
            "fmod0": 0.0005388736157565579,
            "kdeg": 0.059859482201707934,
            "kobs": 0.019695337688855813,
            "log_fmod0": -7.526029493665651,
            "log_fmod0_err": 1.5369481747549558,
            "log_kdeg": -2.815755426750227,
            "log_kdeg_err": 0.11429276071282471,
            "log_kobs": -3.9273733367882167,
            "log_kobs_err": 0.04777528090380975,
            "metadata": {
              "base": "A",
              "fmod_run_ids": [
                919,
                920,
                921,
                922,
                923,
                924,
                925
              ],
              "site": 16,
              "valtype": "modrate"
            }
          },
          "valtype": "modrate"
        },
        {
          "diagnostics": {
            "chisq": 6.539785149739406e-08,
            "covariance": {
              "matrix": [
                [
                  0.031576580589006586,
                  -0.00476098336313203,
                  -0.041645884405535905
                ],
                [
                  -0.00476098336313203,
                  0.30223632542616646,
                  -0.024248325816325442
                ],
                [
                  -0.041645884405535905,
                  -0.024248325816325442,
                  0.06769773911116896
                ]
              ],
              "params": [
                "log_kappa",
                "log_kdeg",
                "log_fmod_0"
              ]
            },
            "ndata": 7,
            "nfree": 4,
            "r2": 0.8881662521462969,
            "reduced_chisq": 1.6349462874348514e-08,
            "status": "completed",
            "success": true,
            "time_max": 135.0,
            "time_min": 0.0
          },
          "nt_id": 486,
          "params": {
            "fmod0": 0.0004911712897153988,
            "kdeg": 0.16657152654371857,
            "kobs": 0.0007949528936338748,
            "log_fmod0": -7.618717632116035,
            "log_fmod0_err": 0.2601878919380549,
            "log_kdeg": -1.7923304729573486,
            "log_kdeg_err": 0.5497602435845707,
            "log_kobs": -7.137227698356211,
            "log_kobs_err": 0.1776980038970798,
            "metadata": {
              "base": "U",
              "fmod_run_ids": [
                919,
                920,
                921,
                922,
                923,
                924,
                925
              ],
              "site": 17,
              "valtype": "modrate"
            }
          },
          "valtype": "modrate"
        },
        {
          "diagnostics": {
            "chisq": 1.8854643218054784e-06,
            "covariance": {
              "matrix": [
                [
                  0.0013157495278679425,
                  0.0003402104772225554,
                  -0.031750088964042265
                ],
                [
                  0.0003402104772225554,
                  0.007690460835483352,
                  -0.042544372254842665
                ],
                [
                  -0.031750088964042265,
                  -0.042544372254842665,
                  1.0862668762950562
                ]
              ],
              "params": [
                "log_kappa",
                "log_kdeg",
                "log_fmod_0"
              ]
            },
            "ndata": 7,
            "nfree": 4,
            "r2": 0.9949374218934773,
            "reduced_chisq": 4.713660804513696e-07,
            "status": "completed",
            "success": true,
            "time_max": 135.0,
            "time_min": 0.0
          },
          "nt_id": 487,
          "params": {
            "fmod0": 0.0006387094458927515,
            "kdeg": 0.0562993991393795,
            "kobs": 0.020898631798033553,
            "log_fmod0": -7.356060908258006,
            "log_fmod0_err": 1.042241275470827,
            "log_kdeg": -2.8770714163733815,
            "log_kdeg_err": 0.08769527259484032,
            "log_kobs": -3.8680715863631674,
            "log_kobs_err": 0.036273261886242636,
            "metadata": {
              "base": "A",
              "fmod_run_ids": [
                919,
                920,
                921,
                922,
                923,
                924,
                925
              ],
              "site": 18,
              "valtype": "modrate"
            }
          },
          "valtype": "modrate"
        },
        {
          "diagnostics": {
            "chisq": 8.37550247743535e-09,
            "covariance": {
              "matrix": [
                [
                  0.016791288045847813,
                  -0.012018490149687033,
                  -0.005076574803049274
                ],
                [
                  -0.012018490149687033,
                  0.14356363933784033,
                  -0.014397673338602321
                ],
                [
                  -0.005076574803049274,
                  -0.014397673338602321,
                  0.0048135634936928556
                ]
              ],
              "params": [
                "log_kappa",
                "log_kdeg",
                "log_fmod_0"
              ]
            },
            "ndata": 7,
            "nfree": 4,
            "r2": 0.9406274255550079,
            "reduced_chisq": 2.0938756193588376e-09,
            "status": "completed",
            "success": true,
            "time_max": 135.0,
            "time_min": 0.0
          },
          "nt_id": 488,
          "params": {
            "fmod0": 0.0005864445071798572,
            "kdeg": 0.027726721184856175,
            "kobs": 0.0003922554760569799,
            "log_fmod0": -7.441432511261346,
            "log_fmod0_err": 0.06937984933460764,
            "log_kdeg": -3.58535866706465,
            "log_kdeg_err": 0.3788979273337878,
            "log_kobs": -7.843597205818932,
            "log_kobs_err": 0.1295812025173706,
            "metadata": {
              "base": "G",
              "fmod_run_ids": [
                919,
                920,
                921,
                922,
                923,
                924,
                925
              ],
              "site": 19,
              "valtype": "modrate"
            }
          },
          "valtype": "modrate"
        },
        {
          "diagnostics": {
            "chisq": 2.605648551128288e-08,
            "covariance": {
              "matrix": [
                [
                  0.01634612867227561,
                  0.002672497598533566,
                  -0.01088814988344089
                ],
                [
                  0.002672497598533566,
                  0.09421247409226466,
                  -0.00965715802960557
                ],
                [
                  -0.01088814988344089,
                  -0.00965715802960557,
                  0.009252545920291667
                ]
              ],
              "params": [
                "log_kappa",
                "log_kdeg",
                "log_fmod_0"
              ]
            },
            "ndata": 7,
            "nfree": 4,
            "r2": 0.9389325929463423,
            "reduced_chisq": 6.51412137782072e-09,
            "status": "completed",
            "success": true,
            "time_max": 135.0,
            "time_min": 0.0
          },
          "nt_id": 489,
          "params": {
            "fmod0": 0.0008338509799415218,
            "kdeg": 0.09809991032124596,
            "kobs": 0.0006964094698092415,
            "log_fmod0": -7.089455852696175,
            "log_fmod0_err": 0.09619015500710905,
            "log_kdeg": -2.3217688265677516,
            "log_kdeg_err": 0.30694050578616155,
            "log_kobs": -7.269572751930011,
            "log_kobs_err": 0.127851979539918,
            "metadata": {
              "base": "U",
              "fmod_run_ids": [
                919,
                920,
                921,
                922,
                923,
                924,
                925
              ],
              "site": 20,
              "valtype": "modrate"
            }
          },
          "valtype": "modrate"
        },
        {
          "diagnostics": {
            "chisq": 9.724103913778342e-08,
            "covariance": {
              "matrix": [
                [
                  0.6574447700213872,
                  -1.1470591703703428,
                  0.048593455082608546
                ],
                [
                  -1.1470591703703428,
                  2.1489445193339822,
                  -0.12920201209016802
                ],
                [
                  0.048593455082608546,
                  -0.12920201209016802,
                  0.022013518733463248
                ]
              ],
              "params": [
                "log_kappa",
                "log_kdeg",
                "log_fmod_0"
              ]
            },
            "ndata": 7,
            "nfree": 4,
            "r2": 0.8470619313101593,
            "reduced_chisq": 2.4310259784445855e-08,
            "status": "completed",
            "success": true,
            "time_max": 135.0,
            "time_min": 0.0
          },
          "nt_id": 490,
          "params": {
            "fmod0": 0.0008286263072399462,
            "kdeg": 0.008667731885961535,
            "kobs": 0.001126087784217239,
            "log_fmod0": -7.09574127980258,
            "log_fmod0_err": 0.14836953438446604,
            "log_kdeg": -4.748148127262931,
            "log_kdeg_err": 1.4659278697582574,
            "log_kobs": -6.789005791186895,
            "log_kobs_err": 0.8108296800323649,
            "metadata": {
              "base": "G",
              "fmod_run_ids": [
                919,
                920,
                921,
                922,
                923,
                924,
                925
              ],
              "site": 21,
              "valtype": "modrate"
            }
          },
          "valtype": "modrate"
        },
        {
          "diagnostics": {
            "chisq": 2.259730251776465e-06,
            "covariance": {
              "matrix": [
                [
                  0.0011488516072941325,
                  0.0003007936637746447,
                  -0.021927515895919222
                ],
                [
                  0.0003007936637746447,
                  0.006609377476821424,
                  -0.02854314830015026
                ],
                [
                  -0.021927515895919222,
                  -0.02854314830015026,
                  0.5868358865457646
                ]
              ],
              "params": [
                "log_kappa",
                "log_kdeg",
                "log_fmod_0"
              ]
            },
            "ndata": 7,
            "nfree": 4,
            "r2": 0.9955961755540971,
            "reduced_chisq": 5.649325629441162e-07,
            "status": "completed",
            "success": true,
            "time_max": 135.0,
            "time_min": 0.0
          },
          "nt_id": 491,
          "params": {
            "fmod0": 0.0009538203176420769,
            "kdeg": 0.058177025603104164,
            "kobs": 0.024624366178429547,
            "log_fmod0": -6.955035250542508,
            "log_fmod0_err": 0.7660521434900921,
            "log_kdeg": -2.8442647512662336,
            "log_kdeg_err": 0.08129807794051114,
            "log_kobs": -3.7040188312022604,
            "log_kobs_err": 0.033894713559700314,
            "metadata": {
              "base": "A",
              "fmod_run_ids": [
                919,
                920,
                921,
                922,
                923,
                924,
                925
              ],
              "site": 22,
              "valtype": "modrate"
            }
          },
          "valtype": "modrate"
        },
        {
          "diagnostics": {
            "chisq": 2.9860249061431025e-08,
            "covariance": {
              "matrix": [
                [
                  0.009813382847600766,
                  -0.0023904173497239023,
                  -0.007758019872784623
                ],
                [
                  -0.0023904173497239023,
                  0.1146464427396041,
                  -0.004089859611704173
                ],
                [
                  -0.007758019872784623,
                  -0.004089859611704173,
                  0.007521627436456442
                ]
              ],
              "params": [
                "log_kappa",
                "log_kdeg",
                "log_fmod_0"
              ]
            },
            "ndata": 7,
            "nfree": 4,
            "r2": 0.9624457823041344,
            "reduced_chisq": 7.465062265357756e-09,
            "status": "completed",
            "success": true,
            "time_max": 135.0,
            "time_min": 0.0
          },
          "nt_id": 492,
          "params": {
            "fmod0": 0.0009959697978567197,
            "kdeg": 0.1866541885362158,
            "kobs": 0.0009630044941466423,
            "log_fmod0": -6.911793624276469,
            "log_fmod0_err": 0.08672731655283958,
            "log_kdeg": -1.678497633282836,
            "log_kdeg_err": 0.3385948061320553,
            "log_kobs": -6.945452479358095,
            "log_kobs_err": 0.09906251989325109,
            "metadata": {
              "base": "U",
              "fmod_run_ids": [
                919,
                920,
                921,
                922,
                923,
                924,
                925
              ],
              "site": 23,
              "valtype": "modrate"
            }
          },
          "valtype": "modrate"
        },
        {
          "diagnostics": {
            "chisq": 6.415494777856532e-08,
            "covariance": {
              "matrix": [
                [
                  0.020421608882146395,
                  0.005258778664239883,
                  -0.016466563234190903
                ],
                [
                  0.005258778664239883,
                  0.11320991041771805,
                  -0.01798426642233135
                ],
                [
                  -0.016466563234190903,
                  -0.01798426642233135,
                  0.01754707018937693
                ]
              ],
              "params": [
                "log_kappa",
                "log_kdeg",
                "log_fmod_0"
              ]
            },
            "ndata": 7,
            "nfree": 4,
            "r2": 0.9253836725631881,
            "reduced_chisq": 1.603873694464133e-08,
            "status": "completed",
            "success": true,
            "time_max": 135.0,
            "time_min": 0.0
          },
          "nt_id": 493,
          "params": {
            "fmod0": 0.0009421913089903284,
            "kdeg": 0.074962315037864,
            "kobs": 0.0009714321106804388,
            "log_fmod0": -6.967302215907371,
            "log_fmod0_err": 0.1324653546757677,
            "log_kdeg": -2.590769757886064,
            "log_kdeg_err": 0.33646680433248993,
            "log_kobs": -6.936739172514516,
            "log_kobs_err": 0.14290419476749588,
            "metadata": {
              "base": "U",
              "fmod_run_ids": [
                919,
                920,
                921,
                922,
                923,
                924,
                925
              ],
              "site": 24,
              "valtype": "modrate"
            }
          },
          "valtype": "modrate"
        },
        {
          "diagnostics": {
            "chisq": 2.3574827267809264e-06,
            "covariance": {
              "matrix": [
                [
                  0.000693721627761011,
                  0.00017214714597199474,
                  -0.01755087888158931
                ],
                [
                  0.00017214714597199474,
                  0.0040417835966418195,
                  -0.0236495011686429
                ],
                [
                  -0.01755087888158931,
                  -0.0236495011686429,
                  0.6336150003115727
                ]
              ],
              "params": [
                "log_kappa",
                "log_kdeg",
                "log_fmod_0"
              ]
            },
            "ndata": 7,
            "nfree": 4,
            "r2": 0.997355137082007,
