{
  "artifacts": {},
  "engine": "python_baseline",
  "engine_version": "0.1.0",
  "metadata": {
    "buffer_pH": 6.5,
    "done_by": [
      "EKC"
    ],
    "experiment_id": "ekc.01.0xx",
    "fmod_run_id": 614,
    "initial_kdeg": 0.0013210331584556716,
    "initial_kdeg_source": "arrhenius:nmr:deg:dms:Schwalbe_bistris",
    "initial_log_kdeg": -6.629341152730728,
    "notes": "Baseline python engine demo using examples/nerd.sqlite",
    "rg_id": 64,
    "rg_label": "42_1_A8C",
    "rounds_requested": [
      "round1_free",
      "round2_global",
      "round3_constrained"
    ],
    "temperature_c": 42.0,
    "valtypes": [
      "modrate",
      "GAmodrate"
    ]
  },
  "rounds": [
    {
      "global_params": {},
      "notes": null,
      "per_nt": [
        {
          "diagnostics": {
            "reason": "Non-zero fmod values are required for a fit.",
            "status": "failed"
          },
          "nt_id": 470,
          "params": {},
          "valtype": "modrate"
        },
        {
          "diagnostics": {
            "reason": "Non-zero fmod values are required for a fit.",
            "status": "failed"
          },
          "nt_id": 471,
          "params": {},
          "valtype": "modrate"
        },
        {
          "diagnostics": {
            "reason": "Non-zero fmod values are required for a fit.",
            "status": "failed"
          },
          "nt_id": 472,
          "params": {},
          "valtype": "modrate"
        },
        {
          "diagnostics": {
            "reason": "Non-zero fmod values are required for a fit.",
            "status": "failed"
          },
          "nt_id": 473,
          "params": {},
          "valtype": "modrate"
        },
        {
          "diagnostics": {
            "chisq": 7.345844857154265e-06,
            "covariance": {
              "matrix": [
                [
                  2.3054779447838653e+18,
                  -2.384779235722474e+18,
                  318600958.7042152
                ],
                [
                  -2.384779235722474e+18,
                  2.6687691540762153e+18,
                  -432401213.17307204
                ],
                [
                  318600958.7042152,
                  -432401213.17307204,
                  0.13643032738449903
                ]
              ],
              "params": [
                "log_kappa",
                "log_kdeg",
                "log_fmod_0"
              ]
            },
            "ndata": 7,
            "nfree": 4,
            "r2": -1.552979966845669e-12,
            "reduced_chisq": 1.8364612142885662e-06,
            "status": "completed",
            "success": true,
            "time_max": 4080.0,
            "time_min": 0.0
          },
          "nt_id": 474,
          "params": {
            "fmod0": 0.002559857149739525,
            "kdeg": 6.436229622611936e-15,
            "kobs": 0.00024191831787549,
            "log_fmod0": -5.967803822930591,
            "log_fmod0_err": 0.3693647619691124,
            "log_kdeg": -32.67683348857175,
            "log_kdeg_err": 1633636787.6845255,
            "log_kobs": -8.326910418223594,
            "log_kobs_err": 1518380039.6422055,
            "metadata": {
              "base": "U",
              "fmod_run_ids": [
                608,
                609,
                610,
                611,
                612,
                613,
                614
              ],
              "site": 5,
              "valtype": "modrate"
            }
          },
          "valtype": "modrate"
        },
        {
          "diagnostics": {
            "chisq": 4.227208423889188e-08,
            "covariance": {
              "matrix": [
                [
                  0.0699560560942049,
                  -0.12721864962948576,
                  -0.005018166638500117
                ],
                [
                  -0.12721864962948576,
                  0.5272244097860037,
                  -0.04472194385289145
                ],
                [
                  -0.005018166638500117,
                  -0.04472194385289145,
                  0.012866347380780374
                ]
              ],
              "params": [
                "log_kappa",
                "log_kdeg",
                "log_fmod_0"
              ]
            },
            "ndata": 7,
            "nfree": 4,
            "r2": 0.864336635384233,
            "reduced_chisq": 1.056802105972297e-08,
            "status": "completed",
            "success": true,
            "time_max": 4080.0,
            "time_min": 0.0
          },
          "nt_id": 475,
          "params": {
            "fmod0": 0.0007468852855278262,
            "kdeg": 0.0006348103104252445,
            "kobs": 0.0005948461375537288,
            "log_fmod0": -7.199598951521214,
            "log_fmod0_err": 0.11342992277516711,
            "log_kdeg": -7.362184327438179,
            "log_kdeg_err": 0.7261022034025263,
            "log_kobs": -7.427207778206085,
            "log_kobs_err": 0.2644920718929112,
            "metadata": {
              "base": "G",
              "fmod_run_ids": [
                608,
                609,
                610,
                611,
                612,
                613,
                614
              ],
              "site": 6,
              "valtype": "modrate"
            }
          },
          "valtype": "modrate"
        },
        {
          "diagnostics": {
            "chisq": 2.2288838843642307e-07,
            "covariance": {
              "matrix": [
                [
                  0.0017034073163579144,
                  -8.538694384491157e-05,
                  -0.005730270398871291
                ],
                [
                  -8.538694384491157e-05,
                  0.012393659695201804,
                  -0.010034152984932319
                ],
                [
                  -0.005730270398871291,
                  -0.010034152984932319,
                  0.0336350616241556
                ]
              ],
              "params": [
                "log_kappa",
                "log_kdeg",
                "log_fmod_0"
              ]
            },
            "ndata": 7,
            "nfree": 4,
            "r2": 0.9932769284116304,
            "reduced_chisq": 5.572209710910577e-08,
            "status": "completed",
            "success": true,
            "time_max": 4080.0,
            "time_min": 0.0
          },
          "nt_id": 476,
          "params": {
            "fmod0": 0.001175554716587669,
            "kdeg": 0.0014240941286583657,
            "kobs": 0.006040168308098968,
            "log_fmod0": -6.746015143566244,
            "log_fmod0_err": 0.183398641282196,
            "log_kdeg": -6.5542193665910355,
            "log_kdeg_err": 0.11132681480758265,
            "log_kobs": -5.109323401844352,
            "log_kobs_err": 0.04127235535268026,
            "metadata": {
              "base": "A",
              "fmod_run_ids": [
                608,
                609,
                610,
                611,
                612,
                613,
                614
              ],
              "site": 7,
              "valtype": "modrate"
            }
          },
          "valtype": "modrate"
        },
        {
          "diagnostics": {
            "chisq": 9.509491437033669e-06,
            "covariance": {
              "matrix": [
                [
                  4.23406922346663e+17,
                  -4.219706973823518e+17,
                  -53515055.88968434
                ],
                [
                  -4.219706973823518e+17,
                  4.2378828818107706e+17,
                  39949116.364663996
                ],
                [
                  -53515055.88968434,
                  39949116.364663996,
                  0.10316919025486718
                ]
              ],
              "params": [
                "log_kappa",
                "log_kdeg",
                "log_fmod_0"
              ]
            },
            "ndata": 7,
            "nfree": 4,
            "r2": -8.898726200357032e-10,
            "reduced_chisq": 2.3773728592584173e-06,
            "status": "completed",
            "success": true,
            "time_max": 4080.0,
            "time_min": 0.0
          },
          "nt_id": 477,
          "params": {
            "fmod0": 0.002868714290959325,
            "kdeg": 2.913848250578533e-12,
            "kobs": 0.0005958858296501492,
            "log_fmod0": -5.853891331828769,
            "log_fmod0_err": 0.32119961123087803,
            "log_kdeg": -26.56154648549694,
            "log_kdeg_err": 650990236.6250027,
            "log_kobs": -7.425461470238757,
            "log_kobs_err": 650697258.5977775,
            "metadata": {
              "base": "C",
              "fmod_run_ids": [
                608,
                609,
                610,
                611,
                612,
                613,
                614
              ],
              "site": 8,
              "valtype": "modrate"
            }
          },
          "valtype": "modrate"
        },
        {
          "diagnostics": {
            "chisq": 3.480233686631301e-05,
            "covariance": {
              "matrix": [
                [
                  6.965046530447857e+18,
                  -6.637341562519833e+18,
                  -517019210.928763
                ],
                [
                  -6.637341562519833e+18,
                  6.344849196160326e+18,
                  448492478.9866786
                ],
                [
                  -517019210.928763,
                  448492478.9866786,
                  0.21162943952185026
                ]
              ],
              "params": [
                "log_kappa",
                "log_kdeg",
                "log_fmod_0"
              ]
            },
            "ndata": 7,
            "nfree": 4,
            "r2": -2.6349233905875735e-10,
            "reduced_chisq": 8.700584216578253e-06,
            "status": "completed",
            "success": true,
            "time_max": 4080.0,
            "time_min": 0.0
          },
          "nt_id": 478,
          "params": {
            "fmod0": 0.004083142869785607,
            "kdeg": 6.057178586012784e-13,
            "kobs": 0.0008570435220224031,
            "log_fmod0": -5.500888275881519,
            "log_fmod0_err": 0.4600319983673421,
            "log_kdeg": -28.132362097123206,
            "log_kdeg_err": 2518898409.2575717,
            "log_kobs": -7.062021856499136,
            "log_kobs_err": 2639137459.5590615,
            "metadata": {
              "base": "C",
              "fmod_run_ids": [
                608,
                609,
                610,
                611,
                612,
                613,
                614
              ],
              "site": 9,
              "valtype": "modrate"
            }
          },
          "valtype": "modrate"
        },
        {
          "diagnostics": {
            "chisq": 8.004204196806834e-08,
            "covariance": {
              "matrix": [
                [
                  0.09902504542349877,
                  0.02232144813918918,
                  -0.012172345470958757
                ],
                [
                  0.02232144813918918,
                  0.7062136282319141,
                  -0.011072468247762854
                ],
                [
                  -0.012172345470958757,
                  -0.011072468247762854,
                  0.0018632535804743798
                ]
              ],
              "params": [
                "log_kappa",
                "log_kdeg",
                "log_fmod_0"
              ]
            },
            "ndata": 7,
            "nfree": 4,
            "r2": 0.7178248603833359,
            "reduced_chisq": 2.0010510492017086e-08,
            "status": "completed",
            "success": true,
            "time_max": 4080.0,
            "time_min": 0.0
          },
          "nt_id": 479,
          "params": {
            "fmod0": 0.003265407822432772,
            "kdeg": 0.004369065134263159,
            "kobs": 0.0004919596706305914,
            "log_fmod0": -5.724370616723915,
            "log_fmod0_err": 0.04316542112008615,
            "log_kdeg": -5.433206220846749,
            "log_kdeg_err": 0.8403651755230663,
            "log_kobs": -7.617113815094737,
            "log_kobs_err": 0.3146824517247487,
            "metadata": {
              "base": "U",
              "fmod_run_ids": [
                608,
                609,
                610,
                611,
                612,
                613,
                614
              ],
              "site": 10,
              "valtype": "modrate"
            }
          },
          "valtype": "modrate"
        },
        {
          "diagnostics": {
            "chisq": 5.987968571428709e-07,
            "ndata": 7,
            "nfree": 4,
            "r2": -2.3314683517128287e-14,
            "reduced_chisq": 1.4969921428571772e-07,
            "status": "completed",
            "success": true,
            "time_max": 4080.0,
            "time_min": 0.0
          },
          "nt_id": 480,
          "params": {
            "fmod0": 0.0016421428571847785,
            "kdeg": 1.0579378527993747e-15,
            "kobs": 5.304363472671603e-05,
            "log_fmod0": -6.411753269796777,
            "log_kdeg": -34.482454803465096,
            "log_kobs": -9.844395686404514,
            "metadata": {
              "base": "U",
              "fmod_run_ids": [
                608,
                609,
                610,
                611,
                612,
                613,
                614
              ],
              "site": 11,
              "valtype": "modrate"
            }
          },
          "valtype": "modrate"
        },
        {
          "diagnostics": {
            "chisq": 6.229993898228447e-07,
            "covariance": {
              "matrix": [
                [
                  4.38202161126034,
                  -2.9291844297493923,
                  -0.2654493406020684
                ],
                [
                  -2.9291844297493923,
                  35.87127689240644,
                  -0.657818527671277
                ],
                [
                  -0.2654493406020684,
                  -0.657818527671277,
                  0.04508901365667918
                ]
              ],
              "params": [
                "log_kappa",
                "log_kdeg",
                "log_fmod_0"
              ]
            },
            "ndata": 7,
            "nfree": 4,
            "r2": 0.05689603468621007,
            "reduced_chisq": 1.5574984745571117e-07,
            "status": "completed",
            "success": true,
            "time_max": 4080.0,
            "time_min": 0.0
          },
          "nt_id": 481,
          "params": {
            "fmod0": 0.0016239041852671144,
            "kdeg": 0.0010187741125559783,
            "kobs": 0.00020625212504154204,
            "log_fmod0": -6.42292203820293,
            "log_fmod0_err": 0.2123417379053849,
            "log_kdeg": -6.889155224922698,
            "log_kdeg_err": 5.989263468274412,
            "log_kobs": -8.486411229570843,
            "log_kobs_err": 2.0933278795402166,
            "metadata": {
              "base": "U",
              "fmod_run_ids": [
                608,
                609,
                610,
                611,
                612,
                613,
                614
              ],
              "site": 12,
              "valtype": "modrate"
            }
          },
          "valtype": "modrate"
        },
        {
          "diagnostics": {
            "chisq": 1.0278693714285715e-05,
            "ndata": 7,
            "nfree": 4,
            "r2": -2.220446049250313e-16,
            "reduced_chisq": 2.5696734285714287e-06,
            "status": "completed",
            "success": true,
            "time_max": 4080.0,
            "time_min": 0.0
          },
          "nt_id": 482,
          "params": {
            "fmod0": 0.0026134285717866446,
            "kdeg": 4.9075525988359254e-17,
            "kobs": 0.00026874395943676316,
            "log_fmod0": -5.947092290666265,
            "log_kdeg": -37.553171215736604,
            "log_kobs": -8.221751455289372,
            "metadata": {
              "base": "U",
              "fmod_run_ids": [
                608,
                609,
                610,
                611,
                612,
                613,
                614
              ],
              "site": 13,
              "valtype": "modrate"
            }
          },
          "valtype": "modrate"
        },
        {
          "diagnostics": {
            "chisq": 1.0878396996399502e-08,
            "covariance": {
              "matrix": [
                [
                  0.16946112784173853,
                  -0.23208860340194018,
                  -0.02144546453531898
                ],
                [
                  -0.23208860340194018,
                  1.409825213591862,
                  -0.08687674815871342
                ],
                [
                  -0.02144546453531898,
                  -0.08687674815871342,
                  0.018867521455110715
                ]
              ],
              "params": [
                "log_kappa",
                "log_kdeg",
                "log_fmod_0"
              ]
            },
            "ndata": 7,
            "nfree": 4,
            "r2": 0.6557469304936865,
            "reduced_chisq": 2.7195992490998755e-09,
            "status": "completed",
            "success": true,
            "time_max": 4080.0,
            "time_min": 0.0
          },
          "nt_id": 483,
          "params": {
            "fmod0": 0.0003206566603119044,
            "kdeg": 0.0007823042731538165,
            "kobs": 0.00015813785177056075,
            "log_fmod0": -8.04513960130209,
            "log_fmod0_err": 0.1373590967322904,
            "log_kdeg": -7.153266796992598,
            "log_kdeg_err": 1.1873606080681058,
            "log_kobs": -8.75204342576585,
            "log_kobs_err": 0.41165656540584716,
            "metadata": {
              "base": "G",
              "fmod_run_ids": [
                608,
                609,
                610,
                611,
                612,
                613,
                614
              ],
              "site": 14,
              "valtype": "modrate"
            }
          },
          "valtype": "modrate"
        },
        {
          "diagnostics": {
            "chisq": 1.6464102211632097e-07,
            "covariance": {
              "matrix": [
                [
                  0.0020444293613683336,
                  -0.00021098968757510468,
                  -0.012111919399755396
                ],
                [
                  -0.00021098968757510468,
                  0.015096094746654234,
                  -0.021917424588578354
                ],
                [
                  -0.012111919399755396,
                  -0.021917424588578354,
                  0.12982819718925673
                ]
              ],
              "params": [
                "log_kappa",
                "log_kdeg",
                "log_fmod_0"
              ]
            },
            "ndata": 7,
            "nfree": 4,
            "r2": 0.99193953500639,
            "reduced_chisq": 4.116025552908024e-08,
            "status": "completed",
            "success": true,
            "time_max": 4080.0,
            "time_min": 0.0
          },
          "nt_id": 484,
          "params": {
            "fmod0": 0.0005115602683207881,
            "kdeg": 0.0013676618522559254,
            "kobs": 0.004736579166686893,
            "log_fmod0": -7.578045152884498,
            "log_fmod0_err": 0.36031680114762443,
            "log_kdeg": -6.594652674360231,
            "log_kdeg_err": 0.12286616599639721,
            "log_kobs": -5.3524400986139975,
            "log_kobs_err": 0.045215366429658996,
            "metadata": {
              "base": "A",
              "fmod_run_ids": [
                608,
                609,
                610,
                611,
                612,
                613,
                614
              ],
              "site": 15,
              "valtype": "modrate"
            }
          },
          "valtype": "modrate"
        },
        {
          "diagnostics": {
            "chisq": 1.7015069887444647e-07,
            "covariance": {
              "matrix": [
                [
                  0.00261457362392812,
                  -0.0011339161936002131,
                  -0.00431631469568411
                ],
                [
                  -0.0011339161936002131,
                  0.02066207942068944,
                  -0.009382362214845114
                ],
                [
                  -0.00431631469568411,
                  -0.009382362214845114,
                  0.01638707241281381
                ]
              ],
              "params": [
                "log_kappa",
                "log_kdeg",
                "log_fmod_0"
              ]
            },
            "ndata": 7,
            "nfree": 4,
            "r2": 0.9899379281389884,
            "reduced_chisq": 4.253767471861162e-08,
            "status": "completed",
            "success": true,
            "time_max": 4080.0,
            "time_min": 0.0
          },
          "nt_id": 485,
          "params": {
            "fmod0": 0.0014275066712098397,
            "kdeg": 0.0011290088143291084,
            "kobs": 0.004331909522791895,
            "log_fmod0": -6.551825943093127,
            "log_fmod0_err": 0.1280120010499555,
            "log_kdeg": -6.786415186644815,
            "log_kdeg_err": 0.14374310216733685,
            "log_kobs": -5.441746835843615,
            "log_kobs_err": 0.051132901579395235,
            "metadata": {
              "base": "A",
              "fmod_run_ids": [
                608,
                609,
                610,
                611,
                612,
                613,
                614
              ],
              "site": 16,
              "valtype": "modrate"
            }
          },
          "valtype": "modrate"
        },
        {
          "diagnostics": {
            "chisq": 6.402448612577061e-08,
            "covariance": {
              "matrix": [
                [
                  17.030772075895765,
                  -32.68748421891215,
                  -0.0547783261574568
                ],
                [
                  -32.68748421891215,
                  120.51687085243944,
                  -0.8942425976547094
                ],
                [
                  -0.0547783261574568,
                  -0.8942425976547094,
                  0.022214676759781036
                ]
              ],
              "params": [
                "log_kappa",
                "log_kdeg",
                "log_fmod_0"
              ]
            },
            "ndata": 7,
            "nfree": 4,
            "r2": 0.02967999722786374,
            "reduced_chisq": 1.6006121531442652e-08,
            "status": "completed",
            "success": true,
            "time_max": 4080.0,
            "time_min": 0.0
          },
          "nt_id": 486,
          "params": {
            "fmod0": 0.0006936002501064899,
            "kdeg": 0.0005877537665363889,
            "kobs": 5.174668332583554e-05,
            "log_fmod0": -7.273614771906182,
            "log_fmod0_err": 0.14904588810088334,
            "log_kdeg": -7.439202462165839,
            "log_kdeg_err": 10.978017619426534,
            "log_kobs": -9.869150218194687,
            "log_kobs_err": 4.1268356007837,
            "metadata": {
              "base": "U",
              "fmod_run_ids": [
                608,
                609,
                610,
                611,
                612,
                613,
                614
              ],
              "site": 17,
              "valtype": "modrate"
            }
          },
          "valtype": "modrate"
        },
        {
          "diagnostics": {
            "chisq": 2.547263742632036e-05,
            "covariance": {
              "matrix": [
                [
                  0.002885853791478217,
                  -6.063624238712538e-05,
                  -0.034070925423560355
                ],
                [
                  -6.063624238712538e-05,
                  0.01993593816030739,
                  -0.05626160105383767
                ],
                [
                  -0.034070925423560355,
                  -0.05626160105383767,
                  0.6798719791829632
                ]
              ],
              "params": [
                "log_kappa",
                "log_kdeg",
                "log_fmod_0"
              ]
            },
            "ndata": 7,
            "nfree": 4,
            "r2": 0.9891914851327602,
            "reduced_chisq": 6.36815935658009e-06,
            "status": "completed",
            "success": true,
            "time_max": 4080.0,
            "time_min": 0.0
          },
          "nt_id": 487,
          "params": {
            "fmod0": 0.0028151373598246784,
            "kdeg": 0.0014676913114776014,
            "kobs": 0.052064744686157106,
            "log_fmod0": -5.872744222906112,
            "log_fmod0_err": 0.8245434974475047,
            "log_kdeg": -6.524064649186404,
            "log_kdeg_err": 0.1411946817706226,
            "log_kobs": -2.9552672447642054,
            "log_kobs_err": 0.053720143256307654,
            "metadata": {
              "base": "A",
              "fmod_run_ids": [
                608,
                609,
                610,
                611,
                612,
                613,
                614
              ],
              "site": 18,
              "valtype": "modrate"
            }
          },
          "valtype": "modrate"
        },
        {
          "diagnostics": {
            "chisq": 8.083732064597702e-07,
            "covariance": {
              "matrix": [
                [
                  1.0408067629489206,
                  -1.64580274469813,
                  -0.07998706404292381
                ],
                [
                  -1.64580274469813,
                  8.42363404818272,
                  -0.41651286871481613
                ],
                [
                  -0.07998706404292381,
                  -0.41651286871481613,
                  0.07139475987046927
                ]
              ],
              "params": [
                "log_kappa",
                "log_kdeg",
                "log_fmod_0"
              ]
            },
            "ndata": 7,
            "nfree": 4,
            "r2": 0.2580497809112605,
            "reduced_chisq": 2.0209330161494255e-07,
            "status": "completed",
            "success": true,
            "time_max": 4080.0,
            "time_min": 0.0
          },
          "nt_id": 488,
          "params": {
            "fmod0": 0.0014062620601980596,
            "kdeg": 0.0007176376664524638,
            "kobs": 0.0005917180996826129,
            "log_fmod0": -6.566820115907476,
            "log_fmod0_err": 0.2671979787918862,
            "log_kdeg": -7.239545759114961,
            "log_kdeg_err": 2.9023497460131713,
            "log_kobs": -7.432480219459942,
            "log_kobs_err": 1.020199374117099,
            "metadata": {
              "base": "G",
              "fmod_run_ids": [
                608,
                609,
                610,
                611,
                612,
                613,
                614
              ],
              "site": 19,
              "valtype": "modrate"
            }
          },
          "valtype": "modrate"
        },
        {
          "diagnostics": {
            "chisq": 4.347333033693217e-07,
            "covariance": {
              "matrix": [
                [
                  0.7594494264529561,
                  -0.8901987410140546,
                  -0.06811186563085318
                ],
                [
                  -0.8901987410140546,
                  6.373484651226628,
                  -0.23281172124090874
                ],
                [
                  -0.06811186563085318,
                  -0.23281172124090874,
                  0.030430219367761094
                ]
              ],
              "params": [
                "log_kappa",
                "log_kdeg",
                "log_fmod_0"
              ]
            },
            "ndata": 7,
            "nfree": 4,
            "r2": 0.28252055004542054,
            "reduced_chisq": 1.0868332584233043e-07,
            "status": "completed",
            "success": true,
            "time_max": 4080.0,
            "time_min": 0.0
          },
          "nt_id": 489,
          "params": {
            "fmod0": 0.0016109703700395136,
            "kdeg": 0.000842051554852409,
            "kobs": 0.0004495457400559752,
            "log_fmod0": -6.43091856723483,
            "log_fmod0_err": 0.1744425961964597,
            "log_kdeg": -7.079669316555503,
            "log_kdeg_err": 2.5245761329828476,
            "log_kobs": -7.707272951596686,
            "log_kobs_err": 0.8714639559115203,
            "metadata": {
              "base": "U",
              "fmod_run_ids": [
                608,
                609,
                610,
                611,
                612,
                613,
                614
              ],
              "site": 20,
              "valtype": "modrate"
            }
          },
          "valtype": "modrate"
        },
        {
          "diagnostics": {
            "chisq": 1.935113026375352e-08,
            "covariance": {
              "matrix": [
                [
                  0.011081475223049768,
                  -0.020124029821958673,
                  -0.0010721609510738954
                ],
                [
                  -0.020124029821958673,
                  0.08358422810394342,
                  -0.009468867965810583
                ],
                [
                  -0.0010721609510738954,
                  -0.009468867965810583,
                  0.003639483506076444
                ]
              ],
              "params": [
                "log_kappa",
                "log_kdeg",
                "log_fmod_0"
              ]
            },
            "ndata": 7,
            "nfree": 4,
            "r2": 0.9756825520884901,
            "reduced_chisq": 4.83778256593838e-09,
            "status": "completed",
            "success": true,
            "time_max": 4080.0,
            "time_min": 0.0
          },
          "nt_id": 490,
          "params": {
            "fmod0": 0.0009503207358510992,
            "kdeg": 0.0006357758893741935,
            "kobs": 0.0010098175870515685,
            "log_fmod0": -6.958711013664009,
            "log_fmod0_err": 0.06032813196243063,
            "log_kdeg": -7.360664431920689,
            "log_kdeg_err": 0.2891093704879581,
            "log_kobs": -6.897985571319991,
            "log_kobs_err": 0.10526858611689324,
            "metadata": {
              "base": "G",
              "fmod_run_ids": [
                608,
                609,
                610,
                611,
                612,
                613,
                614
              ],
              "site": 21,
              "valtype": "modrate"
            }
          },
          "valtype": "modrate"
        },
        {
          "diagnostics": {
            "chisq": 8.854154218147351e-07,
            "covariance": {
              "matrix": [
                [
                  0.002177311330011661,
                  -0.0008898805650517195,
                  -0.005110546645059076
                ],
                [
                  -0.0008898805650517195,
                  0.017040199883574712,
                  -0.010909603933850225
                ],
                [
                  -0.005110546645059076,
                  -0.010909603933850225,
                  0.027023928411488533
                ]
              ],
              "params": [
                "log_kappa",
                "log_kdeg",
                "log_fmod_0"
              ]
            },
            "ndata": 7,
            "nfree": 4,
            "r2": 0.991642080038379,
            "reduced_chisq": 2.2135385545368378e-07,
            "status": "completed",
            "success": true,
            "time_max": 4080.0,
            "time_min": 0.0
          },
          "nt_id": 491,
          "params": {
            "fmod0": 0.0025410534742226266,
            "kdeg": 0.0011420972593773001,
            "kobs": 0.010882205240477633,
            "log_fmod0": -5.975176530307249,
            "log_fmod0_err": 0.16438956296398058,
            "log_kdeg": -6.774889005545212,
            "log_kdeg_err": 0.13053811659272058,
            "log_kobs": -4.5206263705487855,
            "log_kobs_err": 0.046661668744395125,
            "metadata": {
              "base": "A",
              "fmod_run_ids": [
                608,
                609,
                610,
                611,
                612,
                613,
                614
              ],
              "site": 22,
              "valtype": "modrate"
            }
          },
          "valtype": "modrate"
        },
        {
          "diagnostics": {
            "chisq": 6.440479429378025e-06,
            "covariance": {
              "matrix": [
                [
                  1.1902217441630333e+18,
                  -1.1382554777806099e+18,
                  21769059.744857877
                ],
                [
                  -1.1382554777806099e+18,
                  1.1558725130902602e+18,
                  -65509197.568688944
                ],
                [
                  21769059.744857877,
                  -65509197.568688944,
                  0.051680434332507706
                ]
              ],
              "params": [
                "log_kappa",
                "log_kdeg",
                "log_fmod_0"
              ]
            },
            "ndata": 7,
            "nfree": 4,
            "r2": -1.2523848624823586e-10,
            "reduced_chisq": 1.6101198573445063e-06,
            "status": "completed",
            "success": true,
            "time_max": 4080.0,
            "time_min": 0.0
          },
          "nt_id": 492,
          "params": {
            "fmod0": 0.0032622857175889867,
            "kdeg": 3.336505675762746e-13,
            "kobs": 0.0003188297982941336,
            "log_fmod0": -5.725327188922874,
            "log_fmod0_err": 0.22733331109300217,
            "log_kdeg": -28.72868215444975,
            "log_kdeg_err": 1075115116.2039628,
            "log_kobs": -8.050853145233928,
            "log_kobs_err": 1090972842.999785,
            "metadata": {
              "base": "U",
              "fmod_run_ids": [
                608,
                609,
                610,
                611,
                612,
                613,
                614
              ],
              "site": 23,
              "valtype": "modrate"
            }
          },
          "valtype": "modrate"
        },
        {
          "diagnostics": {
            "chisq": 1.351636000507663e-06,
            "covariance": {
              "matrix": [
                [
                  2.6539037724556058e+17,
                  -2.5610201597384576e+17,
                  5156566.626439426
                ],
                [
                  -2.5610201597384576e+17,
                  2.5060730822323776e+17,
                  -13666065.032354847
                ],
                [
                  5156566.626439426,
                  -13666065.032354847,
                  0.0386329815983891
                ]
              ],
              "params": [
                "log_kappa",
                "log_kdeg",
                "log_fmod_0"
              ]
            },
            "ndata": 7,
            "nfree": 4,
            "r2": -3.7559177989976433e-10,
            "reduced_chisq": 3.379090001269158e-07,
            "status": "completed",
            "success": true,
            "time_max": 4080.0,
            "time_min": 0.0
          },
          "nt_id": 493,
          "params": {
            "fmod0": 0.0016970000072203248,
            "kdeg": 1.1320790217683776e-12,
            "kobs": 0.00015573362607863755,
            "log_fmod0": -6.37889328847529,
            "log_fmod0_err": 0.19655274507975995,
            "log_kdeg": -27.506965331368086,
            "log_kdeg_err": 500606939.8472596,
            "log_kobs": -8.767363535334361,
            "log_kobs_err": 515160535.4115944,
            "metadata": {
              "base": "U",
              "fmod_run_ids": [
                608,
                609,
                610,
                611,
                612,
                613,
                614
              ],
              "site": 24,
              "valtype": "modrate"
            }
          },
          "valtype": "modrate"
        },
        {
          "diagnostics": {
            "chisq": 2.2714854237803304e-08,
            "covariance": {
              "matrix": [
                [
                  0.003648431971688825,
                  -7.820351648872005e-05,
                  -0.001795918399860286
                ],
                [
                  -7.820351648872005e-05,
                  0.02646146948725985,
                  -0.0031020928186572725
                ],
                [
                  -0.001795918399860286,
                  -0.0031020928186572725,
                  0.0015148827104789233
                ]
              ],
              "params": [
                "log_kappa",
                "log_kdeg",
                "log_fmod_0"
              ]
            },
            "ndata": 7,
            "nfree": 4,
            "r2": 0.9856358351049034,
            "reduced_chisq": 5.678713559450826e-09,
            "status": "completed",
            "success": true,
            "time_max": 4080.0,
            "time_min": 0.0
          },
          "nt_id": 494,
          "params": {
            "fmod0": 0.00177287953354984,
            "kdeg": 0.00145729975854539,
            "kobs": 0.0013106605082617256,
            "log_fmod0": -6.335150199178781,
            "log_fmod0_err": 0.038921494196381044,
            "log_kdeg": -6.531170036110913,
            "log_kdeg_err": 0.16266981738251213,
            "log_kobs": -6.637224064057653,
            "log_kobs_err": 0.0604022513793056,
            "metadata": {
              "base": "C",
              "fmod_run_ids": [
                608,
                609,
                610,
                611,
                612,
                613,
                614
              ],
              "site": 25,
              "valtype": "modrate"
            }
          },
          "valtype": "modrate"
        },
        {
          "diagnostics": {
            "chisq": 1.387212230145161e-07,
            "covariance": {
              "matrix": [
                [
                  0.0024754746030190454,
                  -2.0160043866739783e-05,
                  -0.004395126457311826
                ],
                [
                  -2.0160043866739783e-05,
                  0.017844760192672858,
                  -0.007511397011226181
                ],
                [
                  -0.004395126457311826,
                  -0.007511397011226181,
                  0.013244304390747669
                ]
              ],
