{
  "artifacts": {},
  "engine": "python_baseline",
  "engine_version": "0.1.0",
  "metadata": {
    "buffer_pH": 6.5,
    "done_by": [
      "EKC"
    ],
    "experiment_id": "ekc.01.0xx",
    "fmod_run_id": 393,
    "initial_kdeg": 0.00019988273628914496,
    "initial_kdeg_source": "arrhenius:nmr:deg:dms:Schwalbe_bistris",
    "initial_log_kdeg": -8.517779681922452,
    "notes": "Baseline python engine demo using examples/nerd.sqlite",
    "rg_id": 67,
    "rg_label": "25_3_A8C",
    "rounds_requested": [
      "round1_free",
      "round2_global",
      "round3_constrained"
    ],
    "temperature_c": 25.0,
    "valtypes": [
      "modrate",
      "GAmodrate"
    ]
  },
  "rounds": [
    {
      "global_params": {},
      "notes": null,
      "per_nt": [
        {
          "diagnostics": {
            "reason": "Non-zero fmod values are required for a fit.",
            "status": "failed"
          },
          "nt_id": 470,
          "params": {},
          "valtype": "modrate"
        },
        {
          "diagnostics": {
            "reason": "Non-zero fmod values are required for a fit.",
            "status": "failed"
          },
          "nt_id": 471,
          "params": {},
          "valtype": "modrate"
        },
        {
          "diagnostics": {
            "reason": "Non-zero fmod values are required for a fit.",
            "status": "failed"
          },
          "nt_id": 472,
          "params": {},
          "valtype": "modrate"
        },
        {
          "diagnostics": {
            "reason": "Non-zero fmod values are required for a fit.",
            "status": "failed"
          },
          "nt_id": 473,
          "params": {},
          "valtype": "modrate"
        },
        {
          "diagnostics": {
            "chisq": 2.1289900975009364e-05,
            "covariance": {
              "matrix": [
                [
                  9495988790.42638,
                  -9495313248.300816,
                  36689.29333081268
                ],
                [
                  -9495313248.300816,
                  9494637755.488956,
                  -36687.040303315305
                ],
                [
                  36689.29333081268,
                  -36687.040303315305,
                  0.325987672568622
                ]
              ],
              "params": [
                "log_kappa",
                "log_kdeg",
                "log_fmod_0"
              ]
            },
            "ndata": 8,
            "nfree": 5,
            "r2": 0.13770243430653806,
            "reduced_chisq": 4.257980195001873e-06,
            "status": "completed",
            "success": true,
            "time_max": 28440.0,
            "time_min": 0.0
          },
          "nt_id": 474,
          "params": {
            "fmod0": 0.0025364693823097537,
            "kdeg": 7.311369858053619e-13,
            "kobs": 94998.50149137768,
            "log_fmod0": -5.976982171872191,
            "log_fmod0_err": 0.5709533015655676,
            "log_kdeg": -27.944175557634598,
            "log_kdeg_err": 97440.43183139613,
            "log_kobs": 11.461616396683299,
            "log_kobs_err": 97447.36420461243,
            "metadata": {
              "base": "U",
              "fmod_run_ids": [
                379,
                381,
                383,
                385,
                388,
                389,
                391,
                393
              ],
              "site": 5,
              "valtype": "modrate"
            }
          },
          "valtype": "modrate"
        },
        {
          "diagnostics": {
            "chisq": 1.1179813467665256e-07,
            "covariance": {
              "matrix": [
                [
                  0.16772358511452376,
                  0.028857493554928167,
                  -0.0633058625869338
                ],
                [
                  0.028857493554928167,
                  0.8986675264346511,
                  -0.07066490441682655
                ],
                [
                  -0.0633058625869338,
                  -0.07066490441682655,
                  0.03223532298048503
                ]
              ],
              "params": [
                "log_kappa",
                "log_kdeg",
                "log_fmod_0"
              ]
            },
            "ndata": 8,
            "nfree": 5,
            "r2": 0.5453429010427089,
            "reduced_chisq": 2.2359626935330513e-08,
            "status": "completed",
            "success": true,
            "time_max": 28440.0,
            "time_min": 0.0
          },
          "nt_id": 475,
          "params": {
            "fmod0": 0.0008021609530536373,
            "kdeg": 0.0003735854760274685,
            "kobs": 0.00038855934560408416,
            "log_fmod0": -7.128201280640158,
            "log_fmod0_err": 0.17954198110883435,
            "log_kdeg": -7.892363728094741,
            "log_kdeg_err": 0.9479807626922875,
            "log_kobs": -7.853064644084873,
            "log_kobs_err": 0.40954070019294025,
            "metadata": {
              "base": "G",
              "fmod_run_ids": [
                379,
                381,
                383,
                385,
                388,
                389,
                391,
                393
              ],
              "site": 6,
              "valtype": "modrate"
            }
          },
          "valtype": "modrate"
        },
        {
          "diagnostics": {
            "chisq": 2.5572254491161877e-06,
            "covariance": {
              "matrix": [
                [
                  0.10002259558940792,
                  -0.20197727064440904,
                  0.020866209698009824
                ],
                [
                  -0.20197727064440904,
                  0.5751014352778152,
                  -0.17664890037607375
                ],
                [
                  0.020866209698009824,
                  -0.17664890037607375,
                  0.1409464107238909
                ]
              ],
              "params": [
                "log_kappa",
                "log_kdeg",
                "log_fmod_0"
              ]
            },
            "ndata": 8,
            "nfree": 5,
            "r2": 0.8735115822352422,
            "reduced_chisq": 5.114450898232375e-07,
            "status": "completed",
            "success": true,
            "time_max": 28440.0,
            "time_min": 0.0
          },
          "nt_id": 476,
          "params": {
            "fmod0": 0.0015001543154504042,
            "kdeg": 6.687138934908802e-05,
            "kobs": 0.0051764426948723765,
            "log_fmod0": -6.502187299198509,
            "log_fmod0_err": 0.37542830304052854,
            "log_kdeg": -9.612739345247347,
            "log_kdeg_err": 0.7583544258971627,
            "log_kobs": -5.263637197065228,
            "log_kobs_err": 0.3162634907626992,
            "metadata": {
              "base": "A",
              "fmod_run_ids": [
                379,
                381,
                383,
                385,
                388,
                389,
                391,
                393
              ],
              "site": 7,
              "valtype": "modrate"
            }
          },
          "valtype": "modrate"
        },
        {
          "diagnostics": {
            "chisq": 2.709696200968817e-05,
            "covariance": {
              "matrix": [
                [
                  2.7742319464156554e+18,
                  -2.7813806251128233e+18,
                  28951360.006928556
                ],
                [
                  -2.7813806251128233e+18,
                  2.798360927728068e+18,
                  -58827426.39593265
                ],
                [
                  28951360.006928556,
                  -58827426.39593265,
                  0.16577023775183727
                ]
              ],
              "params": [
                "log_kappa",
                "log_kdeg",
                "log_fmod_0"
              ]
            },
            "ndata": 8,
            "nfree": 5,
            "r2": -3.5753733307331004e-10,
            "reduced_chisq": 5.419392401937634e-06,
            "status": "completed",
            "success": true,
            "time_max": 28440.0,
            "time_min": 0.0
          },
          "nt_id": 477,
          "params": {
            "fmod0": 0.0030060000069997883,
            "kdeg": 5.586974290243687e-13,
            "kobs": 0.0002686107444842828,
            "log_fmod0": -5.807144985322749,
            "log_fmod0_err": 0.4071489134847805,
            "log_kdeg": -28.213168340166625,
            "log_kdeg_err": 1672830214.8538768,
            "log_kobs": -8.222247272872199,
            "log_kobs_err": 1665602577.5723498,
            "metadata": {
              "base": "C",
              "fmod_run_ids": [
                379,
                381,
                383,
                385,
                388,
                389,
                391,
                393
              ],
              "site": 8,
              "valtype": "modrate"
            }
          },
          "valtype": "modrate"
        },
        {
          "diagnostics": {
            "chisq": 7.074339988782645e-05,
            "covariance": {
              "matrix": [
                [
                  2.3001765844207165e+19,
                  -2.294726806170757e+19,
                  1907011396.531445
                ],
                [
                  -2.294726806170757e+19,
                  2.2905430363392815e+19,
                  -1938852265.3848712
                ],
                [
                  1907011396.531445,
                  -1938852265.3848712,
                  0.3484799124109809
                ]
              ],
              "params": [
                "log_kappa",
                "log_kdeg",
                "log_fmod_0"
              ]
            },
            "ndata": 8,
            "nfree": 5,
            "r2": -1.813094119285097e-10,
            "reduced_chisq": 1.414867997756529e-05,
            "status": "completed",
            "success": true,
            "time_max": 28440.0,
            "time_min": 0.0
          },
          "nt_id": 478,
          "params": {
            "fmod0": 0.004564625027259546,
            "kdeg": 2.620194587209897e-13,
            "kobs": 0.00022669150161490445,
            "log_fmod0": -5.389418909106416,
            "log_fmod0_err": 0.5903218718724396,
            "log_kdeg": -28.97035762398002,
            "log_kdeg_err": 4785961801.288516,
            "log_kobs": -8.391920488516034,
            "log_kobs_err": 4796015621.764296,
            "metadata": {
              "base": "C",
              "fmod_run_ids": [
                379,
                381,
                383,
                385,
                388,
                389,
                391,
                393
              ],
              "site": 9,
              "valtype": "modrate"
            }
          },
          "valtype": "modrate"
        },
        {
          "diagnostics": {
            "chisq": 8.959211721960785e-07,
            "covariance": {
              "matrix": [
                [
                  5115658969551.302,
                  -5115225529517.384,
                  169588.58211820832
                ],
                [
                  -5115225529517.384,
                  5114792126208.178,
                  -169574.23394130473
                ],
                [
                  169588.58211820832,
                  -169574.23394130473,
                  0.010357813979643665
                ]
              ],
              "params": [
                "log_kappa",
                "log_kdeg",
                "log_fmod_0"
              ]
            },
            "ndata": 8,
            "nfree": 5,
            "r2": 0.5483459849656414,
            "reduced_chisq": 1.791842344392157e-07,
            "status": "completed",
            "success": true,
            "time_max": 28440.0,
            "time_min": 0.0
          },
          "nt_id": 479,
          "params": {
            "fmod0": 0.003244877270328446,
            "kdeg": 4.287730792881573e-11,
            "kobs": 916.2966378858358,
            "log_fmod0": -5.730677750703588,
            "log_fmod0_err": 0.10177334611598296,
            "log_kdeg": -23.87267838264767,
            "log_kdeg_err": 2261590.6186151765,
            "log_kobs": 6.820340152735838,
            "log_kobs_err": 2261782.255114604,
            "metadata": {
              "base": "U",
              "fmod_run_ids": [
                379,
                381,
                383,
                385,
                388,
                389,
                391,
                393
              ],
              "site": 10,
              "valtype": "modrate"
            }
          },
          "valtype": "modrate"
        },
        {
          "diagnostics": {
            "chisq": 6.617205174469128e-06,
            "covariance": {
              "matrix": [
                [
                  176449142233.0534,
                  -176434719311.13263,
                  -84123.0377602773
                ],
                [
                  -176434719311.13263,
                  176420297568.33453,
                  84115.95882458471
                ],
                [
                  -84123.0377602773,
                  84115.95882458471,
                  0.42144027547672597
                ]
              ],
              "params": [
                "log_kappa",
                "log_kdeg",
                "log_fmod_0"
              ]
            },
            "ndata": 8,
            "nfree": 5,
            "r2": 0.5063675833751385,
            "reduced_chisq": 1.3234410348938255e-06,
            "status": "completed",
            "success": true,
            "time_max": 28440.0,
            "time_min": 0.0
          },
          "nt_id": 480,
          "params": {
            "fmod0": 0.0009830268792083933,
            "kdeg": 1.0102251599818344e-11,
            "kobs": 9720.749630444245,
            "log_fmod0": -6.924874094133581,
            "log_fmod0_err": 0.6491843154888494,
            "log_kdeg": -25.3182627862516,
            "log_kdeg_err": 420024.1630767622,
            "log_kobs": 9.182018016954387,
            "log_kobs_err": 420058.49858448695,
            "metadata": {
              "base": "U",
              "fmod_run_ids": [
                379,
                381,
                383,
                385,
                388,
                389,
                391,
                393
              ],
              "site": 11,
              "valtype": "modrate"
            }
          },
          "valtype": "modrate"
        },
        {
          "diagnostics": {
            "chisq": 7.779705273181942e-06,
            "covariance": {
              "matrix": [
                [
                  210731691119.74338,
                  -210715037973.0141,
                  -12955.009616434596
                ],
                [
                  -210715037973.0141,
                  210698386142.45346,
                  12953.75374602345
                ],
                [
                  -12955.009616434596,
                  12953.75374602345,
                  0.6618552518187896
                ]
              ],
              "params": [
                "log_kappa",
                "log_kdeg",
                "log_fmod_0"
              ]
            },
            "ndata": 8,
            "nfree": 5,
            "r2": 0.5759300945962084,
            "reduced_chisq": 1.5559410546363884e-06,
            "status": "completed",
            "success": true,
            "time_max": 28440.0,
            "time_min": 0.0
          },
          "nt_id": 481,
          "params": {
            "fmod0": 0.0008096424408057359,
            "kdeg": 2.433040599525953e-11,
            "kobs": 5037.022534198472,
            "log_fmod0": -7.118917838861211,
            "log_fmod0_err": 0.8135448677355107,
            "log_kdeg": -24.439294272249757,
            "log_kdeg_err": 459018.93876228406,
            "log_kobs": 8.524570419469706,
            "log_kobs_err": 459055.2157635761,
            "metadata": {
              "base": "U",
              "fmod_run_ids": [
                379,
                381,
                383,
                385,
                388,
                389,
                391,
                393
              ],
              "site": 12,
              "valtype": "modrate"
            }
          },
          "valtype": "modrate"
        },
        {
          "diagnostics": {
            "chisq": 1.737715287500019e-05,
            "covariance": {
              "matrix": [
                [
                  2.7623940747489336e+18,
                  -3.468756090095732e+18,
                  3.495186365460169e-08
                ],
                [
                  -3.468756090095732e+18,
                  1.8294105636399182e+19,
                  -603765403.2897768
                ],
                [
                  3.495186365460169e-08,
                  -603765403.2897768,
                  0.06974182521365176
                ]
              ],
              "params": [
                "log_kappa",
                "log_kdeg",
                "log_fmod_0"
              ]
            },
            "ndata": 8,
            "nfree": 5,
            "r2": -1.0658141036401503e-14,
            "reduced_chisq": 3.4754305750000375e-06,
            "status": "completed",
            "success": true,
            "time_max": 28440.0,
            "time_min": 0.0
          },
          "nt_id": 482,
          "params": {
            "fmod0": 0.0031568750015108908,
            "kdeg": 4.540807110139778e-16,
            "kobs": 3.118628613206927e-05,
            "log_fmod0": -5.758172664263354,
            "log_fmod0_err": 0.2640867759158943,
            "log_kdeg": -35.328256714088205,
            "log_kdeg_err": 4277160931.7863154,
            "log_kobs": -10.37553210682702,
            "log_kobs_err": 1662045148.2282102,
            "metadata": {
              "base": "U",
              "fmod_run_ids": [
                379,
                381,
                383,
                385,
                388,
                389,
                391,
                393
              ],
              "site": 13,
              "valtype": "modrate"
            }
          },
          "valtype": "modrate"
        },
        {
          "diagnostics": {
            "chisq": 3.0705578304610856e-09,
            "covariance": {
              "matrix": [
                [
                  0.08540996994598658,
                  0.014460892229207732,
                  -0.01830948229709341
                ],
                [
                  0.014460892229207732,
                  0.44379815554727015,
                  -0.021620350780745652
                ],
                [
                  -0.01830948229709341,
                  -0.021620350780745652,
                  0.005453550556336372
                ]
              ],
              "params": [
                "log_kappa",
                "log_kdeg",
                "log_fmod_0"
              ]
            },
            "ndata": 8,
            "nfree": 5,
            "r2": 0.7019129122078379,
            "reduced_chisq": 6.141115660922171e-10,
            "status": "completed",
            "success": true,
            "time_max": 28440.0,
            "time_min": 0.0
          },
          "nt_id": 483,
          "params": {
            "fmod0": 0.0003196251615232079,
            "kdeg": 0.00032904039613310403,
            "kobs": 8.983833948669363e-05,
            "log_fmod0": -8.048361619000817,
            "log_fmod0_err": 0.07384815878772044,
            "log_kdeg": -8.019330030137214,
            "log_kdeg_err": 0.6661817736528598,
            "log_kobs": -9.317498730711426,
            "log_kobs_err": 0.29224984165262874,
            "metadata": {
              "base": "G",
              "fmod_run_ids": [
                379,
                381,
                383,
                385,
                388,
                389,
                391,
                393
              ],
              "site": 14,
              "valtype": "modrate"
            }
          },
          "valtype": "modrate"
        },
        {
          "diagnostics": {
            "chisq": 8.049335209360487e-07,
            "covariance": {
              "matrix": [
                [
                  0.018824928999518643,
                  0.0031959419740309734,
                  -0.11743647811253764
                ],
                [
                  0.0031959419740309734,
                  0.09850271046025263,
                  -0.13527638066350828
                ],
                [
                  -0.11743647811253764,
                  -0.13527638066350828,
                  1.0057338590343459
                ]
              ],
              "params": [
                "log_kappa",
                "log_kdeg",
                "log_fmod_0"
              ]
            },
            "ndata": 8,
            "nfree": 5,
            "r2": 0.9146595130656953,
            "reduced_chisq": 1.6098670418720974e-07,
            "status": "completed",
            "success": true,
            "time_max": 28440.0,
            "time_min": 0.0
          },
          "nt_id": 484,
          "params": {
            "fmod0": 0.00038278447855994574,
            "kdeg": 0.00034531125985264217,
            "kobs": 0.003113125321436412,
            "log_fmod0": -7.86803844633411,
            "log_fmod0_err": 1.0028628316147457,
            "log_kdeg": -7.971064345201515,
            "log_kdeg_err": 0.3138514146220352,
            "log_kobs": -5.772128130884722,
            "log_kobs_err": 0.13720396859974074,
            "metadata": {
              "base": "A",
              "fmod_run_ids": [
                379,
                381,
                383,
                385,
                388,
                389,
                391,
                393
              ],
              "site": 15,
              "valtype": "modrate"
            }
          },
          "valtype": "modrate"
        },
        {
          "diagnostics": {
            "chisq": 1.8086419233797939e-07,
            "covariance": {
              "matrix": [
                [
                  0.006399332089636409,
                  0.000913651728108479,
                  -0.009855562884104163
                ],
                [
                  0.000913651728108479,
                  0.03313618501081248,
                  -0.013109506669060019
                ],
                [
                  -0.009855562884104163,
                  -0.013109506669060019,
                  0.022568674695278398
                ]
              ],
              "params": [
                "log_kappa",
                "log_kdeg",
                "log_fmod_0"
              ]
            },
            "ndata": 8,
            "nfree": 5,
            "r2": 0.9691921066205065,
            "reduced_chisq": 3.617283846759588e-08,
            "status": "completed",
            "success": true,
            "time_max": 28440.0,
            "time_min": 0.0
          },
          "nt_id": 485,
          "params": {
            "fmod0": 0.0011811003924760229,
            "kdeg": 0.00026527847590142756,
            "kobs": 0.00250670128111986,
            "log_fmod0": -6.741308739049497,
            "log_fmod0_err": 0.15022874124240806,
            "log_kdeg": -8.234730431278768,
            "log_kdeg_err": 0.18203347222643554,
            "log_kobs": -5.98878762082645,
            "log_kobs_err": 0.0799958254513097,
            "metadata": {
              "base": "A",
              "fmod_run_ids": [
                379,
                381,
                383,
                385,
                388,
                389,
                391,
                393
              ],
              "site": 16,
              "valtype": "modrate"
            }
          },
          "valtype": "modrate"
        },
        {
          "diagnostics": {
            "chisq": 8.56667131820206e-07,
            "covariance": {
              "matrix": [
                [
                  12352630674.519615,
                  -12351587206.496044,
                  72601.22752543468
                ],
                [
                  -12351587206.496044,
                  12350543826.78006,
                  -72595.25467928179
                ],
                [
                  72601.22752543468,
                  -72595.25467928179,
                  0.7130418963285786
                ]
              ],
              "params": [
                "log_kappa",
                "log_kdeg",
                "log_fmod_0"
              ]
            },
            "ndata": 8,
            "nfree": 5,
            "r2": 0.5522094593198971,
            "reduced_chisq": 1.713334263640412e-07,
            "status": "completed",
            "success": true,
            "time_max": 28440.0,
            "time_min": 0.0
          },
          "nt_id": 486,
          "params": {
            "fmod0": 0.0004080597802337625,
            "kdeg": 3.1403074428645164e-12,
            "kobs": 12329.011385991105,
            "log_fmod0": -7.804096874112355,
            "log_fmod0_err": 0.8444180814789429,
            "log_kdeg": -26.486700409061136,
            "log_kdeg_err": 111133.00061988815,
            "log_kobs": 9.419710413381072,
            "log_kobs_err": 111142.38918846227,
            "metadata": {
              "base": "U",
              "fmod_run_ids": [
                379,
                381,
                383,
                385,
                388,
                389,
                391,
                393
              ],
              "site": 17,
              "valtype": "modrate"
            }
          },
          "valtype": "modrate"
        },
        {
          "diagnostics": {
            "chisq": 0.0004534117628170199,
            "covariance": {
              "matrix": [
                [
                  0.02095090974361816,
                  0.0029017860452819747,
                  -7.421055306013037
                ],
                [
                  0.0029017860452819747,
                  0.10296546761793206,
                  -8.164283632682016
                ],
                [
                  -7.421055306013037,
                  -8.164283632682016,
                  3618.145595434757
                ]
              ],
              "params": [
                "log_kappa",
                "log_kdeg",
                "log_fmod_0"
              ]
            },
            "ndata": 8,
            "nfree": 5,
            "r2": 0.9121906572767643,
            "reduced_chisq": 9.068235256340398e-05,
            "status": "completed",
            "success": true,
            "time_max": 28440.0,
            "time_min": 0.0
          },
          "nt_id": 487,
          "params": {
            "fmod0": 0.00015134068396145892,
            "kdeg": 0.000335783267807112,
            "kobs": 0.07546870993888624,
            "log_fmod0": -8.79597707733809,
            "log_fmod0_err": 60.151023228493436,
            "log_kdeg": -7.999044642414837,
            "log_kdeg_err": 0.32088232674600836,
            "log_kobs": -2.5840371465258243,
            "log_kobs_err": 0.1447442908843667,
            "metadata": {
              "base": "A",
              "fmod_run_ids": [
                379,
                381,
                383,
                385,
                388,
                389,
                391,
                393
              ],
              "site": 18,
              "valtype": "modrate"
            }
          },
          "valtype": "modrate"
        },
        {
          "diagnostics": {
            "chisq": 6.88437519666429e-07,
            "covariance": {
              "matrix": [
                [
                  665.2642595820415,
                  -699.8908708374443,
                  3.824582936520957
                ],
                [
                  -699.8908708374443,
                  736.4822562188839,
                  -4.07844377941589
                ],
                [
                  3.824582936520957,
                  -4.07844377941589,
                  0.05458786635118194
                ]
              ],
              "params": [
                "log_kappa",
                "log_kdeg",
                "log_fmod_0"
              ]
            },
            "ndata": 8,
            "nfree": 5,
            "r2": 0.5770161156792781,
            "reduced_chisq": 1.376875039332858e-07,
            "status": "completed",
            "success": true,
            "time_max": 28440.0,
            "time_min": 0.0
          },
          "nt_id": 488,
          "params": {
            "fmod0": 0.0011039300641414735,
            "kdeg": 3.651368326865338e-06,
            "kobs": 0.010510963688395082,
            "log_fmod0": -6.808878680831724,
            "log_fmod0_err": 0.23364046385671713,
            "log_kdeg": -12.520408576548656,
            "log_kdeg_err": 27.138206577054497,
            "log_kobs": -4.555336405775839,
            "log_kobs_err": 25.79271718105794,
            "metadata": {
              "base": "G",
              "fmod_run_ids": [
                379,
                381,
                383,
                385,
                388,
                389,
                391,
                393
              ],
              "site": 19,
              "valtype": "modrate"
            }
          },
          "valtype": "modrate"
        },
        {
          "diagnostics": {
            "chisq": 9.347411682960876e-06,
            "covariance": {
              "matrix": [
                [
                  97329335425.33124,
                  -97321695563.85294,
                  142958.9561909777
                ],
                [
                  -97321695563.85294,
                  97314056302.19598,
                  -142947.94529715364
                ],
                [
                  142958.9561909777,
                  -142947.94529715364,
                  0.8254187167439875
                ]
              ],
              "params": [
                "log_kappa",
                "log_kdeg",
                "log_fmod_0"
              ]
            },
            "ndata": 8,
            "nfree": 5,
            "r2": 0.6056576965951694,
            "reduced_chisq": 1.8694823365921753e-06,
            "status": "completed",
            "success": true,
            "time_max": 28440.0,
            "time_min": 0.0
          },
          "nt_id": 489,
          "params": {
            "fmod0": 0.0009198741001544839,
            "kdeg": 1.2728798837872954e-11,
            "kobs": 11226.135945258073,
            "log_fmod0": -6.991273744943853,
            "log_fmod0_err": 0.9085255729719376,
            "log_kdeg": -25.08715406461607,
            "log_kdeg_err": 311952.0096139725,
            "log_kobs": 9.325999905286123,
            "log_kobs_err": 311976.4981939044,
            "metadata": {
              "base": "U",
              "fmod_run_ids": [
                379,
                381,
                383,
                385,
                388,
                389,
                391,
                393
              ],
              "site": 20,
              "valtype": "modrate"
            }
          },
          "valtype": "modrate"
        },
        {
          "diagnostics": {
            "chisq": 8.739912330789871e-08,
            "covariance": {
              "matrix": [
                [
                  0.049587421843285316,
                  0.008173561216773696,
                  -0.024608708130134126
                ],
                [
                  0.008173561216773696,
                  0.255561546363685,
                  -0.03004227996465607
                ],
                [
                  -0.024608708130134126,
                  -0.03004227996465607,
                  0.01727923749762847
                ]
              ],
              "params": [
                "log_kappa",
                "log_kdeg",
                "log_fmod_0"
              ]
            },
            "ndata": 8,
            "nfree": 5,
            "r2": 0.8022590024491085,
            "reduced_chisq": 1.747982466157974e-08,
            "status": "completed",
            "success": true,
            "time_max": 28440.0,
            "time_min": 0.0
          },
          "nt_id": 490,
          "params": {
            "fmod0": 0.0009520509016931524,
            "kdeg": 0.00030773214244415376,
            "kobs": 0.0006279610506562679,
            "log_fmod0": -6.956892056437204,
            "log_fmod0_err": 0.13145051349320958,
            "log_kdeg": -8.086280820759887,
            "log_kdeg_err": 0.5055309549015619,
            "log_kobs": -7.3730324146674535,
            "log_kobs_err": 0.2226823339272456,
            "metadata": {
              "base": "G",
              "fmod_run_ids": [
                379,
                381,
                383,
                385,
                388,
                389,
                391,
                393
              ],
              "site": 21,
              "valtype": "modrate"
            }
          },
          "valtype": "modrate"
        },
        {
          "diagnostics": {
            "chisq": 2.188612168703713e-06,
            "covariance": {
              "matrix": [
                [
                  0.004327826606262615,
                  0.0006582708510940225,
                  -0.018806042924783356
                ],
                [
                  0.0006582708510940225,
                  0.02210038858093271,
                  -0.02378405855741511
                ],
                [
                  -0.018806042924783356,
                  -0.02378405855741511,
                  0.11836071317642986
                ]
              ],
              "params": [
                "log_kappa",
                "log_kdeg",
                "log_fmod_0"
              ]
            },
            "ndata": 8,
            "nfree": 5,
            "r2": 0.9791466929540132,
            "reduced_chisq": 4.377224337407426e-07,
            "status": "completed",
            "success": true,
            "time_max": 28440.0,
            "time_min": 0.0
          },
          "nt_id": 491,
          "params": {
            "fmod0": 0.0018077911627101021,
            "kdeg": 0.0002846931209011329,
            "kobs": 0.010721431940745976,
            "log_fmod0": -6.315649531034247,
            "log_fmod0_err": 0.3440359184393831,
            "log_kdeg": -8.164098726595551,
            "log_kdeg_err": 0.14866199440654868,
            "log_kobs": -4.535510555697911,
            "log_kobs_err": 0.06578621896919304,
            "metadata": {
              "base": "A",
              "fmod_run_ids": [
                379,
                381,
                383,
                385,
                388,
                389,
                391,
                393
              ],
              "site": 22,
              "valtype": "modrate"
            }
          },
          "valtype": "modrate"
        },
        {
          "diagnostics": {
            "chisq": 1.4279723168453077e-05,
            "covariance": {
              "matrix": [
                [
                  2103242546626.0564,
                  -2103067341473.8403,
                  233640.36398101397
                ],
                [
                  -2103067341473.8403,
                  2102892150918.5063,
                  -233621.17806993064
                ],
                [
                  233640.36398101397,
                  -233621.17806993064,
                  0.10029296465076541
                ]
              ],
              "params": [
                "log_kappa",
                "log_kdeg",
                "log_fmod_0"
              ]
            },
            "ndata": 8,
            "nfree": 5,
            "r2": 0.09668782397829812,
            "reduced_chisq": 2.8559446336906153e-06,
            "status": "completed",
            "success": true,
            "time_max": 28440.0,
            "time_min": 0.0
          },
          "nt_id": 492,
          "params": {
            "fmod0": 0.0032698483660510524,
            "kdeg": 1.998662184495287e-11,
            "kobs": 2329.564979459605,
            "log_fmod0": -5.723011666386364,
            "log_fmod0_err": 0.3166906450319703,
            "log_kdeg": -24.63595797394552,
            "log_kdeg_err": 1450135.2181498476,
            "log_kobs": 7.753436825033777,
            "log_kobs_err": 1450256.0279571523,
            "metadata": {
              "base": "U",
              "fmod_run_ids": [
                379,
                381,
                383,
                385,
                388,
                389,
                391,
                393
              ],
              "site": 23,
              "valtype": "modrate"
            }
          },
          "valtype": "modrate"
        },
        {
          "diagnostics": {
            "chisq": 1.0060335647968341e-05,
            "covariance": {
              "matrix": [
                [
                  17208074747.422817,
                  -17206668617.47035,
                  50224.37598760151
                ],
                [
                  -17206668617.47035,
                  17205262602.693085,
                  -50220.53458428451
                ],
                [
                  50224.37598760151,
                  -50220.53458428451,
                  0.6006368578632136
                ]
              ],
              "params": [
                "log_kappa",
                "log_kdeg",
                "log_fmod_0"
              ]
            },
            "ndata": 8,
            "nfree": 5,
            "r2": 0.42136271677542403,
            "reduced_chisq": 2.0120671295936683e-06,
            "status": "completed",
            "success": true,
            "time_max": 28440.0,
            "time_min": 0.0
          },
          "nt_id": 493,
          "params": {
            "fmod0": 0.0011108254521859356,
            "kdeg": 1.5721213075731878e-12,
            "kobs": 64889.945450690684,
            "log_fmod0": -6.802651889411048,
            "log_fmod0_err": 0.775007650196573,
            "log_kdeg": -27.178595257231382,
            "log_kdeg_err": 131168.83243626545,
            "log_kobs": 11.080447966972091,
            "log_kobs_err": 131179.55155977176,
            "metadata": {
              "base": "U",
              "fmod_run_ids": [
                379,
                381,
                383,
                385,
                388,
                389,
                391,
                393
              ],
              "site": 24,
              "valtype": "modrate"
            }
          },
          "valtype": "modrate"
        },
        {
          "diagnostics": {
            "chisq": 1.7080638723479055e-07,
            "covariance": {
              "matrix": [
                [
                  775688532701.7091,
                  -775619479313.6134,
                  -19604.586321719507
                ],
                [
                  -775619479313.6134,
                  775550432072.9543,
                  19602.82531918925
                ],
                [
                  -19604.586321719507,
                  19602.82531918925,
                  0.0032789049838548136
                ]
              ],
              "params": [
