{
  "artifacts": {},
  "engine": "python_baseline",
  "engine_version": "0.1.0",
  "metadata": {
    "buffer_pH": 6.4,
    "done_by": [
      "EKC"
    ],
    "experiment_id": "ekc.01.0xx",
    "fmod_run_id": 916,
    "initial_kdeg": 0.046628528165773286,
    "initial_kdeg_source": "arrhenius:nmr:deg:dms:Schwalbe_bistris",
    "initial_log_kdeg": -3.065542732765291,
    "notes": "Baseline python engine demo using examples/nerd.sqlite",
    "rg_id": 122,
    "rg_label": "80_2_12",
    "rounds_requested": [
      "round1_free",
      "round2_global",
      "round3_constrained"
    ],
    "rt_protocol": [
      "MRT"
    ],
    "selected_site_bases": [
      "17_G",
      "18_G",
      "19_C",
      "1_U",
      "20_A",
      "21_G",
      "22_A",
      "23_U",
      "24_C",
      "25_U",
      "26_G",
      "27_A",
      "28_G",
      "29_C",
      "2_A",
      "30_U",
      "31_U",
      "32_G",
      "33_G",
      "34_G",
      "35_A",
      "36_G",
      "37_C",
      "38_U",
      "39_C",
      "3_A",
      "40_U",
      "41_C",
      "42_U",
      "43_G",
      "44_C",
      "45_C",
      "61_A",
      "62_A",
      "63_U",
      "64_C"
    ],
    "temperature_c": 80.0,
    "valtypes": [
      "modrate",
      "GAmodrate"
    ]
  },
  "rounds": [
    {
      "global_params": {},
      "notes": null,
      "per_nt": [
        {
          "diagnostics": {
            "reason": "Non-zero fmod values are required for a fit.",
            "status": "failed"
          },
          "nt_id": 93,
          "params": {},
          "valtype": "modrate"
        },
        {
          "diagnostics": {
            "reason": "Non-zero fmod values are required for a fit.",
            "status": "failed"
          },
          "nt_id": 94,
          "params": {},
          "valtype": "modrate"
        },
        {
          "diagnostics": {
            "reason": "Non-zero fmod values are required for a fit.",
            "status": "failed"
          },
          "nt_id": 95,
          "params": {},
          "valtype": "modrate"
        },
        {
          "diagnostics": {
            "reason": "Non-zero fmod values are required for a fit.",
            "status": "failed"
          },
          "nt_id": 96,
          "params": {},
          "valtype": "modrate"
        },
        {
          "diagnostics": {
            "chisq": 4.638267869891131e-08,
            "covariance": {
              "matrix": [
                [
                  0.035657538637206346,
                  0.005611599729750162,
                  -0.03643871476940721
                ],
                [
                  0.005611599729750162,
                  0.2366973438327951,
                  -0.05975798702657253
                ],
                [
                  -0.03643871476940721,
                  -0.05975798702657253,
                  0.058997562015503505
                ]
              ],
              "params": [
                "log_kappa",
                "log_kdeg",
                "log_fmod_0"
              ]
            },
            "ndata": 7,
            "nfree": 4,
            "r2": 0.8756435585917735,
            "reduced_chisq": 1.1595669674727828e-08,
            "status": "completed",
            "success": true,
            "time_max": 135.0,
            "time_min": 0.0
          },
          "nt_id": 97,
          "params": {
            "fmod0": 0.00042013725380934247,
            "kdeg": 0.044751516636313854,
            "kobs": 0.0006087154988172088,
            "log_fmod0": -7.774929105288496,
            "log_fmod0_err": 0.24289413746631167,
            "log_kdeg": -3.1066299435212943,
            "log_kdeg_err": 0.4865155124277078,
            "log_kobs": -7.404159560627866,
            "log_kobs_err": 0.1888320381640953,
            "metadata": {
              "base": "G",
              "fmod_run_ids": [
                912,
                913,
                914,
                915,
                916,
                917,
                918
              ],
              "site": 18,
              "valtype": "modrate"
            }
          },
          "valtype": "modrate"
        },
        {
          "diagnostics": {
            "chisq": 3.0718344448541975e-06,
            "covariance": {
              "matrix": [
                [
                  0.0011228020442713895,
                  0.0002906249086883644,
                  -0.049747579926528646
                ],
                [
                  0.0002906249086883644,
                  0.006440855515976512,
                  -0.06469416392405972
                ],
                [
                  -0.049747579926528646,
                  -0.06469416392405972,
                  3.09370248694245
                ]
              ],
              "params": [
                "log_kappa",
                "log_kdeg",
                "log_fmod_0"
              ]
            },
            "ndata": 7,
            "nfree": 4,
            "r2": 0.995715885866892,
            "reduced_chisq": 7.679586112135494e-07,
            "status": "completed",
            "success": true,
            "time_max": 135.0,
            "time_min": 0.0
          },
          "nt_id": 98,
          "params": {
            "fmod0": 0.0004842587312574709,
            "kdeg": 0.057941702403882835,
            "kobs": 0.029173429542002867,
            "log_fmod0": -7.632891225364815,
            "log_fmod0_err": 1.758892403458054,
            "log_kdeg": -2.848317904886132,
            "log_kdeg_err": 0.080254940757417,
            "log_kobs": -3.5344969311528476,
            "log_kobs_err": 0.033508238453720446,
            "metadata": {
              "base": "C",
              "fmod_run_ids": [
                912,
                913,
                914,
                915,
                916,
                917,
                918
              ],
              "site": 19,
              "valtype": "modrate"
            }
          },
          "valtype": "modrate"
        },
        {
          "diagnostics": {
            "chisq": 1.7720081750997109e-06,
            "covariance": {
              "matrix": [
                [
                  0.0012046083522857037,
                  0.0003161175778351954,
                  -0.05648246247708784
                ],
                [
                  0.0003161175778351954,
                  0.0069758242544538124,
                  -0.07427469794995586
                ],
                [
                  -0.05648246247708784,
                  -0.07427469794995586,
                  3.7251261614990945
                ]
              ],
              "params": [
                "log_kappa",
                "log_kdeg",
                "log_fmod_0"
              ]
            },
            "ndata": 7,
            "nfree": 4,
            "r2": 0.9953670330160198,
            "reduced_chisq": 4.430020437749277e-07,
            "status": "completed",
            "success": true,
            "time_max": 135.0,
            "time_min": 0.0
          },
          "nt_id": 99,
          "params": {
            "fmod0": 0.00033497763282342797,
            "kdeg": 0.057651695767873046,
            "kobs": 0.02120866838076302,
            "log_fmod0": -8.001446796059529,
            "log_fmod0_err": 1.930058590172613,
            "log_kdeg": -2.853335617818966,
            "log_kdeg_err": 0.08352139997901024,
            "log_kobs": -3.853345294990176,
            "log_kobs_err": 0.03470746824943738,
            "metadata": {
              "base": "A",
              "fmod_run_ids": [
                912,
                913,
                914,
                915,
                916,
                917,
                918
              ],
              "site": 20,
              "valtype": "modrate"
            }
          },
          "valtype": "modrate"
        },
        {
          "diagnostics": {
            "chisq": 1.3365293091412146e-08,
            "covariance": {
              "matrix": [
                [
                  0.005812879972315151,
                  0.00012443093928734408,
                  -0.009877290589235217
                ],
                [
                  0.00012443093928734408,
                  0.04141984114736135,
                  -0.018161607569209346
                ],
                [
                  -0.009877290589235217,
                  -0.018161607569209346,
                  0.029385711130738554
                ]
              ],
              "params": [
                "log_kappa",
                "log_kdeg",
                "log_fmod_0"
              ]
            },
            "ndata": 7,
            "nfree": 4,
            "r2": 0.9772956920057532,
            "reduced_chisq": 3.3413232728530366e-09,
            "status": "completed",
            "success": true,
            "time_max": 135.0,
            "time_min": 0.0
          },
          "nt_id": 100,
          "params": {
            "fmod0": 0.0003145996314416809,
            "kdeg": 0.03932633036397031,
            "kobs": 0.0008065278442521838,
            "log_fmod0": -8.06420973885483,
            "log_fmod0_err": 0.17142260974194318,
            "log_kdeg": -3.235861000629843,
            "log_kdeg_err": 0.20351865061306137,
            "log_kobs": -7.122772136193758,
            "log_kobs_err": 0.07624224532577166,
            "metadata": {
              "base": "G",
              "fmod_run_ids": [
                912,
                913,
                914,
                915,
                916,
                917,
                918
              ],
              "site": 21,
              "valtype": "modrate"
            }
          },
          "valtype": "modrate"
        },
        {
          "diagnostics": {
            "chisq": 2.2517375215189593e-06,
            "covariance": {
              "matrix": [
                [
                  0.002192616754498656,
                  0.0005570105349823057,
                  -0.06540310232315334
                ],
                [
                  0.0005570105349823057,
                  0.013001092693022841,
                  -0.08984043799750041
                ],
                [
                  -0.06540310232315334,
                  -0.08984043799750041,
                  2.794448989555718
                ]
              ],
              "params": [
                "log_kappa",
                "log_kdeg",
                "log_fmod_0"
              ]
            },
            "ndata": 7,
            "nfree": 4,
            "r2": 0.9915581126960955,
            "reduced_chisq": 5.629343803797398e-07,
            "status": "completed",
            "success": true,
            "time_max": 135.0,
            "time_min": 0.0
          },
          "nt_id": 101,
          "params": {
            "fmod0": 0.00043415456286489214,
            "kdeg": 0.05474874096820393,
            "kobs": 0.017603215895924194,
            "log_fmod0": -7.742109951631719,
            "log_fmod0_err": 1.6716605485431897,
            "log_kdeg": -2.9050009065644793,
            "log_kdeg_err": 0.11402233418511849,
            "log_kobs": -4.039673672270216,
            "log_kobs_err": 0.04682538579124208,
            "metadata": {
              "base": "A",
              "fmod_run_ids": [
                912,
                913,
                914,
                915,
                916,
                917,
                918
              ],
              "site": 22,
              "valtype": "modrate"
            }
          },
          "valtype": "modrate"
        },
        {
          "diagnostics": {
            "chisq": 8.832443227106727e-08,
            "covariance": {
              "matrix": [
                [
                  0.03966158681978133,
                  -0.04520021058716347,
                  -0.007816473345536907
                ],
                [
                  -0.04520021058716347,
                  0.35001816140406816,
                  -0.02914959856052887
                ],
                [
                  -0.007816473345536907,
                  -0.02914959856052887,
                  0.007869153931053967
                ]
              ],
              "params": [
                "log_kappa",
                "log_kdeg",
                "log_fmod_0"
              ]
            },
            "ndata": 7,
            "nfree": 4,
            "r2": 0.8809109084214417,
            "reduced_chisq": 2.2081108067766817e-08,
            "status": "completed",
            "success": true,
            "time_max": 135.0,
            "time_min": 0.0
          },
          "nt_id": 102,
          "params": {
            "fmod0": 0.0014615700806102484,
            "kdeg": 0.02415756918598681,
            "kobs": 0.0008834207381057796,
            "log_fmod0": -6.528244023409498,
            "log_fmod0_err": 0.0887082517641621,
            "log_kdeg": -3.723157524140164,
            "log_kdeg_err": 0.5916233272987705,
            "log_kobs": -7.03170898374823,
            "log_kobs_err": 0.19915217001022442,
            "metadata": {
              "base": "U",
              "fmod_run_ids": [
                912,
                913,
                914,
                915,
                916,
                917,
                918
              ],
              "site": 23,
              "valtype": "modrate"
            }
          },
          "valtype": "modrate"
        },
        {
          "diagnostics": {
            "chisq": 2.1561419590565795e-06,
            "covariance": {
              "matrix": [
                [
                  0.0010581741593756,
                  0.00022601386189685053,
                  -0.012364145061949258
                ],
                [
                  0.00022601386189685053,
                  0.006513259201199654,
                  -0.018268023988753893
                ],
                [
                  -0.012364145061949258,
                  -0.018268023988753893,
                  0.21574995118290474
                ]
              ],
              "params": [
                "log_kappa",
                "log_kdeg",
                "log_fmod_0"
              ]
            },
            "ndata": 7,
            "nfree": 4,
            "r2": 0.9959252137107923,
            "reduced_chisq": 5.390354897641449e-07,
            "status": "completed",
            "success": true,
            "time_max": 135.0,
            "time_min": 0.0
          },
          "nt_id": 103,
          "params": {
            "fmod0": 0.0015159009079372611,
            "kdeg": 0.04952855540552432,
            "kobs": 0.02484547662386819,
            "log_fmod0": -6.491745358055766,
            "log_fmod0_err": 0.46448891395048897,
            "log_kdeg": -3.0052058988577155,
            "log_kdeg_err": 0.08070476566597325,
            "log_kobs": -3.695079570216986,
            "log_kobs_err": 0.032529588982580154,
            "metadata": {
              "base": "C",
              "fmod_run_ids": [
                912,
                913,
                914,
                915,
                916,
                917,
                918
              ],
              "site": 24,
              "valtype": "modrate"
            }
          },
          "valtype": "modrate"
        },
        {
          "diagnostics": {
            "chisq": 9.363561192903448e-08,
            "covariance": {
              "matrix": [
                [
                  0.042585653817290944,
                  -0.018467287884031954,
                  -0.013476275096057403
                ],
                [
                  -0.018467287884031954,
                  0.34747934203508335,
                  -0.032597458688113735
                ],
                [
                  -0.013476275096057403,
                  -0.032597458688113735,
                  0.010450933290640105
                ]
              ],
              "params": [
                "log_kappa",
                "log_kdeg",
                "log_fmod_0"
              ]
            },
            "ndata": 7,
            "nfree": 4,
            "r2": 0.8574187814761809,
            "reduced_chisq": 2.340890298225862e-08,
            "status": "completed",
            "success": true,
            "time_max": 135.0,
            "time_min": 0.0
          },
          "nt_id": 104,
          "params": {
            "fmod0": 0.0013505724364296966,
            "kdeg": 0.030792641985286386,
            "kobs": 0.000802463733198559,
            "log_fmod0": -6.607226749420875,
            "log_fmod0_err": 0.10222980627312225,
            "log_kdeg": -3.480479514124553,
            "log_kdeg_err": 0.5894737840100129,
            "log_kobs": -7.127823896257244,
            "log_kobs_err": 0.2063629177378798,
            "metadata": {
              "base": "U",
              "fmod_run_ids": [
                912,
                913,
                914,
                915,
                916,
                917,
                918
              ],
              "site": 25,
              "valtype": "modrate"
            }
          },
          "valtype": "modrate"
        },
        {
          "diagnostics": {
            "chisq": 2.1208946916625583e-07,
            "covariance": {
              "matrix": [
                [
                  0.09918260538000709,
                  0.024196539454786576,
                  -0.2415448871060743
                ],
                [
                  0.024196539454786576,
                  0.5488092397465997,
                  -0.25332366763091296
                ],
                [
                  -0.2415448871060743,
                  -0.25332366763091296,
                  0.7707447864287095
                ]
              ],
              "params": [
                "log_kappa",
                "log_kdeg",
                "log_fmod_0"
              ]
            },
            "ndata": 7,
            "nfree": 4,
            "r2": 0.718310644359389,
            "reduced_chisq": 5.302236729156396e-08,
            "status": "completed",
            "success": true,
            "time_max": 135.0,
            "time_min": 0.0
          },
          "nt_id": 105,
          "params": {
            "fmod0": 0.0002590393290048473,
            "kdeg": 0.07898106482949573,
            "kobs": 0.0008027309190465918,
            "log_fmod0": -8.25853065835313,
            "log_fmod0_err": 0.8779207176213063,
            "log_kdeg": -2.53854714094691,
            "log_kdeg_err": 0.7408166033146123,
            "log_kobs": -7.127490994761308,
            "log_kobs_err": 0.3149326997629924,
            "metadata": {
              "base": "G",
              "fmod_run_ids": [
                912,
                913,
                914,
                915,
                916,
                917,
                918
              ],
              "site": 26,
              "valtype": "modrate"
            }
          },
          "valtype": "modrate"
        },
        {
          "diagnostics": {
            "chisq": 1.8752621777999252e-06,
            "covariance": {
              "matrix": [
                [
                  0.0012249398515624126,
                  0.0003182486565682523,
                  -0.17755161154253088
                ],
                [
                  0.0003182486565682523,
                  0.007130423638718623,
                  -0.2361257125129114
                ],
                [
                  -0.17755161154253088,
                  -0.2361257125129114,
                  36.37694176833994
                ]
              ],
              "params": [
                "log_kappa",
                "log_kdeg",
                "log_fmod_0"
              ]
            },
            "ndata": 7,
            "nfree": 4,
            "r2": 0.9952899758055075,
            "reduced_chisq": 4.688155444499813e-07,
            "status": "completed",
            "success": true,
            "time_max": 135.0,
            "time_min": 0.0
          },
          "nt_id": 106,
          "params": {
            "fmod0": 0.00011014252928163323,
            "kdeg": 0.05679823856570666,
            "kobs": 0.0216278122994582,
            "log_fmod0": -9.113735310151437,
            "log_fmod0_err": 6.031330016533662,
            "log_kdeg": -2.8682499649030238,
            "log_kdeg_err": 0.08444183583223794,
            "log_kobs": -3.833775186089912,
            "log_kobs_err": 0.03499914072605801,
            "metadata": {
              "base": "A",
              "fmod_run_ids": [
                912,
                913,
                914,
                915,
                916,
                917,
                918
              ],
              "site": 27,
              "valtype": "modrate"
            }
          },
          "valtype": "modrate"
        },
        {
          "diagnostics": {
            "chisq": 7.644523716645883e-08,
            "covariance": {
              "matrix": [
                [
                  0.055769985397098466,
                  0.015177433771052752,
                  -0.08183370196986971
                ],
                [
                  0.015177433771052752,
                  0.3304096836746798,
                  -0.11031007237507036
                ],
                [
                  -0.08183370196986971,
                  -0.11031007237507036,
                  0.1695759988356025
                ]
              ],
              "params": [
                "log_kappa",
                "log_kdeg",
                "log_fmod_0"
              ]
            },
            "ndata": 7,
            "nfree": 4,
            "r2": 0.8195648042063555,
            "reduced_chisq": 1.9111309291614707e-08,
            "status": "completed",
            "success": true,
            "time_max": 135.0,
            "time_min": 0.0
          },
          "nt_id": 107,
          "params": {
            "fmod0": 0.00032564058499766086,
            "kdeg": 0.05719452366447834,
            "kobs": 0.0006333233479310245,
            "log_fmod0": -8.029716284804943,
            "log_fmod0_err": 0.41179606461888696,
            "log_kdeg": -2.8612971253112613,
            "log_kdeg_err": 0.5748127379196462,
            "log_kobs": -7.3645294480268415,
            "log_kobs_err": 0.23615669670178416,
            "metadata": {
              "base": "G",
              "fmod_run_ids": [
                912,
                913,
                914,
                915,
                916,
                917,
                918
              ],
              "site": 28,
              "valtype": "modrate"
            }
          },
          "valtype": "modrate"
        },
        {
          "diagnostics": {
            "chisq": 5.841815433242255e-06,
            "covariance": {
              "matrix": [
                [
                  0.0018825845985818608,
                  0.000449787569358586,
                  -0.040871495141202765
                ],
                [
                  0.000449787569358586,
                  0.011155007459358912,
                  -0.05677992872040769
                ],
                [
                  -0.040871495141202765,
                  -0.05677992872040769,
                  1.284213722007132
                ]
              ],
              "params": [
                "log_kappa",
                "log_kdeg",
                "log_fmod_0"
              ]
            },
            "ndata": 7,
            "nfree": 4,
            "r2": 0.9928367929731413,
            "reduced_chisq": 1.4604538583105637e-06,
            "status": "completed",
            "success": true,
            "time_max": 135.0,
            "time_min": 0.0
          },
          "nt_id": 108,
          "params": {
            "fmod0": 0.0010295604866523591,
            "kdeg": 0.05315069637374042,
            "kobs": 0.03098091904534985,
            "log_fmod0": -6.878623279796061,
            "log_fmod0_err": 1.1332315394512862,
            "log_kdeg": -2.9346240722340955,
            "log_kdeg_err": 0.10561726875544032,
            "log_kobs": -3.4743837786700436,
            "log_kobs_err": 0.04338876120128184,
            "metadata": {
              "base": "C",
              "fmod_run_ids": [
                912,
                913,
                914,
                915,
                916,
                917,
                918
              ],
              "site": 29,
              "valtype": "modrate"
            }
          },
          "valtype": "modrate"
        },
        {
          "diagnostics": {
            "chisq": 1.2403702112031485e-07,
            "covariance": {
              "matrix": [
                [
                  0.02434177941030612,
                  -0.010512317033832782,
                  -0.008592721731773624
                ],
                [
                  -0.010512317033832782,
                  0.19847043537226822,
                  -0.02075785911235369
                ],
                [
                  -0.008592721731773624,
                  -0.02075785911235369,
                  0.0074221723749056
                ]
              ],
              "params": [
                "log_kappa",
                "log_kdeg",
                "log_fmod_0"
              ]
            },
            "ndata": 7,
            "nfree": 4,
            "r2": 0.9132217958724089,
            "reduced_chisq": 3.100925528007871e-08,
            "status": "completed",
            "success": true,
            "time_max": 135.0,
            "time_min": 0.0
          },
          "nt_id": 109,
          "params": {
            "fmod0": 0.0018447454625642448,
            "kdeg": 0.030818433775948905,
            "kobs": 0.0012219946416768403,
            "log_fmod0": -6.295413971676881,
            "log_fmod0_err": 0.08615203059072722,
            "log_kdeg": -3.4796422688127167,
            "log_kdeg_err": 0.44550020804963514,
            "log_kobs": -6.707270803122183,
            "log_kobs_err": 0.15601852265133817,
            "metadata": {
              "base": "U",
              "fmod_run_ids": [
                912,
                913,
                914,
                915,
                916,
                917,
                918
              ],
              "site": 30,
              "valtype": "modrate"
            }
          },
          "valtype": "modrate"
        },
        {
          "diagnostics": {
            "chisq": 8.446549487794956e-08,
            "covariance": {
              "matrix": [
                [
                  0.04013190945460318,
                  0.011216119882369776,
                  -0.020692040271977845
                ],
                [
                  0.011216119882369776,
                  0.2316103253108534,
                  -0.0263215053457347
                ],
                [
                  -0.020692040271977845,
                  -0.0263215053457347,
                  0.014727117959898136
                ]
              ],
              "params": [
                "log_kappa",
                "log_kdeg",
                "log_fmod_0"
              ]
            },
            "ndata": 7,
            "nfree": 4,
            "r2": 0.8633835602934544,
            "reduced_chisq": 2.111637371948739e-08,
            "status": "completed",
            "success": true,
            "time_max": 135.0,
            "time_min": 0.0
          },
          "nt_id": 110,
          "params": {
            "fmod0": 0.001167759206232774,
            "kdeg": 0.061606476181927015,
            "kobs": 0.000788083596654304,
            "log_fmod0": -6.752668574877082,
            "log_fmod0_err": 0.12135533758305869,
            "log_kdeg": -2.7869882811452404,
            "log_kdeg_err": 0.4812591041329539,
            "log_kobs": -7.145906386608485,
            "log_kobs_err": 0.2003295022072465,
            "metadata": {
              "base": "U",
              "fmod_run_ids": [
                912,
                913,
                914,
                915,
                916,
                917,
                918
              ],
              "site": 31,
              "valtype": "modrate"
            }
          },
          "valtype": "modrate"
        },
        {
          "diagnostics": {
            "chisq": 5.443517546774946e-08,
            "covariance": {
              "matrix": [
                [
                  0.03293417577189474,
                  -0.017531495685425013,
                  -0.02052752910234814
                ],
                [
                  -0.017531495685425013,
                  0.2738241953542843,
                  -0.05245774467062218
                ],
                [
                  -0.02052752910234814,
                  -0.05245774467062218,
                  0.034017558035678304
                ]
              ],
              "params": [
                "log_kappa",
                "log_kdeg",
                "log_fmod_0"
              ]
            },
            "ndata": 7,
            "nfree": 4,
            "r2": 0.8871823863998594,
            "reduced_chisq": 1.3608793866937364e-08,
            "status": "completed",
            "success": true,
            "time_max": 135.0,
            "time_min": 0.0
          },
          "nt_id": 111,
          "params": {
            "fmod0": 0.0005676542547325517,
            "kdeg": 0.02962281633284779,
            "kobs": 0.0007012243925689829,
            "log_fmod0": -7.473998031036888,
            "log_fmod0_err": 0.18443849390969963,
            "log_kdeg": -3.519210392527197,
            "log_kdeg_err": 0.5232821374309315,
            "log_kobs": -7.262682618629799,
            "log_kobs_err": 0.18147775558424437,
            "metadata": {
              "base": "G",
              "fmod_run_ids": [
                912,
                913,
                914,
                915,
                916,
                917,
                918
              ],
              "site": 32,
              "valtype": "modrate"
            }
          },
          "valtype": "modrate"
        },
        {
          "diagnostics": {
            "chisq": 2.8177163769131834e-08,
            "covariance": {
              "matrix": [
                [
                  0.03975350024642343,
                  -0.0489117885052083,
                  -0.00866291995150616
                ],
                [
                  -0.0489117885052083,
                  0.35126544806483123,
                  -0.0346761753647569
                ],
                [
                  -0.00866291995150616,
                  -0.0346761753647569,
                  0.011035178924765698
                ]
              ],
              "params": [
                "log_kappa",
                "log_kdeg",
                "log_fmod_0"
              ]
            },
            "ndata": 7,
            "nfree": 4,
            "r2": 0.8836149060706648,
            "reduced_chisq": 7.0442909422829584e-09,
            "status": "completed",
            "success": true,
            "time_max": 135.0,
            "time_min": 0.0
          },
          "nt_id": 112,
          "params": {
            "fmod0": 0.0006944153583677077,
            "kdeg": 0.023474688759269693,
            "kobs": 0.0005073598160373435,
            "log_fmod0": -7.272440277397704,
            "log_fmod0_err": 0.1050484598876428,
            "log_kdeg": -3.751832512366771,
            "log_kdeg_err": 0.5926765121588937,
            "log_kobs": -7.58629010976232,
            "log_kobs_err": 0.19938279827112323,
            "metadata": {
              "base": "G",
              "fmod_run_ids": [
                912,
                913,
                914,
                915,
                916,
                917,
                918
              ],
              "site": 33,
              "valtype": "modrate"
            }
          },
          "valtype": "modrate"
        },
        {
          "diagnostics": {
            "chisq": 1.2103023937012368e-07,
            "covariance": {
              "matrix": [
                [
                  0.05671495717716782,
                  0.0158438476471043,
                  -0.06326121033238193
                ],
                [
                  0.0158438476471043,
                  0.3232391406555714,
                  -0.07785668340263956
                ],
                [
                  -0.06326121033238193,
                  -0.07785668340263956,
                  0.09631316195429863
                ]
              ],
              "params": [
                "log_kappa",
                "log_kdeg",
                "log_fmod_0"
              ]
            },
            "ndata": 7,
            "nfree": 4,
            "r2": 0.8172740748460987,
            "reduced_chisq": 3.025755984253092e-08,
            "status": "completed",
            "success": true,
            "time_max": 135.0,
            "time_min": 0.0
          },
          "nt_id": 113,
          "params": {
            "fmod0": 0.0005480653307185742,
            "kdeg": 0.06429144859394646,
            "kobs": 0.000795276445024523,
            "log_fmod0": -7.509116061482263,
            "log_fmod0_err": 0.3103436191615652,
            "log_kdeg": -2.7443286489009213,
            "log_kdeg_err": 0.5685412391863685,
            "log_kobs": -7.13682077416327,
            "log_kobs_err": 0.2381490230447478,
            "metadata": {
              "base": "G",
              "fmod_run_ids": [
                912,
                913,
                914,
                915,
                916,
                917,
                918
              ],
              "site": 34,
              "valtype": "modrate"
            }
          },
          "valtype": "modrate"
        },
        {
          "diagnostics": {
            "chisq": 2.6767931929864417e-06,
            "covariance": {
              "matrix": [
                [
                  0.0017985551055963995,
                  0.00048180770889632907,
                  -0.012692661827935834
                ],
                [
                  0.00048180770889632907,
                  0.010186561652122417,
                  -0.015864694814563072
                ],
                [
                  -0.012692661827935834,
                  -0.015864694814563072,
                  0.12355954499403926
                ]
              ],
              "params": [
                "log_kappa",
                "log_kdeg",
                "log_fmod_0"
              ]
            },
            "ndata": 7,
            "nfree": 4,
            "r2": 0.9931045761563055,
            "reduced_chisq": 6.691982982466104e-07,
            "status": "completed",
            "success": true,
            "time_max": 135.0,
            "time_min": 0.0
          },
          "nt_id": 114,
          "params": {
            "fmod0": 0.002270762173468455,
            "kdeg": 0.06152150634516945,
            "kobs": 0.021410652185572556,
            "log_fmod0": -6.08763974460614,
            "log_fmod0_err": 0.3515103767942552,
            "log_kdeg": -2.7883684686298724,
            "log_kdeg_err": 0.10092849772052696,
            "log_kobs": -3.843866715117612,
            "log_kobs_err": 0.04240937520874835,
            "metadata": {
              "base": "A",
              "fmod_run_ids": [
                912,
                913,
                914,
                915,
                916,
                917,
                918
              ],
              "site": 35,
              "valtype": "modrate"
            }
          },
          "valtype": "modrate"
        },
        {
          "diagnostics": {
            "chisq": 7.881412862635452e-08,
            "covariance": {
              "matrix": [
                [
                  0.03900250138014469,
                  0.010112247709976279,
                  -0.0372507551485554
                ],
                [
                  0.010112247709976279,
                  0.23630268551421696,
                  -0.05243890517759791
                ],
                [
                  -0.0372507551485554,
                  -0.05243890517759791,
                  0.05126189137789444
                ]
              ],
              "params": [
                "log_kappa",
                "log_kdeg",
                "log_fmod_0"
              ]
            },
            "ndata": 7,
            "nfree": 4,
            "r2": 0.8664274686915043,
            "reduced_chisq": 1.970353215658863e-08,
            "status": "completed",
            "success": true,
            "time_max": 135.0,
            "time_min": 0.0
          },
          "nt_id": 115,
          "params": {
            "fmod0": 0.0005986955914279011,
            "kdeg": 0.05409136380857274,
            "kobs": 0.0007666236601959346,
            "log_fmod0": -7.420757283634655,
            "log_fmod0_err": 0.22641089059030364,
            "log_kdeg": -2.9170807397251703,
            "log_kdeg_err": 0.486109746368263,
            "log_kobs": -7.173514541685155,
            "log_kobs_err": 0.1974905095951314,
            "metadata": {
              "base": "G",
              "fmod_run_ids": [
                912,
                913,
                914,
                915,
                916,
                917,
                918
              ],
              "site": 36,
              "valtype": "modrate"
            }
          },
          "valtype": "modrate"
        },
        {
          "diagnostics": {
            "chisq": 7.429320621379132e-06,
            "covariance": {
              "matrix": [
                [
                  0.0020382068235001386,
                  0.0005123548444177191,
                  -0.1069229291609665
                ],
                [
                  0.0005123548444177191,
                  0.011775487187384371,
                  -0.1418584094528004
                ],
                [
                  -0.1069229291609665,
                  -0.1418584094528004,
                  7.951639964660369
                ]
              ],
              "params": [
                "log_kappa",
                "log_kdeg",
                "log_fmod_0"
              ]
            },
            "ndata": 7,
            "nfree": 4,
            "r2": 0.9922821298204385,
            "reduced_chisq": 1.857330155344783e-06,
            "status": "completed",
            "success": true,
            "time_max": 135.0,
            "time_min": 0.0
          },
          "nt_id": 116,
          "params": {
            "fmod0": 0.0004687437062798192,
            "kdeg": 0.05617602769918511,
            "kobs": 0.033779736121238205,
            "log_fmod0": -7.6654544073728434,
            "log_fmod0_err": 2.819865238741094,
            "log_kdeg": -2.8792651664775524,
            "log_kdeg_err": 0.10851491688880553,
            "log_kobs": -3.3878941793192525,
            "log_kobs_err": 0.045146504000865215,
            "metadata": {
              "base": "C",
              "fmod_run_ids": [
                912,
                913,
                914,
                915,
                916,
                917,
                918
              ],
              "site": 37,
              "valtype": "modrate"
            }
          },
          "valtype": "modrate"
        },
        {
          "diagnostics": {
            "chisq": 5.54134743632611e-08,
            "covariance": {
              "matrix": [
                [
                  0.027760462334321164,
                  -0.003892267325545993,
                  -0.012799590228149652
                ],
                [
